      0.00      0.00
     10.00      0.00
     20.00      0.00
     30.00      0.00
     40.00      0.00
     50.00      0.00
     60.00      0.00
     70.00      0.00
     80.00      0.00
     90.00      0.00
    100.00      0.00
    110.00      0.00
    120.00      0.00
    130.00      0.00
    140.00      0.00
    150.00      0.00
    160.00      0.00
    170.00      0.00
    180.00      0.00
    190.00      0.00
    200.00      0.00
    210.00      0.00
    220.00      0.00
    230.00      0.00
    240.00      0.00
    250.00      0.00
    260.00      0.00
    270.00      0.00
    280.00      0.00
    290.00      0.00
    300.00      0.00
    310.00      0.00
    320.00      0.00
    330.00      0.00
    340.00      0.00
    350.00      0.00
    360.00      0.00
    370.00      0.00
    380.00      0.00
    390.00      0.00
    400.00      0.00
    410.00      0.00
    420.00      0.00
    430.00      0.00
    440.00      0.00
    450.00      0.00
    460.00      0.00
    470.00      0.00
    480.00      0.00
    490.00      0.00
    500.00      0.00
    510.00      0.00
    520.00      0.00
    530.00      0.00
    540.00      0.00
    550.00      0.00
    560.00      0.00
    570.00      0.00
    580.00      0.00
    590.00      0.00
    600.00      0.00
    610.00      0.00
    620.00      0.00
    630.00      0.00
    640.00      0.00
    650.00      0.00
    660.00      0.00
    670.00      0.00
    680.00      0.00
    690.00      0.00
    700.00      0.00
    710.00      0.00
    720.00      0.00
    730.00      0.00
    740.00      0.00
    750.00      0.00
    760.00      0.00
    770.00      0.00
    780.00      0.00
    790.00      0.00
    800.00      0.00
    810.00      0.00
    820.00      0.00
    830.00      0.00
    840.00      0.00
    850.00      0.00
    860.00      0.00
    870.00      0.00
    880.00      0.00
    890.00      0.00
    900.00      0.00
    910.00      0.00
    920.00      0.00
    930.00      0.00
    940.00      0.00
    950.00      0.00
    960.00      0.00
    970.00      0.00
    980.00      0.00
    990.00      0.00
   1000.00      0.00
   1010.00      0.00
   1020.00      0.00
   1030.00      0.00
   1040.00      0.00
   1050.00      0.00
   1060.00      0.00
   1070.00      0.00
   1080.00      0.00
   1090.00      0.00
   1100.00      0.00
   1110.00      0.00
   1120.00      0.00
   1130.00      0.00
   1140.00      0.00
   1150.00      0.00
   1160.00      0.00
   1170.00      0.00
   1180.00      0.00
   1190.00      0.00
   1200.00      0.00
   1210.00      0.00
   1220.00      0.00
   1230.00      0.00
   1240.00      0.00
   1250.00      0.00
   1260.00      0.00
   1270.00      0.00
   1280.00      0.00
   1290.00      0.00
   1300.00      0.00
   1310.00      0.00
   1320.00      0.00
   1330.00      0.00
   1340.00      0.00
   1350.00      0.00
   1360.00      0.00
   1370.00      0.00
   1380.00      0.00
   1390.00      0.00
   1400.00      0.00
   1410.00      0.00
   1420.00      0.00
   1430.00      0.00
   1440.00      0.00
   1450.00      0.00
   1460.00      0.00
   1470.00      0.00
   1480.00      0.00
   1490.00      0.00
   1500.00      0.00
   1510.00      0.00
   1520.00      0.00
   1530.00      0.00
   1540.00      0.00
   1550.00      0.00
   1560.00      0.00
   1570.00      0.00
   1580.00      0.00
   1590.00      0.00
   1600.00      0.00
   1610.00      0.00
   1620.00      0.00
   1630.00      0.00
   1640.00      0.00
   1650.00      0.00
   1660.00      0.00
   1670.00      0.00
   1680.00      0.00
   1690.00      0.00
   1700.00      0.00
   1710.00      0.00
   1720.00      0.00
   1730.00      0.00
   1740.00      0.00
   1750.00      0.00
   1760.00      0.00
   1770.00      0.00
   1780.00      0.00
   1790.00      0.00
   1800.00      0.00
   1810.00      0.00
   1820.00      0.00
   1830.00      0.00
   1840.00      0.00
   1850.00      0.00
   1860.00      0.00
   1870.00      0.00
   1880.00      0.00
   1890.00      0.00
   1900.00      0.00
   1910.00      0.00
   1920.00      0.00
   1930.00      0.00
   1940.00      0.00
   1950.00      0.00
   1960.00      0.00
   1970.00      0.00
   1980.00      0.00
   1990.00      0.00
   2000.00      0.00
   2010.00      0.00
   2020.00      0.00
   2030.00      0.00
   2040.00      0.00
   2050.00      0.00
   2060.00      0.00
   2070.00      0.00
   2080.00      0.00
   2090.00      0.00
   2100.00      0.00
   2110.00      0.00
   2120.00      0.00
   2130.00      0.00
   2140.00      0.00
   2150.00      0.00
   2160.00      0.00
   2170.00      0.00
   2180.00      0.00
   2190.00      0.00
   2200.00      0.00
   2210.00      0.00
   2220.00      0.00
   2230.00      0.00
   2240.00      0.00
   2250.00      0.00
   2260.00      0.00
   2270.00      0.00
   2280.00      0.00
   2290.00      0.00
   2300.00      0.00
   2310.00      0.00
   2320.00      0.00
   2330.00      0.00
   2340.00      0.00
   2350.00      0.00
   2360.00      0.00
   2370.00      0.00
   2380.00      0.00
   2390.00      0.00
   2400.00      0.00
   2410.00      0.00
   2420.00      0.00
   2430.00      0.00
   2440.00      0.00
   2450.00      0.00
   2460.00      0.00
   2470.00      0.00
   2480.00      0.00
   2490.00      0.00
   2500.00      0.00
   2510.00      0.00
   2520.00      0.00
   2530.00      0.00
   2540.00      0.00
   2550.00      0.00
   2560.00      0.00
   2570.00      0.00
   2580.00      0.00
   2590.00      0.00
   2600.00      0.00
   2610.00      0.00
   2620.00      0.00
   2630.00      0.00
   2640.00      0.00
   2650.00      0.00
   2660.00      0.00
   2670.00      0.00
   2680.00      0.00
   2690.00      0.00
   2700.00      0.00
   2710.00      0.00
   2720.00      0.00
   2730.00      0.00
   2740.00      0.00
   2750.00      0.00
   2760.00      0.00
   2770.00      0.00
   2780.00      0.00
   2790.00      0.00
   2800.00      0.00
   2810.00      0.00
   2820.00      0.00
   2830.00      0.00
   2840.00      0.00
   2850.00      0.00
   2860.00      0.00
   2870.00      0.00
   2880.00      0.00
   2890.00      0.00
   2900.00      0.00
   2910.00      0.00
   2920.00      0.00
   2930.00      0.00
   2940.00      0.00
   2950.00      0.00
   2960.00      0.00
   2970.00      0.00
   2980.00      0.00
   2990.00      0.00
   3000.00      0.00
   3010.00      0.00
   3020.00      0.00
   3030.00      0.00
   3040.00      0.00
   3050.00      0.00
   3060.00      0.00
   3070.00      0.00
   3080.00      0.00
   3090.00      0.00
   3100.00      0.00
   3110.00      0.00
   3120.00      0.00
   3130.00      0.00
   3140.00      0.00
   3150.00      0.00
   3160.00      0.00
   3170.00      0.00
   3180.00      0.00
   3190.00      0.00
   3200.00      0.00
   3210.00      0.00
   3220.00      0.00
   3230.00      0.00
   3240.00      0.00
   3250.00      0.00
   3260.00      0.00
   3270.00      0.00
   3280.00      0.00
   3290.00      0.00
   3300.00      0.00
   3310.00      0.00
   3320.00      0.00
   3330.00      0.00
   3340.00      0.00
   3350.00      0.00
   3360.00      0.00
   3370.00      0.00
   3380.00      0.00
   3390.00      0.00
   3400.00      0.00
   3410.00      0.00
   3420.00      0.00
   3430.00      0.00
   3440.00      0.00
   3450.00      0.00
   3460.00      0.00
   3470.00      0.00
   3480.00      0.00
   3490.00      0.00
   3500.00      0.00
   3510.00      0.00
   3520.00      0.00
   3530.00      0.00
   3540.00      0.00
   3550.00      0.00
   3560.00      0.00
   3570.00      0.00
   3580.00      0.00
   3590.00      0.00
   3600.00      0.00
   3610.00      0.00
   3620.00      0.00
   3630.00      0.00
   3640.00      0.00
   3650.00      0.00
   3660.00      0.00
   3670.00      0.00
   3680.00      0.00
   3690.00      0.00
   3700.00      0.00
   3710.00      0.00
   3720.00      0.00
   3730.00      0.00
   3740.00      0.00
   3750.00      0.00
   3760.00      0.00
   3770.00      0.00
   3780.00      0.00
   3790.00      0.00
   3800.00      0.00
   3810.00      0.00
   3820.00      0.00
   3830.00      0.00
   3840.00      0.00
   3850.00      0.00
   3860.00      0.00
   3870.00      0.00
   3880.00      0.00
   3890.00      0.00
   3900.00      0.00
   3910.00      0.00
   3920.00      0.00
   3930.00      0.00
   3940.00      0.00
   3950.00      0.00
   3960.00      0.00
   3970.00      0.00
   3980.00      0.00
   3990.00      0.00
   4000.00      0.00
   4010.00      0.00
   4020.00      0.00
   4030.00      0.00
   4040.00      0.00
   4050.00      0.00
   4060.00      0.00
   4070.00      0.00
   4080.00      0.00
   4090.00      0.00
   4100.00      0.00
   4110.00      0.00
   4120.00      0.00
   4130.00      0.00
   4140.00      0.00
   4150.00      0.00
   4160.00      0.00
   4170.00      0.00
   4180.00      0.00
   4190.00      0.00
   4200.00      0.00
   4210.00      0.00
   4220.00      0.00
   4230.00      0.00
   4240.00      0.00
   4250.00      0.00
   4260.00      0.00
   4270.00      0.00
   4280.00      0.00
   4290.00      0.00
   4300.00      0.00
   4310.00      0.00
   4320.00      0.00
   4330.00      0.00
   4340.00      0.00
   4350.00      0.00
   4360.00      0.00
   4370.00      0.00
   4380.00      0.00
   4390.00      0.00
   4400.00      0.00
   4410.00      0.00
   4420.00      0.00
   4430.00      0.00
   4440.00      0.00
   4450.00      0.00
   4460.00      0.00
   4470.00      0.00
   4480.00      0.00
   4490.00      0.00
   4500.00      0.00
   4510.00      0.00
   4520.00      0.00
   4530.00      0.00
   4540.00      0.00
   4550.00      0.00
   4560.00      0.00
   4570.00      0.00
   4580.00      0.00
   4590.00      0.00
   4600.00      0.00
   4610.00      0.00
   4620.00      0.00
   4630.00      0.00
   4640.00      0.00
   4650.00      0.00
   4660.00      0.00
   4670.00      0.00
   4680.00      0.00
   4690.00      0.00
   4700.00      0.00
   4710.00      0.00
   4720.00      0.00
   4730.00      0.00
   4740.00      0.00
   4750.00      0.00
   4760.00      0.00
   4770.00      0.00
   4780.00      0.00
   4790.00      0.00
   4800.00      0.00
   4810.00      0.00
   4820.00      0.00
   4830.00      0.00
   4840.00      0.00
   4850.00      0.00
   4860.00      0.00
   4870.00      0.00
   4880.00      0.00
   4890.00      0.00
   4900.00      0.00
   4910.00      0.00
   4920.00      0.00
   4930.00      0.00
   4940.00      0.00
   4950.00      0.00
   4960.00      0.00
   4970.00      0.00
   4980.00      0.00
   4990.00      0.00
   5000.00      0.00
   5010.00      0.00
   5020.00      0.00
   5030.00      0.00
   5040.00      0.00
   5050.00      0.00
   5060.00      0.00
   5070.00      0.00
   5080.00      0.00
   5090.00      0.00
   5100.00      0.00
   5110.00      0.00
   5120.00      0.00
   5130.00      0.00
   5140.00      0.00
   5150.00      0.00
   5160.00      0.00
   5170.00      0.00
   5180.00      0.00
   5190.00      0.00
   5200.00      0.00
   5210.00      0.00
   5220.00      0.00
   5230.00      0.00
   5240.00      0.00
   5250.00      0.00
   5260.00      0.00
   5270.00      0.00
   5280.00      0.00
   5290.00      0.00
   5300.00      0.00
   5310.00      0.00
   5320.00      0.00
   5330.00      0.00
   5340.00      0.00
   5350.00      0.00
   5360.00      0.00
   5370.00      0.00
   5380.00      0.00
   5390.00      0.00
   5400.00      0.00
   5410.00      0.00
   5420.00      0.00
   5430.00      0.00
   5440.00      0.00
   5450.00      0.00
   5460.00      0.00
   5470.00      0.00
   5480.00      0.00
   5490.00      0.00
   5500.00      0.00
   5510.00      0.00
   5520.00      0.00
   5530.00      0.00
   5540.00      0.00
   5550.00      0.00
   5560.00      0.00
   5570.00      0.00
   5580.00      0.00
   5590.00      0.00
   5600.00      0.00
   5610.00      0.00
   5620.00      0.00
   5630.00      0.00
   5640.00      0.00
   5650.00      0.00
   5660.00      0.00
   5670.00      0.00
   5680.00      0.00
   5690.00      0.00
   5700.00      0.00
   5710.00      0.00
   5720.00      0.00
   5730.00      0.00
   5740.00      0.00
   5750.00      0.00
   5760.00      0.00
   5770.00      0.00
   5780.00      0.00
   5790.00      0.00
   5800.00      0.00
   5810.00      0.00
   5820.00      0.00
   5830.00      0.00
   5840.00      0.00
   5850.00      0.00
   5860.00      0.00
   5870.00      0.00
   5880.00      0.00
   5890.00      0.00
   5900.00      0.00
   5910.00      0.00
   5920.00      0.00
   5930.00      0.00
   5940.00      0.00
   5950.00      0.00
   5960.00      0.00
   5970.00      0.00
   5980.00      0.00
   5990.00      0.00
   6000.00      0.00
   6010.00      0.00
   6020.00      0.00
   6030.00      0.00
   6040.00      0.00
   6050.00      0.00
   6060.00      0.00
   6070.00      0.00
   6080.00      0.00
   6090.00      0.00
   6100.00      0.00
   6110.00      0.00
   6120.00      0.00
   6130.00      0.00
   6140.00      0.00
   6150.00      0.00
   6160.00      0.00
   6170.00      0.00
   6180.00      0.00
   6190.00      0.00
   6200.00      0.00
   6210.00      0.00
   6220.00      0.00
   6230.00      0.00
   6240.00      0.00
   6250.00      0.00
   6260.00      0.00
   6270.00      0.00
   6280.00      0.00
   6290.00      0.00
   6300.00      0.00
   6310.00      0.00
   6320.00      0.00
   6330.00      0.00
   6340.00      0.00
   6350.00      0.00
   6360.00      0.00
   6370.00      0.00
   6380.00      0.00
   6390.00      0.00
   6400.00      0.00
   6410.00      0.00
   6420.00      0.00
   6430.00      0.00
   6440.00      0.00
   6450.00      0.00
   6460.00      0.00
   6470.00      0.00
   6480.00      0.00
   6490.00      0.00
   6500.00      0.00
   6510.00      0.00
   6520.00      0.00
   6530.00      0.00
   6540.00      0.00
   6550.00      0.00
   6560.00      0.00
   6570.00      0.00
   6580.00      0.00
   6590.00      0.00
   6600.00      0.00
   6610.00      0.00
   6620.00      0.00
   6630.00      0.00
   6640.00      0.00
   6650.00      0.00
   6660.00      0.00
   6670.00      0.00
   6680.00      0.00
   6690.00      0.00
   6700.00      0.00
   6710.00      0.00
   6720.00      0.00
   6730.00      0.00
   6740.00      0.00
   6750.00      0.00
   6760.00      0.00
   6770.00      0.00
   6780.00      0.00
   6790.00      0.00
   6800.00      0.00
   6810.00      0.00
   6820.00      0.00
   6830.00      0.00
   6840.00      0.00
   6850.00      0.00
   6860.00      0.00
   6870.00      0.00
   6880.00      0.00
   6890.00      0.00
   6900.00      0.00
   6910.00      0.00
   6920.00      0.00
   6930.00      0.00
   6940.00      0.00
   6950.00      0.00
   6960.00      0.00
   6970.00      0.00
   6980.00      0.00
   6990.00      0.00
   7000.00      0.00
   7010.00      0.00
   7020.00      0.00
   7030.00      0.00
   7040.00      0.00
   7050.00      0.00
   7060.00      0.00
   7070.00      0.00
   7080.00      0.00
   7090.00      0.00
   7100.00      0.00
   7110.00      0.00
   7120.00      0.00
   7130.00      0.00
   7140.00      0.00
   7150.00      0.00
   7160.00      0.00
   7170.00      0.00
   7180.00      0.00
   7190.00      0.00
   7200.00      0.00
   7210.00      0.00
   7220.00      0.00
   7230.00      0.00
   7240.00      0.00
   7250.00      0.00
   7260.00      0.00
   7270.00      0.00
   7280.00      0.00
   7290.00      0.00
   7300.00      0.00
   7310.00      0.00
   7320.00      0.00
   7330.00      0.00
   7340.00      0.00
   7350.00      0.00
   7360.00      0.00
   7370.00      0.00
   7380.00      0.00
   7390.00      0.00
   7400.00      0.00
   7410.00      0.00
   7420.00      0.00
   7430.00      0.00
   7440.00      0.00
   7450.00      0.00
   7460.00      0.00
   7470.00      0.00
   7480.00      0.00
   7490.00      0.00
   7500.00      0.00
   7510.00      0.00
   7520.00      0.00
   7530.00      0.00
   7540.00      0.00
   7550.00      0.00
   7560.00      0.00
   7570.00      0.00
   7580.00      0.00
   7590.00      0.00
   7600.00      0.00
   7610.00      0.00
   7620.00      0.00
   7630.00      0.00
   7640.00      0.00
   7650.00      0.00
   7660.00      0.00
   7670.00      0.00
   7680.00      0.00
   7690.00      0.00
   7700.00      0.00
   7710.00      0.00
   7720.00      0.00
   7730.00      0.00
   7740.00      0.00
   7750.00      0.00
   7760.00      0.00
   7770.00      0.00
   7780.00      0.00
   7790.00      0.00
   7800.00      0.00
   7810.00      0.00
   7820.00      0.00
   7830.00      0.00
   7840.00      0.00
   7850.00      0.00
   7860.00      0.00
   7870.00      0.00
   7880.00      0.00
   7890.00      0.00
   7900.00      0.00
   7910.00      0.00
   7920.00      0.00
   7930.00      0.00
   7940.00      0.00
   7950.00      0.00
   7960.00      0.00
   7970.00      0.00
   7980.00      0.00
   7990.00      0.00
   8000.00      0.00
   8010.00      0.00
   8020.00      0.00
   8030.00      0.00
   8040.00      0.00
   8050.00      0.00
   8060.00      0.00
   8070.00      0.00
   8080.00      0.00
   8090.00      0.00
   8100.00      0.00
   8110.00      0.00
   8120.00      0.00
   8130.00      0.00
   8140.00      0.00
   8150.00      0.00
   8160.00      0.00
   8170.00      0.00
   8180.00      0.00
   8190.00      0.00
   8200.00      0.00
   8210.00      0.00
   8220.00      0.00
   8230.00      0.00
   8240.00      0.00
   8250.00      0.00
   8260.00      0.00
   8270.00      0.00
   8280.00      0.00
   8290.00      0.00
   8300.00      0.00
   8310.00      0.00
   8320.00      0.00
   8330.00      0.00
   8340.00      0.00
   8350.00      0.00
   8360.00      0.00
   8370.00      0.00
   8380.00      0.00
   8390.00      0.00
   8400.00      0.00
   8410.00      0.00
   8420.00      0.00
   8430.00      0.00
   8440.00      0.00
   8450.00      0.00
   8460.00      0.00
   8470.00      0.00
   8480.00      0.00
   8490.00      0.00
   8500.00      0.00
   8510.00      0.00
   8520.00      0.00
   8530.00      0.00
   8540.00      0.00
   8550.00      0.00
   8560.00      0.00
   8570.00      0.00
   8580.00      0.00
   8590.00      0.00
   8600.00      0.00
   8610.00      0.00
   8620.00      0.00
   8630.00      0.00
   8640.00      0.00
   8650.00      0.00
   8660.00      0.00
   8670.00      0.00
   8680.00      0.00
   8690.00      0.00
   8700.00      0.00
   8710.00      0.00
   8720.00      0.00
   8730.00      0.00
   8740.00      0.00
   8750.00      0.00
   8760.00      0.00
   8770.00      0.00
   8780.00      0.00
   8790.00      0.00
   8800.00      0.00
   8810.00      0.00
   8820.00      0.00
   8830.00      0.00
   8840.00      0.00
   8850.00      0.00
   8860.00      0.00
   8870.00      0.00
   8880.00      0.00
   8890.00      0.00
   8900.00      0.00
   8910.00      0.00
   8920.00      0.00
   8930.00      0.00
   8940.00      0.00
   8950.00      0.00
   8960.00      0.00
   8970.00      0.00
   8980.00      0.00
   8990.00      0.00
   9000.00      0.00
   9010.00      0.00
   9020.00      0.00
   9030.00      0.00
   9040.00      0.00
   9050.00      0.00
   9060.00      0.00
   9070.00      0.00
   9080.00      0.00
   9090.00      0.00
   9100.00      0.00
   9110.00      0.00
   9120.00      0.00
   9130.00      0.00
   9140.00      0.00
   9150.00      0.00
   9160.00      0.00
   9170.00      0.00
   9180.00      0.00
   9190.00      0.00
   9200.00      0.00
   9210.00      0.00
   9220.00      0.00
   9230.00      0.00
   9240.00      0.00
   9250.00      0.00
   9260.00      0.00
   9270.00      0.00
   9280.00      0.00
   9290.00      0.00
   9300.00      0.00
   9310.00      0.00
   9320.00      0.00
   9330.00      0.00
   9340.00      0.00
   9350.00      0.00
   9360.00      0.00
   9370.00      0.00
   9380.00      0.00
   9390.00      0.00
   9400.00      0.00
   9410.00      0.00
   9420.00      0.00
   9430.00      0.00
   9440.00      0.00
   9450.00      0.00
   9460.00      0.00
   9470.00      0.00
   9480.00      0.00
   9490.00      0.00
   9500.00      0.00
   9510.00      0.00
   9520.00      0.00
   9530.00      0.00
   9540.00      0.00
   9550.00      0.00
   9560.00      0.00
   9570.00      0.00
   9580.00      0.00
   9590.00      0.00
   9600.00      0.00
   9610.00      0.00
   9620.00      0.00
   9630.00      0.00
   9640.00      0.00
   9650.00      0.00
   9660.00      0.00
   9670.00      0.00
   9680.00      0.00
   9690.00      0.00
   9700.00      0.00
   9710.00      0.00
   9720.00      0.00
   9730.00      0.00
   9740.00      0.00
   9750.00      0.00
   9760.00      0.00
   9770.00      0.00
   9780.00      0.00
   9790.00      0.00
   9800.00      0.00
   9810.00      0.00
   9820.00      0.00
   9830.00      0.00
   9840.00      0.00
   9850.00      0.00
   9860.00      0.00
   9870.00      0.00
   9880.00      0.00
   9890.00      0.00
   9900.00      0.00
   9910.00      0.00
   9920.00      0.00
   9930.00      0.00
   9940.00      0.00
   9950.00      0.00
   9960.00      0.00
   9970.00      0.00
   9980.00      0.00
   9990.00      0.00
  10000.00      0.00
  10010.00      0.00
  10020.00      0.00
  10030.00      0.00
  10040.00      0.00
  10050.00      0.00
  10060.00      0.00
  10070.00      0.00
  10080.00      0.00
  10090.00      0.00
  10100.00      0.00
  10110.00      0.00
  10120.00      0.00
  10130.00      0.00
  10140.00      0.00
  10150.00      0.00
  10160.00      0.00
  10170.00      0.00
  10180.00      0.00
  10190.00      0.00
  10200.00      0.00
  10210.00      0.00
  10220.00      0.00
  10230.00      0.00
  10240.00      0.00
  10250.00      0.00
  10260.00      0.00
  10270.00      0.00
  10280.00      0.00
  10290.00      0.00
  10300.00      0.00
  10310.00      0.00
  10320.00      0.00
  10330.00      0.00
  10340.00      0.00
  10350.00      0.00
  10360.00      0.00
  10370.00      0.00
  10380.00      0.00
  10390.00      0.00
  10400.00      0.00
  10410.00      0.00
  10420.00      0.00
  10430.00      0.00
  10440.00      0.00
  10450.00      0.00
  10460.00      0.00
  10470.00      0.00
  10480.00      0.00
  10490.00      0.00
  10500.00      0.00
  10510.00      0.00
  10520.00      0.00
  10530.00      0.00
  10540.00      0.00
  10550.00      0.00
  10560.00      0.00
  10570.00      0.00
  10580.00      0.00
  10590.00      0.00
  10600.00      0.00
  10610.00      0.00
  10620.00      0.00
  10630.00      0.00
  10640.00      0.00
  10650.00      0.00
  10660.00      0.00
  10670.00      0.00
  10680.00      0.00
  10690.00      0.00
  10700.00      0.00
  10710.00      0.00
  10720.00      0.00
  10730.00      0.00
  10740.00      0.00
  10750.00      0.00
  10760.00      0.00
  10770.00      0.00
  10780.00      0.00
  10790.00      0.00
  10800.00      0.00
  10810.00      0.00
  10820.00      0.00
  10830.00      0.00
  10840.00      0.00
  10850.00      0.00
  10860.00      0.00
  10870.00      0.00
  10880.00      0.00
  10890.00      0.00
  10900.00      0.00
  10910.00      0.00
  10920.00      0.00
  10930.00      0.00
  10940.00      0.00
  10950.00      0.00
  10960.00      0.00
  10970.00      0.00
  10980.00      0.00
  10990.00      0.00
  11000.00      0.00
  11010.00      0.00
  11020.00      0.00
  11030.00      0.00
  11040.00      0.00
  11050.00      0.00
  11060.00      0.00
  11070.00      0.00
  11080.00      0.00
  11090.00      0.00
  11100.00      0.00
  11110.00      0.00
  11120.00      0.00
  11130.00      0.00
  11140.00      0.00
  11150.00      0.00
  11160.00      0.00
  11170.00      0.00
  11180.00      0.00
  11190.00      0.00
  11200.00      0.00
  11210.00      0.00
  11220.00      0.00
  11230.00      0.00
  11240.00      0.00
  11250.00      0.00
  11260.00      0.00
  11270.00      0.00
  11280.00      0.00
  11290.00      0.00
  11300.00      0.00
  11310.00      0.00
  11320.00      0.00
  11330.00      0.00
  11340.00      0.00
  11350.00      0.00
  11360.00      0.00
  11370.00      0.00
  11380.00      0.00
  11390.00      0.00
  11400.00      0.00
  11410.00      0.00
  11420.00      0.00
  11430.00      0.00
  11440.00      0.00
  11450.00      0.00
  11460.00      0.00
  11470.00      0.00
  11480.00      0.00
  11490.00      0.00
  11500.00      0.00
  11510.00      0.00
  11520.00      0.00
  11530.00      0.00
  11540.00      0.00
  11550.00      0.00
  11560.00      0.00
  11570.00      0.00
  11580.00      0.00
  11590.00      0.00
  11600.00      0.00
  11610.00      0.00
  11620.00      0.00
  11630.00      0.00
  11640.00      0.00
  11650.00      0.00
  11660.00      0.00
  11670.00      0.00
  11680.00      0.00
  11690.00      0.00
  11700.00      0.00
  11710.00      0.00
  11720.00      0.00
  11730.00      0.00
  11740.00      0.00
  11750.00      0.00
  11760.00      0.00
  11770.00      0.00
  11780.00      0.00
  11790.00      0.00
  11800.00      0.00
  11810.00      0.00
  11820.00      0.00
  11830.00      0.00
  11840.00      0.00
  11850.00      0.00
  11860.00      0.00
  11870.00      0.00
  11880.00      0.00
  11890.00      0.00
  11900.00      0.00
  11910.00      0.00
  11920.00      0.00
  11930.00      0.00
  11940.00      0.00
  11950.00      0.00
  11960.00      0.00
  11970.00      0.00
  11980.00      0.00
  11990.00      0.00
  12000.00      0.00
  12010.00      0.00
  12020.00      0.00
  12030.00      0.00
  12040.00      0.00
  12050.00      0.00
  12060.00      0.00
  12070.00      0.00
  12080.00      0.00
  12090.00      0.00
  12100.00      0.00
  12110.00      0.00
  12120.00      0.00
  12130.00      0.00
  12140.00      0.00
  12150.00      0.00
  12160.00      0.00
  12170.00      0.00
  12180.00      0.00
  12190.00      0.00
  12200.00      0.00
  12210.00      0.00
  12220.00      0.00
  12230.00      0.00
  12240.00      0.00
  12250.00      0.00
  12260.00      0.00
  12270.00      0.00
  12280.00      0.00
  12290.00      0.00
  12300.00      0.00
  12310.00      0.00
  12320.00      0.00
  12330.00      0.00
  12340.00      0.00
  12350.00      0.00
  12360.00      0.00
  12370.00      0.00
  12380.00      0.00
  12390.00      0.00
  12400.00      0.00
  12410.00      0.00
  12420.00      0.00
  12430.00      0.00
  12440.00      0.00
  12450.00      0.00
  12460.00      0.00
  12470.00      0.00
  12480.00      0.00
  12490.00      0.00
  12500.00      0.00
  12510.00      0.00
  12520.00      0.00
  12530.00      0.00
  12540.00      0.00
  12550.00      0.00
  12560.00      0.00
  12570.00      0.00
  12580.00      0.00
  12590.00      0.00
  12600.00      0.00
  12610.00      0.00
  12620.00      0.00
  12630.00      0.00
  12640.00      0.00
  12650.00      0.00
  12660.00      0.00
  12670.00      0.00
  12680.00      0.00
  12690.00      0.00
  12700.00      0.00
  12710.00      0.00
  12720.00      0.00
  12730.00      0.00
  12740.00      0.00
  12750.00      0.00
  12760.00      0.00
  12770.00      0.00
  12780.00      0.00
  12790.00      0.00
  12800.00      0.00
  12810.00      0.00
  12820.00      0.00
  12830.00      0.00
  12840.00      0.00
  12850.00      0.00
  12860.00      0.00
  12870.00      0.00
  12880.00      0.00
  12890.00      0.00
  12900.00      0.00
  12910.00      0.00
  12920.00      0.00
  12930.00      0.00
  12940.00      0.00
  12950.00      0.00
  12960.00      0.00
  12970.00      0.00
  12980.00      0.00
  12990.00      0.00
  13000.00      0.00
  13010.00      0.00
  13020.00      0.00
  13030.00      0.00
  13040.00      0.00
  13050.00      0.00
  13060.00      0.00
  13070.00      0.00
  13080.00      0.00
  13090.00      0.00
  13100.00      0.00
  13110.00      0.00
  13120.00      0.00
  13130.00      0.00
  13140.00      0.00
  13150.00      0.00
  13160.00      0.00
  13170.00      0.00
  13180.00      0.00
  13190.00      0.00
  13200.00      0.00
  13210.00      0.00
  13220.00      0.00
  13230.00      0.00
  13240.00      0.00
  13250.00      0.00
  13260.00      0.00
  13270.00      0.00
  13280.00      0.00
  13290.00      0.00
  13300.00      0.00
  13310.00      0.00
  13320.00      0.00
  13330.00      0.00
  13340.00      0.00
  13350.00      0.00
  13360.00      0.00
  13370.00      0.00
  13380.00      0.00
  13390.00      0.00
  13400.00      0.00
  13410.00      0.00
  13420.00      0.00
  13430.00      0.00
  13440.00      0.00
  13450.00      0.00
  13460.00      0.00
  13470.00      0.00
  13480.00      0.00
  13490.00      0.00
  13500.00      0.00
  13510.00      0.00
  13520.00      0.00
  13530.00      0.00
  13540.00      0.00
  13550.00      0.00
  13560.00      0.00
  13570.00      0.00
  13580.00      0.00
  13590.00      0.00
  13600.00      0.00
  13610.00      0.00
  13620.00      0.00
  13630.00      0.00
  13640.00      0.00
  13650.00      0.00
  13660.00      0.00
  13670.00      0.00
  13680.00      0.00
  13690.00      0.00
  13700.00      0.00
  13710.00      0.00
  13720.00      0.00
  13730.00      0.00
  13740.00      0.00
  13750.00      0.00
  13760.00      0.00
  13770.00      0.00
  13780.00      0.00
  13790.00      0.00
  13800.00      0.00
  13810.00      0.00
  13820.00      0.00
  13830.00      0.00
  13840.00      0.00
  13850.00      0.00
  13860.00      0.00
  13870.00      0.00
  13880.00      0.00
  13890.00      0.00
  13900.00      0.00
  13910.00      0.00
  13920.00      0.00
  13930.00      0.00
  13940.00      0.00
  13950.00      0.00
  13960.00      0.00
  13970.00      0.00
  13980.00      0.00
  13990.00      0.00
  14000.00      0.00
  14010.00      0.00
  14020.00      0.00
  14030.00      0.00
  14040.00      0.00
  14050.00      0.00
  14060.00      0.00
  14070.00      0.00
  14080.00      0.00
  14090.00      0.00
  14100.00      0.00
  14110.00      0.00
  14120.00      0.00
  14130.00      0.00
  14140.00      0.00
  14150.00      0.00
  14160.00      0.00
  14170.00      0.00
  14180.00      0.00
  14190.00      0.00
  14200.00      0.00
  14210.00      0.00
  14220.00      0.00
  14230.00      0.00
  14240.00      0.00
  14250.00      0.00
  14260.00      0.00
  14270.00      0.00
  14280.00      0.00
  14290.00      0.00
  14300.00      0.00
  14310.00      0.00
  14320.00      0.00
  14330.00      0.00
  14340.00      0.00
  14350.00      0.00
  14360.00      0.00
  14370.00      0.00
  14380.00      0.00
  14390.00      0.00
  14400.00      0.00
  14410.00      0.00
  14420.00      0.00
  14430.00      0.00
  14440.00      0.00
  14450.00      0.00
  14460.00      0.00
  14470.00      0.00
  14480.00      0.00
  14490.00      0.00
  14500.00      0.00
  14510.00      0.00
  14520.00      0.00
  14530.00      0.00
  14540.00      0.00
  14550.00      0.00
  14560.00      0.00
  14570.00      0.00
  14580.00      0.00
  14590.00      0.00
  14600.00      0.00
  14610.00      0.00
  14620.00      0.00
  14630.00      0.00
  14640.00      0.00
  14650.00      0.00
  14660.00      0.00
  14670.00      0.00
  14680.00      0.00
  14690.00      0.00
  14700.00      0.00
  14710.00      0.00
  14720.00      0.00
  14730.00      0.00
  14740.00      0.00
  14750.00      0.00
  14760.00      0.00
  14770.00      0.00
  14780.00      0.00
  14790.00      0.00
  14800.00      0.00
  14810.00      0.00
  14820.00      0.00
  14830.00      0.00
  14840.00      0.00
  14850.00      0.00
  14860.00      0.00
  14870.00      0.00
  14880.00      0.00
  14890.00      0.00
  14900.00      0.00
  14910.00      0.00
  14920.00      0.00
  14930.00      0.00
  14940.00      0.00
  14950.00      0.00
  14960.00      0.00
  14970.00      0.00
  14980.00      0.00
  14990.00      0.00
  15000.00      0.00
  15010.00      0.00
  15020.00      0.00
  15030.00      0.00
  15040.00      0.00
  15050.00      0.00
  15060.00      0.00
  15070.00      0.00
  15080.00      0.00
  15090.00      0.00
  15100.00      0.00
  15110.00      0.00
  15120.00      0.00
  15130.00      0.00
  15140.00      0.00
  15150.00      0.00
  15160.00      0.00
  15170.00      0.00
  15180.00      0.00
  15190.00      0.00
  15200.00      0.00
  15210.00      0.00
  15220.00      0.00
  15230.00      0.00
  15240.00      0.00
  15250.00      0.00
  15260.00      0.00
  15270.00      0.00
  15280.00      0.00
  15290.00      0.00
  15300.00      0.00
  15310.00      0.00
  15320.00      0.00
  15330.00      0.00
  15340.00      0.00
  15350.00      0.00
  15360.00      0.00
  15370.00      0.00
  15380.00      0.00
  15390.00      0.00
  15400.00      0.00
  15410.00      0.00
  15420.00      0.00
  15430.00      0.00
  15440.00      0.00
  15450.00      0.00
  15460.00      0.00
  15470.00      0.00
  15480.00      0.00
  15490.00      0.00
  15500.00      0.00
  15510.00      0.00
  15520.00      0.00
  15530.00      0.00
  15540.00      0.00
  15550.00      0.00
  15560.00      0.00
  15570.00      0.00
  15580.00      0.00
  15590.00      0.00
  15600.00      0.00
  15610.00      0.00
  15620.00      0.00
  15630.00      0.00
  15640.00      0.00
  15650.00      0.00
  15660.00      0.00
  15670.00      0.00
  15680.00      0.00
  15690.00      0.00
  15700.00      0.00
  15710.00      0.00
  15720.00      0.00
  15730.00      0.00
  15740.00      0.00
  15750.00      0.00
  15760.00      0.00
  15770.00      0.00
  15780.00      0.00
  15790.00      0.00
  15800.00      0.00
  15810.00      0.00
  15820.00      0.00
  15830.00      0.00
  15840.00      0.00
  15850.00      0.00
  15860.00      0.00
  15870.00      0.00
  15880.00      0.00
  15890.00      0.00
  15900.00      0.00
  15910.00      0.00
  15920.00      0.00
  15930.00      0.00
  15940.00      0.00
  15950.00      0.00
  15960.00      0.00
  15970.00      0.00
  15980.00      0.00
  15990.00      0.00
  16000.00      0.00
  16010.00      0.00
  16020.00      0.00
  16030.00      0.00
  16040.00      0.00
  16050.00      0.00
  16060.00      0.00
  16070.00      0.00
  16080.00      0.00
  16090.00      0.00
  16100.00      0.00
  16110.00      0.00
  16120.00      0.00
  16130.00      0.00
  16140.00      0.00
  16150.00      0.00
  16160.00      0.00
  16170.00      0.00
  16180.00      0.00
  16190.00      0.00
  16200.00      0.00
  16210.00      0.00
  16220.00      0.00
  16230.00      0.00
  16240.00      0.00
  16250.00      0.00
  16260.00      0.00
  16270.00      0.00
  16280.00      0.00
  16290.00      0.00
  16300.00      0.00
  16310.00      0.00
  16320.00      0.00
  16330.00      0.00
  16340.00      0.00
  16350.00      0.00
  16360.00      0.00
  16370.00      0.00
  16380.00      0.00
  16390.00      0.00
  16400.00      0.00
  16410.00      0.00
  16420.00      0.00
  16430.00      0.00
  16440.00      0.00
  16450.00      0.00
  16460.00      0.00
  16470.00      0.00
  16480.00      0.00
  16490.00      0.00
  16500.00      0.00
  16510.00      0.00
  16520.00      0.00
  16530.00      0.00
  16540.00      0.00
  16550.00      0.00
  16560.00      0.00
  16570.00      0.00
  16580.00      0.00
  16590.00      0.00
  16600.00      0.00
  16610.00      0.00
  16620.00      0.00
  16630.00      0.00
  16640.00      0.00
  16650.00      0.00
  16660.00      0.00
  16670.00      0.00
  16680.00      0.00
  16690.00      0.00
  16700.00      0.00
  16710.00      0.00
  16720.00      0.00
  16730.00      0.00
  16740.00      0.00
  16750.00      0.00
  16760.00      0.00
  16770.00      0.00
  16780.00      0.00
  16790.00      0.00
  16800.00      0.00
  16810.00      0.00
  16820.00      0.00
  16830.00      0.00
  16840.00      0.00
  16850.00      0.00
  16860.00      0.00
  16870.00      0.00
  16880.00      0.00
  16890.00      0.00
  16900.00      0.00
  16910.00      0.00
  16920.00      0.00
  16930.00      0.00
  16940.00      0.00
  16950.00      0.00
  16960.00      0.00
  16970.00      0.00
  16980.00      0.00
  16990.00      0.00
  17000.00      0.00
  17010.00      0.00
  17020.00      0.00
  17030.00      0.00
  17040.00      0.00
  17050.00      0.00
  17060.00      0.00
  17070.00      0.00
  17080.00      0.00
  17090.00      0.00
  17100.00      0.00
  17110.00      0.00
  17120.00      0.00
  17130.00      0.00
  17140.00      0.00
  17150.00      0.00
  17160.00      0.00
  17170.00      0.00
  17180.00      0.00
  17190.00      0.00
  17200.00      0.00
  17210.00      0.00
  17220.00      0.00
  17230.00      0.00
  17240.00      0.00
  17250.00      0.00
  17260.00      0.00
  17270.00      0.00
  17280.00      0.00
  17290.00      0.00
  17300.00      0.00
  17310.00      0.00
  17320.00      0.00
  17330.00      0.00
  17340.00      0.00
  17350.00      0.00
  17360.00      0.00
  17370.00      0.00
  17380.00      0.00
  17390.00      0.00
  17400.00      0.00
  17410.00      0.00
  17420.00      0.00
  17430.00      0.00
  17440.00      0.00
  17450.00      0.00
  17460.00      0.00
  17470.00      0.00
  17480.00      0.00
  17490.00      0.00
  17500.00      0.00
  17510.00      0.00
  17520.00      0.00
  17530.00      0.00
  17540.00      0.00
  17550.00      0.00
  17560.00      0.00
  17570.00      0.00
  17580.00      0.00
  17590.00      0.00
  17600.00      0.00
  17610.00      0.00
  17620.00      0.00
  17630.00      0.00
  17640.00      0.00
  17650.00      0.00
  17660.00      0.00
  17670.00      0.00
  17680.00      0.00
  17690.00      0.00
  17700.00      0.00
  17710.00      0.00
  17720.00      0.00
  17730.00      0.00
  17740.00      0.00
  17750.00      0.00
  17760.00      0.00
  17770.00      0.00
  17780.00      0.00
  17790.00      0.00
  17800.00      0.00
  17810.00      0.00
  17820.00      0.00
  17830.00      0.00
  17840.00      0.00
  17850.00      0.00
  17860.00      0.00
  17870.00      0.00
  17880.00      0.00
  17890.00      0.00
  17900.00      0.00
  17910.00      0.00
  17920.00      0.00
  17930.00      0.00
  17940.00      0.00
  17950.00      0.00
  17960.00      0.00
  17970.00      0.00
  17980.00      0.00
  17990.00      0.00
  18000.00      0.00
  18010.00      0.00
  18020.00      0.00
  18030.00      0.00
  18040.00      0.00
  18050.00      0.00
  18060.00      0.00
  18070.00      0.00
  18080.00      0.00
  18090.00      0.00
  18100.00      0.00
  18110.00      0.00
  18120.00      0.00
  18130.00      0.00
  18140.00      0.00
  18150.00      0.00
  18160.00      0.00
  18170.00      0.00
  18180.00      0.00
  18190.00      0.00
  18200.00      0.00
  18210.00      0.00
  18220.00      0.00
  18230.00      0.00
  18240.00      0.00
  18250.00      0.00
  18260.00      0.00
  18270.00      0.00
  18280.00      0.00
  18290.00      0.00
  18300.00      0.00
  18310.00      0.00
  18320.00      0.00
  18330.00      0.00
  18340.00      0.00
  18350.00      0.00
  18360.00      0.00
  18370.00      0.00
  18380.00      0.00
  18390.00      0.00
  18400.00      0.00
  18410.00      0.00
  18420.00      0.00
  18430.00      0.00
  18440.00      0.00
  18450.00      0.00
  18460.00      0.00
  18470.00      0.00
  18480.00      0.00
  18490.00      0.00
  18500.00      0.00
  18510.00      0.00
  18520.00      0.00
  18530.00      0.00
  18540.00      0.00
  18550.00      0.00
  18560.00      0.00
  18570.00      0.00
  18580.00      0.00
  18590.00      0.00
  18600.00      0.00
  18610.00      0.00
  18620.00      0.00
  18630.00      0.00
  18640.00      0.00
  18650.00      0.00
  18660.00      0.00
  18670.00      0.00
  18680.00      0.00
  18690.00      0.00
  18700.00      0.00
  18710.00      0.00
  18720.00      0.00
  18730.00      0.00
  18740.00      0.00
  18750.00      0.00
  18760.00      0.00
  18770.00      0.00
  18780.00      0.00
  18790.00      0.00
  18800.00      0.00
  18810.00      0.00
  18820.00      0.00
  18830.00      0.00
  18840.00      0.00
  18850.00      0.00
  18860.00      0.00
  18870.00      0.00
  18880.00      0.00
  18890.00      0.00
  18900.00      0.00
  18910.00      0.00
  18920.00      0.00
  18930.00      0.00
  18940.00      0.00
  18950.00      0.00
  18960.00      0.00
  18970.00      0.00
  18980.00      0.00
  18990.00      0.00
  19000.00      0.00
  19010.00      0.00
  19020.00      0.00
  19030.00      0.00
  19040.00      0.00
  19050.00      0.00
  19060.00      0.00
  19070.00      0.00
  19080.00      0.00
  19090.00      0.00
  19100.00      0.00
  19110.00      0.00
  19120.00      0.00
  19130.00      0.00
  19140.00      0.00
  19150.00      0.00
  19160.00      0.00
  19170.00      0.00
  19180.00      0.00
  19190.00      0.00
  19200.00      0.00
  19210.00      0.00
  19220.00      0.00
  19230.00      0.00
  19240.00      0.00
  19250.00      0.00
  19260.00      0.00
  19270.00      0.00
  19280.00      0.00
  19290.00      0.00
  19300.00      0.00
  19310.00      0.00
  19320.00      0.00
  19330.00      0.00
  19340.00      0.00
  19350.00      0.00
  19360.00      0.00
  19370.00      0.00
  19380.00      0.00
  19390.00      0.00
  19400.00      0.00
  19410.00      0.00
  19420.00      0.00
  19430.00      0.00
  19440.00      0.00
  19450.00      0.00
  19460.00      0.00
  19470.00      0.00
  19480.00      0.00
  19490.00      0.00
  19500.00      0.00
  19510.00      0.00
  19520.00      0.00
  19530.00      0.00
  19540.00      0.00
  19550.00      0.00
  19560.00      0.00
  19570.00      0.00
  19580.00      0.00
  19590.00      0.00
  19600.00      0.00
  19610.00      0.00
  19620.00      0.00
  19630.00      0.00
  19640.00      0.00
  19650.00      0.00
  19660.00      0.00
  19670.00      0.00
  19680.00      0.00
  19690.00      0.00
  19700.00      0.00
  19710.00      0.00
  19720.00      0.00
  19730.00      0.00
  19740.00      0.00
  19750.00      0.00
  19760.00      0.00
  19770.00      0.00
  19780.00      0.00
  19790.00      0.00
  19800.00      0.00
  19810.00      0.00
  19820.00      0.00
  19830.00      0.00
  19840.00      0.00
  19850.00      0.00
  19860.00      0.00
  19870.00      0.00
  19880.00      0.00
  19890.00      0.00
  19900.00      0.00
  19910.00      0.00
  19920.00      0.00
  19930.00      0.00
  19940.00      0.00
  19950.00      0.00
  19960.00      0.00
  19970.00      0.00
  19980.00      0.00
  19990.00      0.00
  20000.00      0.00
  20010.00      0.00
  20020.00      0.00
  20030.00      0.00
  20040.00      0.00
  20050.00      0.00
  20060.00      0.00
  20070.00      0.00
  20080.00      0.00
  20090.00      0.00
  20100.00      0.00
  20110.00      0.00
  20120.00      0.00
  20130.00      0.00
  20140.00      0.00
  20150.00      0.00
  20160.00      0.00
  20170.00      0.00
  20180.00      0.00
  20190.00      0.00
  20200.00      0.00
  20210.00      0.00
  20220.00      0.00
  20230.00      0.00
  20240.00      0.00
  20250.00      0.00
  20260.00      0.00
  20270.00      0.00
  20280.00      0.00
  20290.00      0.00
  20300.00      0.00
  20310.00      0.00
  20320.00      0.00
  20330.00      0.00
  20340.00      0.00
  20350.00      0.00
  20360.00      0.00
  20370.00      0.00
  20380.00      0.00
  20390.00      0.00
  20400.00      0.00
  20410.00      0.00
  20420.00      0.00
  20430.00      0.00
  20440.00      0.00
  20450.00      0.00
  20460.00      0.00
  20470.00      0.00
  20480.00      0.00
  20490.00      0.00
  20500.00      0.00
  20510.00      0.00
  20520.00      0.00
  20530.00      0.00
  20540.00      0.00
  20550.00      0.00
  20560.00      0.00
  20570.00      0.00
  20580.00      0.00
  20590.00      0.00
  20600.00      0.00
  20610.00      0.00
  20620.00      0.00
  20630.00      0.00
  20640.00      0.00
  20650.00      0.00
  20660.00      0.00
  20670.00      0.00
  20680.00      0.00
  20690.00      0.00
  20700.00      0.00
  20710.00      0.00
  20720.00      0.00
  20730.00      0.00
  20740.00      0.00
  20750.00      0.00
  20760.00      0.00
  20770.00      0.00
  20780.00      0.00
  20790.00      0.00
  20800.00      0.00
  20810.00      0.00
  20820.00      0.00
  20830.00      0.00
  20840.00      0.00
  20850.00      0.00
  20860.00      0.00
  20870.00      0.00
  20880.00      0.00
  20890.00      0.00
  20900.00      0.00
  20910.00      0.00
  20920.00      0.00
  20930.00      0.00
  20940.00      0.00
  20950.00      0.00
  20960.00      0.00
  20970.00      0.00
  20980.00      0.00
  20990.00      0.00
  21000.00      0.00
  21010.00      0.00
  21020.00      0.00
  21030.00      0.00
  21040.00      0.00
  21050.00      0.00
  21060.00      0.00
  21070.00      0.00
  21080.00      0.00
  21090.00      0.00
  21100.00      0.00
  21110.00      0.00
  21120.00      0.00
  21130.00      0.00
  21140.00      0.00
  21150.00      0.00
  21160.00      0.00
  21170.00      0.00
  21180.00      0.00
  21190.00      0.00
  21200.00      0.00
  21210.00      0.00
  21220.00      0.00
  21230.00      0.00
  21240.00      0.00
  21250.00      0.00
  21260.00      0.00
  21270.00      0.00
  21280.00      0.00
  21290.00      0.00
  21300.00      0.00
  21310.00      0.00
  21320.00      0.00
  21330.00      0.00
  21340.00      0.00
  21350.00      0.00
  21360.00      0.00
  21370.00      0.00
  21380.00      0.00
  21390.00      0.00
  21400.00      0.00
  21410.00      0.00
  21420.00      0.00
  21430.00      0.00
  21440.00      0.00
  21450.00      0.00
  21460.00      0.00
  21470.00      0.00
  21480.00      0.00
  21490.00      0.00
  21500.00      0.00
  21510.00      0.00
  21520.00      0.00
  21530.00      0.00
  21540.00      0.00
  21550.00      0.00
  21560.00      0.00
  21570.00      0.00
  21580.00      0.00
  21590.00      0.00
  21600.00      0.00
  21610.00      0.00
  21620.00      0.00
  21630.00      0.00
  21640.00      0.00
  21650.00      0.00
  21660.00      0.00
  21670.00      0.00
  21680.00      0.00
  21690.00      0.00
  21700.00      0.00
  21710.00      0.00
  21720.00      0.00
  21730.00      0.00
  21740.00      0.00
  21750.00      0.00
  21760.00      0.00
  21770.00      0.00
  21780.00      0.00
  21790.00      0.00
  21800.00      0.00
  21810.00      0.00
  21820.00      0.00
  21830.00      0.00
  21840.00      0.00
  21850.00      0.00
  21860.00      0.00
  21870.00      0.00
  21880.00      0.00
  21890.00      0.00
  21900.00      0.00
  21910.00      0.00
  21920.00      0.00
  21930.00      0.00
  21940.00      0.00
  21950.00      0.00
  21960.00      0.00
  21970.00      0.00
  21980.00      0.00
  21990.00      0.00
  22000.00      0.00
  22010.00      0.00
  22020.00      0.00
  22030.00      0.00
  22040.00      0.00
  22050.00      0.00
  22060.00      0.00
  22070.00      0.00
  22080.00      0.00
  22090.00      0.00
  22100.00      0.00
  22110.00      0.00
  22120.00      0.00
  22130.00      0.00
  22140.00      0.00
  22150.00      0.00
  22160.00      0.00
  22170.00      0.00
  22180.00      0.00
  22190.00      0.00
  22200.00      0.00
  22210.00      0.00
  22220.00      0.00
  22230.00      0.00
  22240.00      0.00
  22250.00      0.00
  22260.00      0.00
  22270.00      0.00
  22280.00      0.00
  22290.00      0.00
  22300.00      0.00
  22310.00      0.00
  22320.00      0.00
  22330.00      0.00
  22340.00      0.00
  22350.00      0.00
  22360.00      0.00
  22370.00      0.00
  22380.00      0.00
  22390.00      0.00
  22400.00      0.00
  22410.00      0.00
  22420.00      0.00
  22430.00      0.00
  22440.00      0.00
  22450.00      0.00
  22460.00      0.00
  22470.00      0.00
  22480.00      0.00
  22490.00      0.00
  22500.00      0.00
  22510.00      0.00
  22520.00      0.00
  22530.00      0.00
  22540.00      0.00
  22550.00      0.00
  22560.00      0.00
  22570.00      0.00
  22580.00      0.00
  22590.00      0.00
  22600.00      0.00
  22610.00      0.00
  22620.00      0.00
  22630.00      0.00
  22640.00      0.00
  22650.00      0.00
  22660.00      0.00
  22670.00      0.00
  22680.00      0.00
  22690.00      0.00
  22700.00      0.00
  22710.00      0.00
  22720.00      0.00
  22730.00      0.00
  22740.00      0.00
  22750.00      0.00
  22760.00      0.00
  22770.00      0.00
  22780.00      0.00
  22790.00      0.00
  22800.00      0.00
  22810.00      0.00
  22820.00      0.00
  22830.00      0.00
  22840.00      0.00
  22850.00      0.00
  22860.00      0.00
  22870.00      0.00
  22880.00      0.00
  22890.00      0.00
  22900.00      0.00
  22910.00      0.00
  22920.00      0.00
  22930.00      0.00
  22940.00      0.00
  22950.00      0.00
  22960.00      0.00
  22970.00      0.00
  22980.00      0.00
  22990.00      0.00
  23000.00      0.00
  23010.00      0.00
  23020.00      0.00
  23030.00      0.00
  23040.00      0.00
  23050.00      0.00
  23060.00      0.00
  23070.00      0.00
  23080.00      0.00
  23090.00      0.00
  23100.00      0.00
  23110.00      0.00
  23120.00      0.00
  23130.00      0.00
  23140.00      0.00
  23150.00      0.00
  23160.00      0.00
  23170.00      0.00
  23180.00      0.00
  23190.00      0.00
  23200.00      0.00
  23210.00      0.00
  23220.00      0.00
  23230.00      0.00
  23240.00      0.00
  23250.00      0.00
  23260.00      0.00
  23270.00      0.00
  23280.00      0.00
  23290.00      0.00
  23300.00      0.00
  23310.00      0.00
  23320.00      0.00
  23330.00      0.00
  23340.00      0.00
  23350.00      0.00
  23360.00      0.00
  23370.00      0.00
  23380.00      0.00
  23390.00      0.00
  23400.00      0.00
  23410.00      0.00
  23420.00      0.00
  23430.00      0.00
  23440.00      0.00
  23450.00      0.00
  23460.00      0.00
  23470.00      0.00
  23480.00      0.00
  23490.00      0.00
  23500.00      0.00
  23510.00      0.00
  23520.00      0.00
  23530.00      0.00
  23540.00      0.00
  23550.00      0.00
  23560.00      0.00
  23570.00      0.00
  23580.00      0.00
  23590.00      0.00
  23600.00      0.00
  23610.00      0.00
  23620.00      0.00
  23630.00      0.00
  23640.00      0.00
  23650.00      0.00
  23660.00      0.00
  23670.00      0.00
  23680.00      0.00
  23690.00      0.00
  23700.00      0.00
  23710.00      0.00
  23720.00      0.00
  23730.00      0.00
  23740.00      0.00
  23750.00      0.00
  23760.00      0.00
  23770.00      0.00
  23780.00      0.00
  23790.00      0.00
  23800.00      0.00
  23810.00      0.00
  23820.00      0.00
  23830.00      0.00
  23840.00      0.00
  23850.00      0.00
  23860.00      0.00
  23870.00      0.00
  23880.00      0.00
  23890.00      0.00
  23900.00      0.00
  23910.00      0.00
  23920.00      0.00
  23930.00      0.00
  23940.00      0.00
  23950.00      0.00
  23960.00      0.00
  23970.00      0.00
  23980.00      0.00
  23990.00      0.00
  24000.00      0.00
