      158203   2.163092    
      158204   2.155007    
      158205   2.146923    
      158206   2.138840    
      158207   2.130758    
      158208   2.122677    
      158209   2.114598    
      158210   2.106520    
      158211   2.098443    
      158212   2.090368    
      158213   2.082295    
      158214   2.074223    
      158215   2.066154    
      158216   2.058086    
      158217   2.050020    
      158218   2.041956    
      158219   2.033895    
      158220   2.025836    
      158221   2.017781    
      158222   2.009727    
      158223   2.001677    
      158224   1.993630    
      158225   1.985587    
      158226   1.977547    
      158227   1.969511    
      158228   1.961479    
      158229   1.953452    
      158230   1.945429    
      158231   1.937411    
      158232   1.929398    
      158233   1.921391    
      158234   1.913389    
      158235   1.905394    
      158236   1.897406    
      158237   1.889424    
      158238   1.881451    
      158239   1.873485    
      158240   1.865529    
      158241   1.857581    
      158242   1.849643    
      158243   1.841717    
      158244   1.833801    
      158245   1.825898    
      158246   1.818008    
      158247   1.810132    
      158248   1.802271    
      158249   1.794427    
      158250   1.786601    
      158251   1.778793    
      158252   1.771007    
      158253   1.763242    
      158254   1.755502    
      158255   1.747787    
      158256   1.740101    
      158257   1.732444    
      158258   1.724819    
      158259   1.717228    
      158260   1.709673    
      158261   1.702156    
      158262   1.694679    
      158263   1.687245    
      158264   1.679858    
      158265   1.672520    
      158266   1.665231    
      158267   1.657992    
      158268   1.650801    
      158269   1.643656    
      158270   1.636558    
      158271   1.629506    
      158272   1.622499    
      158273   1.615540    
      158274   1.608628    
      158275   1.601764    
      158276   1.594952    
      158277   1.588194    
      158278   1.581490    
      158279   1.574844    
      158280   1.568256    
      158281   1.561725    
      158282   1.555247    
      158283   1.548818    
      158284   1.542431    
      158285   1.536078    
      158286   1.529748    
      158287   1.523414    
      158288   1.517026    
      158289   1.510501    
      158290   1.503704    
      158291   1.496500    
      158292   1.488911    
      158293   1.481080    
      158294   1.473125    
      158295   1.465112    
      158296   1.457071    
      158297   1.449017    
      158298   1.440957    
      158299   1.432893    
      158300   1.424827    
      158301   1.416761    
      158302   1.408695    
      158303   1.400629    
      158304   1.392564    
      158305   1.384501    
      158306   1.376439    
      158307   1.368380    
      158308   1.360323    
      158309   1.352270    
      158310   1.344220    
      158311   1.336174    
      158312   1.328132    
      158313   1.320095    
      158314   1.312063    
      158315   1.304036    
      158316   1.296016    
      158317   1.288002    
      158318   1.279995    
      158319   1.271995    
      158320   1.264004    
      158321   1.256020    
      158322   1.248046    
      158323   1.240082    
      158324   1.232129    
      158325   1.224187    
      158326   1.216257    
      158327   1.208341    
      158328   1.200440    
      158329   1.192554    
      158330   1.184686    
      158331   1.176836    
      158332   1.169007    
      158333   1.161200    
      158334   1.153417    
      158335   1.145662    
      158336   1.137935    
      158337   1.130241    
      158338   1.122583    
      158339   1.114965    
      158340   1.107391    
      158341   1.099869    
      158342   1.092402    
      158343   1.084998    
      158344   1.077660    
      158345   1.070389    
      158346   1.063183    
      158347   1.056038    
      158348   1.048946    
      158349   1.041888    
      158350   1.034829    
      158351   1.027709    
      158352   1.020437    
      158353   1.012931    
      158354   1.005200    
      158355  0.9973261    
      158356  0.9893759    
      158357  0.9813883    
      158358  0.9733828    
      158359  0.9653695    
      158360  0.9573533    
      158361  0.9493370    
      158362  0.9413224    
      158363  0.9333104    
      158364  0.9253021    
      158365  0.9172984    
      158366  0.9093003    
      158367  0.9013089    
      158368  0.8933251    
      158369  0.8853505    
      158370  0.8773865    
      158371  0.8694347    
      158372  0.8614963    
      158373  0.8535732    
      158374  0.8456667    
      158375  0.8377787    
      158376  0.8299111    
      158377  0.8220663    
      158378  0.8142468    
      158379  0.8064553    
      158380  0.7986948    
      158381  0.7909693    
      158382  0.7832828    
      158383  0.7756410    
      158384  0.7680502    
      158385  0.7605181    
      158386  0.7530535    
      158387  0.7456651    
      158388  0.7383587    
      158389  0.7311381    
      158390  0.7240067    
      158391  0.7169695    
      158392  0.7100323    
      158393  0.7032003    
      158394  0.6964775    
      158395  0.6898656    
      158396  0.6833634    
      158397  0.6769664    
      158398  0.6706697    
      158399  0.6644686    
      158400  0.6583558    
      158401  0.6523224    
      158402  0.6463601    
      158403  0.6404605    
      158404  0.6346128    
      158405  0.6287969    
      158406  0.6229683    
      158407  0.6170371    
      158408  0.6108562    
      158409  0.6042570    
      158410  0.5972148    
      158411  0.5898625    
      158412  0.5823348    
      158413  0.5747135    
      158414  0.5670413    
      158415  0.5593396    
      158416  0.5516188    
      158417  0.5438831    
      158418  0.5361312    
      158419  0.5283567    
      158420  0.5205470    
      158421  0.5126825    
      158422  0.5047373    
      158423  0.4966902    
      158424  0.4885548    
      158425  0.4803650    
      158426  0.4721422    
      158427  0.4638990    
      158428  0.4556431    
      158429  0.4473789    
      158430  0.4391096    
      158431  0.4308368    
      158432  0.4225618    
      158433  0.4142853    
      158434  0.4060079    
      158435  0.3977296    
      158436  0.3894510    
      158437  0.3811720    
      158438  0.3728926    
      158439  0.3646131    
      158440  0.3563334    
      158441  0.3480536    
      158442  0.3397737    
      158443  0.3314936    
      158444  0.3232134    
      158445  0.3149331    
      158446  0.3066528    
      158447  0.2983724    
      158448  0.2900919    
      158449  0.2818114    
      158450  0.2735309    
      158451  0.2652503    
      158452  0.2569698    
      158453  0.2486893    
      158454  0.2404088    
      158455  0.2321283    
      158456  0.2238479    
      158457  0.2155675    
      158458  0.2072871    
      158459  0.1990066    
      158460  0.1907263    
      158461  0.1824458    
      158462  0.1741655    
      158463  0.1658852    
      158464  0.1576050    
      158465  0.1493250    
      158466  0.1410452    
      158467  0.1327660    
      158468  0.1244874    
      158469  0.1162098    
      158470  0.1079335    
      158471  9.9658988E-02
      158472  9.1386795E-02
      158473  8.3117917E-02
      158474  7.4853823E-02
      158475  6.6597126E-02
      158476  5.8352880E-02
      158477  5.0131656E-02
      158478  4.1957103E-02
      158479  3.3884570E-02
      158480  2.6047895E-02
      158481  1.8774625E-02
      158482  1.2862669E-02
      158483  1.0157412E-02
      158484  1.2862669E-02
      158485  1.8774625E-02
      158486  2.6047891E-02
      158487  3.3884563E-02
      158488  4.1957095E-02
      158489  5.0131641E-02
      158490  5.8352850E-02
      158491  6.6597082E-02
      158492  7.4853733E-02
      158493  8.3117753E-02
      158494  9.1386490E-02
      158495  9.9658400E-02
      158496  0.1079325    
      158497  0.1162080    
      158498  0.1244843    
      158499  0.1327607    
      158500  0.1410366    
      158501  0.1493110    
      158502  0.1575828    
      158503  0.1658504    
      158504  0.1741118    
      158505  0.1823642    
      158506  0.1906045    
      158507  0.1988293    
      158508  0.2070342    
      158509  0.2152135    
      158510  0.2233596    
      158511  0.2314622    
      158512  0.2395053    
      158513  0.2474618    
      158514  0.2552794    
      158515  0.2628571    
      158516  0.2700417    
      158517  0.2767040    
      158518  0.2828982    
      158519  0.2888350    
      158520  0.2946948    
      158521  0.3005868    
      158522  0.3065653    
      158523  0.3126496    
      158524  0.3188427    
      158525  0.3251433    
      158526  0.3315473    
      158527  0.3380491    
      158528  0.3446423    
      158529  0.3513215    
      158530  0.3580822    
      158531  0.3649212    
      158532  0.3718364    
      158533  0.3788263    
      158534  0.3858896    
      158535  0.3930260    
      158536  0.4002362    
      158537  0.4075238    
      158538  0.4148926    
      158539  0.4223421    
      158540  0.4298664    
      158541  0.4374559    
      158542  0.4451028    
      158543  0.4528022    
      158544  0.4605497    
      158545  0.4683412    
      158546  0.4761724    
      158547  0.4840395    
      158548  0.4919383    
      158549  0.4998654    
      158550  0.5078176    
      158551  0.5157923    
      158552  0.5237868    
      158553  0.5317991    
      158554  0.5398273    
      158555  0.5478698    
      158556  0.5559251    
      158557  0.5639919    
      158558  0.5720690    
      158559  0.5801554    
      158560  0.5882503    
      158561  0.5963526    
      158562  0.6044618    
      158563  0.6125771    
      158564  0.6206978    
      158565  0.6288232    
      158566  0.6369526    
      158567  0.6450852    
      158568  0.6532199    
      158569  0.6613557    
      158570  0.6694908    
      158571  0.6776230    
      158572  0.6857491    
      158573  0.6938643    
      158574  0.7019620    
      158575  0.7100320    
      158576  0.7180595    
      158577  0.7260236    
      158578  0.7338959    
      158579  0.7416425    
      158580  0.7492229    
      158581  0.7565917    
      158582  0.7637088    
      158583  0.7705590    
      158584  0.7771664    
      158585  0.7835927    
      158586  0.7899038    
      158587  0.7961500    
      158588  0.8023622    
      158589  0.8085563    
      158590  0.8147408    
      158591  0.8209198    
      158592  0.8270969    
      158593  0.8332758    
      158594  0.8394620    
      158595  0.8456632    
      158596  0.8518903    
      158597  0.8581572    
      158598  0.8644776    
      158599  0.8708622    
      158600  0.8773191    
      158601  0.8838542    
      158602  0.8904712    
      158603  0.8971714    
      158604  0.9039537    
      158605  0.9108168    
      158606  0.9177579    
      158607  0.9247725    
      158608  0.9318569    
      158609  0.9390091    
      158610  0.9462286    
      158611  0.9535160    
      158612  0.9608724    
      158613  0.9682984    
      158614  0.9757919    
      158615  0.9833486    
      158616  0.9909627    
      158617  0.9986291    
      158618   1.006344    
      158619   1.014105    
      158620   1.021908    
      158621   1.029750    
      158622   1.037626    
      158623   1.045534    
      158624   1.053470    
      158625   1.061431    
      158626   1.069414    
      158627   1.077417    
      158628   1.085438    
      158629   1.093475    
      158630   1.101526    
      158631   1.109590    
      158632   1.117665    
      158633   1.125751    
      158634   1.133846    
      158635   1.141949    
      158636   1.150060    
      158637   1.158179    
      158638   1.166303    
      158639   1.174434    
      158640   1.182569    
      158641   1.190710    
      158642   1.198855    
      158643   1.207004    
      158644   1.215157    
      158645   1.223313    
      158646   1.231472    
      158647   1.239635    
      158648   1.247800    
      158649   1.255967    
      158650   1.264136    
      158651   1.272308    
      158652   1.280481    
      158653   1.288656    
      158654   1.296833    
      158655   1.305011    
      158656   1.313190    
      158657   1.321371    
      158658   1.329553    
      158659   1.337735    
      158660   1.345919    
      158661   1.354104    
      158662   1.362289    
      158663   1.370475    
      158664   1.378661    
      158665   1.386848    
      158666   1.395036    
      158667   1.403224    
      158668   1.411412    
      158669   1.419601    
      158670   1.427791    
      158671   1.435980    
      158672   1.444170    
      158673   1.452360    
      158674   1.460550    
      158675   1.468740    
      158676   1.476931    
      158677   1.485121    
      158678   1.493312    
      158679   1.501503    
      158680   1.509694    
      158681   1.517885    
      158682   1.526076    
      158683   1.534267    
      158684   1.542458    
      158685   1.550650    
      158686   1.558841    
      158687   1.567032    
      158688   1.575223    
      158689   1.583415    
      158690   1.591606    
      158691   1.599797    
      158692   1.607988    
      158693   1.616179    
      158694   1.624371    
      158695   1.632562    
      158696   1.640753    
      158697   1.648944    
      158698   1.657136    
      158699   1.665327    
      158700   1.673518    
      158701   1.681709    
