      242353   2.096095    
      242354   2.088363    
      242355   2.080489    
      242356   2.072539    
      242357   2.064551    
      242358   2.056545    
      242359   2.048532    
      242360   2.040515    
      242361   2.032499    
      242362   2.024485    
      242363   2.016473    
      242364   2.008464    
      242365   2.000461    
      242366   1.992462    
      242367   1.984471    
      242368   1.976487    
      242369   1.968513    
      242370   1.960549    
      242371   1.952597    
      242372   1.944659    
      242373   1.936735    
      242374   1.928829    
      242375   1.920941    
      242376   1.913073    
      242377   1.905229    
      242378   1.897409    
      242379   1.889617    
      242380   1.881857    
      242381   1.874132    
      242382   1.866446    
      242383   1.858804    
      242384   1.851213    
      242385   1.843681    
      242386   1.836217    
      242387   1.828829    
      242388   1.821523    
      242389   1.814303    
      242390   1.807172    
      242391   1.800136    
      242392   1.793199    
      242393   1.786368    
      242394   1.779646    
      242395   1.773035    
      242396   1.766533    
      242397   1.760137    
      242398   1.753842    
      242399   1.747642    
      242400   1.741531    
      242401   1.735499    
      242402   1.729538    
      242403   1.723641    
      242404   1.717796    
      242405   1.711985    
      242406   1.706164    
      242407   1.700247    
      242408   1.694089    
      242409   1.687522    
      242410   1.680511    
      242411   1.673184    
      242412   1.665677    
      242413   1.658074    
      242414   1.650422    
      242415   1.642744    
      242416   1.635056    
      242417   1.627366    
      242418   1.619680    
      242419   1.612004    
      242420   1.604342    
      242421   1.596696    
      242422   1.589072    
      242423   1.581472    
      242424   1.573898    
      242425   1.566355    
      242426   1.558845    
      242427   1.551374    
      242428   1.543945    
      242429   1.536564    
      242430   1.529236    
      242431   1.521963    
      242432   1.514748    
      242433   1.507592    
      242434   1.500498    
      242435   1.493469    
      242436   1.486509    
      242437   1.479620    
      242438   1.472808    
      242439   1.466075    
      242440   1.459426    
      242441   1.452862    
      242442   1.446385    
      242443   1.439993    
      242444   1.433683    
      242445   1.427442    
      242446   1.421238    
      242447   1.415000    
      242448   1.408597    
      242449   1.401821    
      242450   1.394516    
      242451   1.386786    
      242452   1.378819    
      242453   1.370738    
      242454   1.362606    
      242455   1.354451    
      242456   1.346287    
      242457   1.338120    
      242458   1.329952    
      242459   1.321785    
      242460   1.313618    
      242461   1.305452    
      242462   1.297288    
      242463   1.289124    
      242464   1.280963    
      242465   1.272803    
      242466   1.264645    
      242467   1.256489    
      242468   1.248335    
      242469   1.240184    
      242470   1.232036    
      242471   1.223891    
      242472   1.215749    
      242473   1.207611    
      242474   1.199478    
      242475   1.191348    
      242476   1.183224    
      242477   1.175105    
      242478   1.166991    
      242479   1.158885    
      242480   1.150785    
      242481   1.142694    
      242482   1.134611    
      242483   1.126538    
      242484   1.118476    
      242485   1.110426    
      242486   1.102389    
      242487   1.094367    
      242488   1.086361    
      242489   1.078374    
      242490   1.070407    
      242491   1.062464    
      242492   1.054547    
      242493   1.046659    
      242494   1.038805    
      242495   1.030987    
      242496   1.023211    
      242497   1.015479    
      242498   1.007797    
      242499   1.000168    
      242500  0.9925948    
      242501  0.9850796    
      242502  0.9776244    
      242503  0.9702300    
      242504  0.9628972    
      242505  0.9556276    
      242506  0.9484237    
      242507  0.9412895    
      242508  0.9342303    
      242509  0.9272537    
      242510  0.9203695    
      242511  0.9135892    
      242512  0.9069253    
      242513  0.9003907    
      242514  0.8939958    
      242515  0.8877451    
      242516  0.8816341    
      242517  0.8756518    
      242518  0.8697786    
      242519  0.8639872    
      242520  0.8582410    
      242521  0.8524915    
      242522  0.8466728    
      242523  0.8406942    
      242524  0.8344403    
      242525  0.8277975    
      242526  0.8207322    
      242527  0.8133096    
      242528  0.8056346    
      242529  0.7977958    
      242530  0.7898507    
      242531  0.7818338    
      242532  0.7737658    
      242533  0.7656598    
      242534  0.7575248    
      242535  0.7493683    
      242536  0.7411963    
      242537  0.7330139    
      242538  0.7248248    
      242539  0.7166315    
      242540  0.7084358    
      242541  0.7002388    
      242542  0.6920418    
      242543  0.6838450    
      242544  0.6756493    
      242545  0.6674548    
      242546  0.6592621    
      242547  0.6510715    
      242548  0.6428834    
      242549  0.6346979    
      242550  0.6265156    
      242551  0.6183367    
      242552  0.6101617    
      242553  0.6019912    
      242554  0.5938256    
      242555  0.5856657    
      242556  0.5775120    
      242557  0.5693655    
      242558  0.5612271    
      242559  0.5530978    
      242560  0.5449790    
      242561  0.5368721    
      242562  0.5287791    
      242563  0.5207022    
      242564  0.5126437    
      242565  0.5046070    
      242566  0.4965958    
      242567  0.4886146    
      242568  0.4806693    
      242569  0.4727669    
      242570  0.4649162    
      242571  0.4571283    
      242572  0.4494159    
      242573  0.4417936    
      242574  0.4342765    
      242575  0.4268792    
      242576  0.4196139    
      242577  0.4124899    
      242578  0.4055142    
      242579  0.3986887    
      242580  0.3920094    
      242581  0.3854680    
      242582  0.3790521    
      242583  0.3727457    
      242584  0.3665308    
      242585  0.3603901    
      242586  0.3543097    
      242587  0.3482796    
      242588  0.3422943    
      242589  0.3363523    
      242590  0.3304539    
      242591  0.3246015    
      242592  0.3187985    
      242593  0.3130476    
      242594  0.3073474    
      242595  0.3016850    
      242596  0.2960205    
      242597  0.2902672    
      242598  0.2842790    
      242599  0.2778546    
      242600  0.2708587    
      242601  0.2633859    
      242602  0.2556158    
      242603  0.2476815    
      242604  0.2396515    
      242605  0.2315598    
      242606  0.2234244    
      242607  0.2152562    
      242608  0.2070625    
      242609  0.1988483    
      242610  0.1906174    
      242611  0.1823728    
      242612  0.1741174    
      242613  0.1658540    
      242614  0.1575851    
      242615  0.1493124    
      242616  0.1410375    
      242617  0.1327613    
      242618  0.1244846    
      242619  0.1162082    
      242620  0.1079326    
      242621  9.9658504E-02
      242622  9.1386557E-02
      242623  8.3117798E-02
      242624  7.4853770E-02
      242625  6.6597104E-02
      242626  5.8352873E-02
      242627  5.0131656E-02
      242628  4.1957106E-02
      242629  3.3884574E-02
      242630  2.6047898E-02
      242631  1.8774631E-02
      242632  1.2862675E-02
      242633  1.0157418E-02
      242634  1.2862680E-02
      242635  1.8774642E-02
      242636  2.6047921E-02
      242637  3.3884615E-02
      242638  4.1957170E-02
      242639  5.0131757E-02
      242640  5.8353029E-02
      242641  6.6597357E-02
      242642  7.4854150E-02
      242643  8.3118387E-02
      242644  9.1387451E-02
      242645  9.9659860E-02
      242646  0.1079347    
      242647  0.1162113    
      242648  0.1244893    
      242649  0.1327683    
      242650  0.1410481    
      242651  0.1493284    
      242652  0.1576091    
      242653  0.1658901    
      242654  0.1741712    
      242655  0.1824524    
      242656  0.1907337    
      242657  0.1990150    
      242658  0.2072963    
      242659  0.2155775    
      242660  0.2238588    
      242661  0.2321400    
      242662  0.2404211    
      242663  0.2487021    
      242664  0.2569832    
      242665  0.2652641    
      242666  0.2735449    
      242667  0.2818258    
      242668  0.2901065    
      242669  0.2983871    
      242670  0.3066677    
      242671  0.3149481    
      242672  0.3232285    
      242673  0.3315088    
      242674  0.3397890    
      242675  0.3480692    
      242676  0.3563492    
      242677  0.3646291    
      242678  0.3729089    
      242679  0.3811887    
      242680  0.3894683    
      242681  0.3977478    
      242682  0.4060272    
      242683  0.4143064    
      242684  0.4225855    
      242685  0.4308645    
      242686  0.4391433    
      242687  0.4474220    
      242688  0.4557005    
      242689  0.4639789    
      242690  0.4722571    
      242691  0.4805352    
      242692  0.4888131    
      242693  0.4970909    
      242694  0.5053685    
      242695  0.5136458    
      242696  0.5219229    
      242697  0.5301998    
      242698  0.5384761    
      242699  0.5467516    
      242700  0.5550250    
      242701  0.5632958    
