      189058   2.093142    
      189059   2.085552    
      189060   2.077997    
      189061   2.070481    
      189062   2.063005    
      189063   2.055572    
      189064   2.048185    
      189065   2.040847    
      189066   2.033559    
      189067   2.026320    
      189068   2.019128    
      189069   2.011984    
      189070   2.004886    
      189071   1.997833    
      189072   1.990827    
      189073   1.983868    
      189074   1.976956    
      189075   1.970093    
      189076   1.963281    
      189077   1.956522    
      189078   1.949820    
      189079   1.943174    
      189080   1.936587    
      189081   1.930056    
      189082   1.923579    
      189083   1.917151    
      189084   1.910764    
      189085   1.904413    
      189086   1.898082    
      189087   1.891749    
      189088   1.885362    
      189089   1.878837    
      189090   1.872039    
      189091   1.864836    
      189092   1.857248    
      189093   1.849417    
      189094   1.841462    
      189095   1.833449    
      189096   1.825408    
      189097   1.817354    
      189098   1.809293    
      189099   1.801230    
      189100   1.793164    
      189101   1.785098    
      189102   1.777032    
      189103   1.768966    
      189104   1.760901    
      189105   1.752838    
      189106   1.744776    
      189107   1.736717    
      189108   1.728661    
      189109   1.720607    
      189110   1.712557    
      189111   1.704511    
      189112   1.696469    
      189113   1.688432    
      189114   1.680400    
      189115   1.672374    
      189116   1.664353    
      189117   1.656339    
      189118   1.648332    
      189119   1.640332    
      189120   1.632340    
      189121   1.624357    
      189122   1.616383    
      189123   1.608419    
      189124   1.600466    
      189125   1.592524    
      189126   1.584595    
      189127   1.576679    
      189128   1.568778    
      189129   1.560892    
      189130   1.553023    
      189131   1.545173    
      189132   1.537344    
      189133   1.529537    
      189134   1.521755    
      189135   1.513999    
      189136   1.506273    
      189137   1.498579    
      189138   1.490921    
      189139   1.483303    
      189140   1.475729    
      189141   1.468206    
      189142   1.460740    
      189143   1.453336    
      189144   1.445999    
      189145   1.438728    
      189146   1.431522    
      189147   1.424377    
      189148   1.417285    
      189149   1.410228    
      189150   1.403169    
      189151   1.396049    
      189152   1.388777    
      189153   1.381270    
      189154   1.373539    
      189155   1.365665    
      189156   1.357715    
      189157   1.349727    
      189158   1.341722    
      189159   1.333709    
      189160   1.325692    
      189161   1.317676    
      189162   1.309661    
      189163   1.301649    
      189164   1.293641    
      189165   1.285637    
      189166   1.277639    
      189167   1.269648    
      189168   1.261664    
      189169   1.253690    
      189170   1.245726    
      189171   1.237774    
      189172   1.229836    
      189173   1.221913    
      189174   1.214006    
      189175   1.206118    
      189176   1.198251    
      189177   1.190406    
      189178   1.182586    
      189179   1.174795    
      189180   1.167034    
      189181   1.159309    
      189182   1.151622    
      189183   1.143981    
      189184   1.136390    
      189185   1.128858    
      189186   1.121394    
      189187   1.114006    
      189188   1.106700    
      189189   1.099480    
      189190   1.092349    
      189191   1.085312    
      189192   1.078375    
      189193   1.071544    
      189194   1.064822    
      189195   1.058210    
      189196   1.051709    
      189197   1.045313    
      189198   1.039017    
      189199   1.032817    
      189200   1.026705    
      189201   1.020673    
      189202   1.014712    
      189203   1.008815    
      189204   1.002970    
      189205  0.9971587    
      189206  0.9913380    
      189207  0.9854209    
      189208  0.9792638    
      189209  0.9726979    
      189210  0.9656879    
      189211  0.9583611    
      189212  0.9508541    
      189213  0.9432515    
      189214  0.9355991    
      189215  0.9279215    
      189216  0.9202332    
      189217  0.9125430    
      189218  0.9048574    
      189219  0.8971813    
      189220  0.8895189    
      189221  0.8818738    
      189222  0.8742494    
      189223  0.8666487    
      189224  0.8590750    
      189225  0.8515314    
      189226  0.8440218    
      189227  0.8365500    
      189228  0.8291211    
      189229  0.8217400    
      189230  0.8144113    
      189231  0.8071383    
      189232  0.7999232    
      189233  0.7927675    
      189234  0.7856734    
      189235  0.7786441    
      189236  0.7716830    
      189237  0.7647942    
      189238  0.7579813    
      189239  0.7512481    
      189240  0.7445982    
      189241  0.7380342    
      189242  0.7315577    
      189243  0.7251682    
      189244  0.7188654    
      189245  0.7126475    
      189246  0.7065033    
      189247  0.7004004    
      189248  0.6942699    
      189249  0.6879836    
      189250  0.6813318    
      189251  0.6741295    
      189252  0.6664647    
      189253  0.6585394    
      189254  0.6504894    
      189255  0.6423839    
      189256  0.6342549    
      189257  0.6261165    
      189258  0.6179749    
      189259  0.6098327    
      189260  0.6016911    
      189261  0.5935507    
      189262  0.5854117    
      189263  0.5772743    
      189264  0.5691389    
      189265  0.5610057    
      189266  0.5528747    
      189267  0.5447464    
      189268  0.5366210    
      189269  0.5284987    
      189270  0.5203798    
      189271  0.5122647    
      189272  0.5041537    
      189273  0.4960473    
      189274  0.4879457    
      189275  0.4798493    
      189276  0.4717588    
      189277  0.4636746    
      189278  0.4555973    
      189279  0.4475274    
      189280  0.4394658    
      189281  0.4314129    
      189282  0.4233698    
      189283  0.4153373    
      189284  0.4073163    
      189285  0.3993080    
      189286  0.3913135    
      189287  0.3833341    
      189288  0.3753714    
      189289  0.3674268    
      189290  0.3595024    
      189291  0.3515999    
      189292  0.3437216    
      189293  0.3358700    
      189294  0.3280476    
      189295  0.3202572    
      189296  0.3125017    
      189297  0.3047842    
      189298  0.2971080    
      189299  0.2894767    
      189300  0.2818940    
      189301  0.2743638    
      189302  0.2668892    
      189303  0.2594726    
      189304  0.2521157    
      189305  0.2448202    
      189306  0.2375885    
      189307  0.2304241    
      189308  0.2233315    
      189309  0.2163174    
      189310  0.2093906    
      189311  0.2025611    
      189312  0.1958395    
      189313  0.1892356    
      189314  0.1827551    
      189315  0.1763948    
      189316  0.1701342    
      189317  0.1639245    
      189318  0.1576800    
      189319  0.1512765    
      189320  0.1445664    
      189321  0.1374673    
      189322  0.1300209    
      189323  0.1223354    
      189324  0.1145056    
      189325  0.1065845    
      189326  9.8598406E-02
      189327  9.0562224E-02
      189328  8.2486041E-02
      189329  7.4377909E-02
      189330  6.6245794E-02
      189331  5.8099736E-02
      189332  4.9954671E-02
      189333  4.1837685E-02
      189334  3.3807062E-02
      189335  2.5999697E-02
      189336  1.8746249E-02
      189337  1.2846909E-02
      189338  1.0148026E-02
      189339  1.2854308E-02
      189340  1.8765153E-02
      189341  2.6036922E-02
      189342  3.3872291E-02
      189343  4.1943830E-02
      189344  5.0117679E-02
      189345  5.8338434E-02
      189346  6.6582389E-02
      189347  7.4838936E-02
      189348  8.3102986E-02
      189349  9.1371924E-02
      189350  9.9644229E-02
      189351  0.1079190    
      189352  0.1161955    
      189353  0.1244735    
      189354  0.1327525    
      189355  0.1410322    
      189356  0.1493125    
      189357  0.1575931    
      189358  0.1658739    
      189359  0.1741549    
      189360  0.1824360    
      189361  0.1907170    
      189362  0.1989979    
      189363  0.2072787    
      189364  0.2155592    
      189365  0.2238393    
      189366  0.2321187    
      189367  0.2403973    
      189368  0.2486746    
      189369  0.2569501    
      189370  0.2652227    
      189371  0.2734913    
      189372  0.2817539    
      189373  0.2900075    
      189374  0.2982481    
      189375  0.3064691    
      189376  0.3146617    
      189377  0.3228136    
      189378  0.3309093    
      189379  0.3389319    
      189380  0.3468581    
      189381  0.3546466    
      189382  0.3622318    
      189383  0.3695424    
      189384  0.3765370    
      189385  0.3832355    
      189386  0.3897123    
      189387  0.3960494    
      189388  0.4023072    
      189389  0.4085236    
      189390  0.4147172    
      189391  0.4208982    
      189392  0.4270736    
      189393  0.4332500    
      189394  0.4394347    
      189395  0.4456370    
      189396  0.4518688    
      189397  0.4581444    
      189398  0.4644788    
      189399  0.4708843    
      189400  0.4773695    
      189401  0.4839386    
      189402  0.4905919    
      189403  0.4973294    
      189404  0.5041500    
      189405  0.5110517    
      189406  0.5180317    
      189407  0.5250865    
      189408  0.5322137    
      189409  0.5394117    
      189410  0.5466774    
      189411  0.5540066    
      189412  0.5613936    
      189413  0.5688303    
      189414  0.5763100    
      189415  0.5838288    
      189416  0.5913860    
      189417  0.5989810    
      189418  0.6066143    
      189419  0.6142865    
      189420  0.6219978    
      189421  0.6297469    
      189422  0.6375320    
      189423  0.6453509    
      189424  0.6532010    
      189425  0.6610794    
      189426  0.6689837    
      189427  0.6769114    
      189428  0.6848602    
      189429  0.6928284    
      189430  0.7008140    
      189431  0.7088155    
      189432  0.7168314    
      189433  0.7248605    
      189434  0.7329017    
      189435  0.7409537    
      189436  0.7490156    
      189437  0.7570866    
      189438  0.7651660    
      189439  0.7732530    
      189440  0.7813469    
      189441  0.7894473    
      189442  0.7975536    
      189443  0.8056653    
      189444  0.8137819    
      189445  0.8219030    
      189446  0.8300284    
      189447  0.8381577    
      189448  0.8462906    
      189449  0.8544268    
      189450  0.8625661    
      189451  0.8707083    
      189452  0.8788531    
      189453  0.8870002    
      189454  0.8951496    
      189455  0.9033010    
      189456  0.9114544    
      189457  0.9196095    
      189458  0.9277661    
      189459  0.9359243    
      189460  0.9440838    
      189461  0.9522445    
      189462  0.9604064    
      189463  0.9685693    
      189464  0.9767331    
      189465  0.9848977    
      189466  0.9930633    
      189467   1.001229    
      189468   1.009396    
      189469   1.017564    
      189470   1.025731    
      189471   1.033900    
      189472   1.042068    
      189473   1.050237    
      189474   1.058406    
      189475   1.066576    
      189476   1.074745    
      189477   1.082915    
      189478   1.091085    
      189479   1.099255    
      189480   1.107424    
      189481   1.115594    
      189482   1.123764    
      189483   1.131934    
      189484   1.140103    
      189485   1.148272    
      189486   1.156441    
      189487   1.164610    
      189488   1.172779    
      189489   1.180947    
      189490   1.189115    
      189491   1.197282    
      189492   1.205449    
      189493   1.213616    
      189494   1.221782    
      189495   1.229947    
      189496   1.238112    
      189497   1.246277    
      189498   1.254441    
      189499   1.262604    
      189500   1.270766    
      189501   1.278928    
