      268159   2.125223    
      268160   2.119112    
      268161   2.113081    
      268162   2.107121    
      268163   2.101223    
      268164   2.095378    
      268165   2.089567    
      268166   2.083746    
      268167   2.077829    
      268168   2.071671    
      268169   2.065104    
      268170   2.058093    
      268171   2.050766    
      268172   2.043258    
      268173   2.035656    
      268174   2.028003    
      268175   2.020326    
      268176   2.012637    
      268177   2.004947    
      268178   1.997262    
      268179   1.989585    
      268180   1.981923    
      268181   1.974278    
      268182   1.966654    
      268183   1.959053    
      268184   1.951480    
      268185   1.943936    
      268186   1.936427    
      268187   1.928955    
      268188   1.921526    
      268189   1.914146    
      268190   1.906817    
      268191   1.899544    
      268192   1.892330    
      268193   1.885174    
      268194   1.878080    
      268195   1.871051    
      268196   1.864091    
      268197   1.857202    
      268198   1.850390    
      268199   1.843657    
      268200   1.837007    
      268201   1.830442    
      268202   1.823960    
      268203   1.817555    
      268204   1.811210    
      268205   1.804883    
      268206   1.798494    
      268207   1.791899    
      268208   1.784895    
      268209   1.777405    
      268210   1.769571    
      268211   1.761554    
      268212   1.753450    
      268213   1.745308    
      268214   1.737149    
      268215   1.728983    
      268216   1.720814    
      268217   1.712646    
      268218   1.704477    
      268219   1.696310    
      268220   1.688143    
      268221   1.679977    
      268222   1.671813    
      268223   1.663650    
      268224   1.655489    
      268225   1.647329    
      268226   1.639171    
      268227   1.631016    
      268228   1.622862    
      268229   1.614712    
      268230   1.606564    
      268231   1.598419    
      268232   1.590278    
      268233   1.582140    
      268234   1.574007    
      268235   1.565878    
      268236   1.557754    
      268237   1.549635    
      268238   1.541522    
      268239   1.533416    
      268240   1.525317    
      268241   1.517226    
      268242   1.509144    
      268243   1.501071    
      268244   1.493009    
      268245   1.484959    
      268246   1.476923    
      268247   1.468901    
      268248   1.460895    
      268249   1.452908    
      268250   1.444942    
      268251   1.436999    
      268252   1.429082    
      268253   1.421194    
      268254   1.413340    
      268255   1.405522    
      268256   1.397746    
      268257   1.390015    
      268258   1.382333    
      268259   1.374704    
      268260   1.367131    
      268261   1.359617    
      268262   1.352162    
      268263   1.344768    
      268264   1.337436    
      268265   1.330167    
      268266   1.322964    
      268267   1.315830    
      268268   1.308771    
      268269   1.301795    
      268270   1.294911    
      268271   1.288131    
      268272   1.281467    
      268273   1.274933    
      268274   1.268538    
      268275   1.262287    
      268276   1.256177    
      268277   1.250194    
      268278   1.244321    
      268279   1.238530    
      268280   1.232784    
      268281   1.227035    
      268282   1.221217    
      268283   1.215240    
      268284   1.208987    
      268285   1.202345    
      268286   1.195280    
      268287   1.187858    
      268288   1.180183    
      268289   1.172344    
      268290   1.164399    
      268291   1.156382    
      268292   1.148314    
      268293   1.140208    
      268294   1.132073    
      268295   1.123917    
      268296   1.115745    
      268297   1.107563    
      268298   1.099374    
      268299   1.091180    
      268300   1.082984    
      268301   1.074788    
      268302   1.066591    
      268303   1.058394    
      268304   1.050198    
      268305   1.042004    
      268306   1.033811    
      268307   1.025621    
      268308   1.017432    
      268309   1.009247    
      268310   1.001065    
      268311  0.9928857    
      268312  0.9847108    
      268313  0.9765403    
      268314  0.9683748    
      268315  0.9602149    
      268316  0.9520612    
      268317  0.9439147    
      268318  0.9357762    
      268319  0.9276470    
      268320  0.9195283    
      268321  0.9114215    
      268322  0.9033286    
      268323  0.8952516    
      268324  0.8871933    
      268325  0.8791567    
      268326  0.8711456    
      268327  0.8631645    
      268328  0.8552194    
      268329  0.8473172    
      268330  0.8394669    
      268331  0.8316793    
      268332  0.8239674    
      268333  0.8163456    
      268334  0.8088291    
      268335  0.8014326    
      268336  0.7941684    
      268337  0.7870455    
      268338  0.7800713    
      268339  0.7732477    
      268340  0.7665708    
      268341  0.7600323    
      268342  0.7536198    
      268343  0.7473177    
      268344  0.7411079    
      268345  0.7349731    
      268346  0.7288998    
      268347  0.7228781    
      268348  0.7169033    
      268349  0.7109740    
      268350  0.7050914    
      268351  0.6992588    
      268352  0.6934812    
      268353  0.6877644    
      268354  0.6821128    
      268355  0.6765265    
      268356  0.6709958    
      268357  0.6654950    
      268358  0.6599731    
      268359  0.6543374    
      268360  0.6484423    
      268361  0.6420910    
      268362  0.6351528    
      268363  0.6277232    
      268364  0.6199827    
      268365  0.6120627    
      268366  0.6040361    
      268367  0.5959415    
      268368  0.5878004    
      268369  0.5796250    
      268370  0.5714232    
      268371  0.5632007    
      268372  0.5549617    
      268373  0.5467100    
      268374  0.5384488    
      268375  0.5301818    
      268376  0.5219110    
      268377  0.5136378    
      268378  0.5053632    
      268379  0.4970874    
      268380  0.4888109    
      268381  0.4805338    
      268382  0.4722562    
      268383  0.4639784    
      268384  0.4557002    
      268385  0.4474218    
      268386  0.4391432    
      268387  0.4308645    
      268388  0.4225855    
      268389  0.4143064    
      268390  0.4060271    
      268391  0.3977478    
      268392  0.3894683    
      268393  0.3811887    
      268394  0.3729090    
      268395  0.3646291    
      268396  0.3563492    
      268397  0.3480692    
      268398  0.3397891    
      268399  0.3315089    
      268400  0.3232286    
      268401  0.3149482    
      268402  0.3066677    
      268403  0.2983871    
      268404  0.2901065    
      268405  0.2818258    
      268406  0.2735450    
      268407  0.2652641    
      268408  0.2569832    
      268409  0.2487022    
      268410  0.2404211    
      268411  0.2321399    
      268412  0.2238588    
      268413  0.2155776    
      268414  0.2072963    
      268415  0.1990150    
      268416  0.1907337    
      268417  0.1824525    
      268418  0.1741712    
      268419  0.1658901    
      268420  0.1576092    
      268421  0.1493285    
      268422  0.1410481    
      268423  0.1327683    
      268424  0.1244893    
      268425  0.1162113    
      268426  0.1079347    
      268427  9.9659875E-02
      268428  9.1387466E-02
      268429  8.3118409E-02
      268430  7.4854165E-02
      268431  6.6597372E-02
      268432  5.8353044E-02
      268433  5.0131764E-02
      268434  4.1957177E-02
      268435  3.3884622E-02
      268436  2.6047930E-02
      268437  1.8774647E-02
      268438  1.2862684E-02
      268439  1.0157422E-02
      268440  1.2862682E-02
      268441  1.8774645E-02
      268442  2.6047925E-02
      268443  3.3884618E-02
      268444  4.1957177E-02
      268445  5.0131768E-02
      268446  5.8353044E-02
      268447  6.6597372E-02
      268448  7.4854173E-02
      268449  8.3118409E-02
      268450  9.1387480E-02
      268451  9.9659875E-02
      268452  0.1079347    
      268453  0.1162113    
      268454  0.1244893    
      268455  0.1327684    
      268456  0.1410481    
      268457  0.1493285    
      268458  0.1576092    
      268459  0.1658901    
      268460  0.1741712    
      268461  0.1824525    
