       12041  0.1741712    
       12042  0.1658901    
       12043  0.1576092    
       12044  0.1493285    
       12045  0.1410481    
       12046  0.1327683    
       12047  0.1244893    
       12048  0.1162113    
       12049  0.1079347    
       12050  9.9659875E-02
       12051  9.1387466E-02
       12052  8.3118409E-02
       12053  7.4854165E-02
       12054  6.6597372E-02
       12055  5.8353044E-02
       12056  5.0131764E-02
       12057  4.1957177E-02
       12058  3.3884622E-02
       12059  2.6047930E-02
       12060  1.8774647E-02
       12061  1.2862684E-02
       12062  1.0157422E-02
       12063  1.2862682E-02
       12064  1.8774645E-02
       12065  2.6047925E-02
       12066  3.3884618E-02
       12067  4.1957177E-02
       12068  5.0131768E-02
       12069  5.8353044E-02
       12070  6.6597372E-02
       12071  7.4854173E-02
       12072  8.3118409E-02
       12073  9.1387480E-02
       12074  9.9659875E-02
       12075  0.1079347    
       12076  0.1162113    
       12077  0.1244893    
       12078  0.1327684    
       12079  0.1410481    
       12080  0.1493285    
       12081  0.1576092    
       12082  0.1658901    
       12083  0.1741712    
       12084  0.1824525    
       12085  0.1907337    
       12086  0.1990150    
       12087  0.2072963    
       12088  0.2155775    
       12089  0.2238588    
       12090  0.2321400    
       12091  0.2404211    
       12092  0.2487021    
       12093  0.2569832    
       12094  0.2652641    
       12095  0.2735450    
       12096  0.2818258    
       12097  0.2901065    
       12098  0.2983871    
       12099  0.3066677    
       12100  0.3149481    
       12101  0.3232285    
       12102  0.3315088    
       12103  0.3397891    
       12104  0.3480692    
       12105  0.3563492    
       12106  0.3646292    
       12107  0.3729090    
       12108  0.3811887    
       12109  0.3894683    
       12110  0.3977478    
       12111  0.4060271    
       12112  0.4143063    
       12113  0.4225853    
       12114  0.4308641    
       12115  0.4391427    
       12116  0.4474211    
       12117  0.4556992    
       12118  0.4639770    
       12119  0.4722543    
       12120  0.4805313    
       12121  0.4888079    
       12122  0.4970840    
       12123  0.5053598    
       12124  0.5136352    
       12125  0.5219101    
       12126  0.5301842    
       12127  0.5384574    
       12128  0.5467288    
       12129  0.5549970    
       12130  0.5632616    
       12131  0.5715225    
       12132  0.5797794    
       12133  0.5880307    
       12134  0.5962730    
       12135  0.6044982    
       12136  0.6126882    
       12137  0.6208046    
       12138  0.6287696    
       12139  0.6364415    
       12140  0.6436329    
       12141  0.6503150    
       12142  0.6566615    
       12143  0.6628409    
       12144  0.6689585    
       12145  0.6750747    
       12146  0.6812240    
       12147  0.6874230    
       12148  0.6936799    
       12149  0.6999993    
       12150  0.7063824    
       12151  0.7128310    
       12152  0.7193474    
       12153  0.7259322    
       12154  0.7325860    
       12155  0.7393086    
       12156  0.7460999    
       12157  0.7529607    
       12158  0.7598909    
       12159  0.7668908    
       12160  0.7739595    
       12161  0.7810970    
       12162  0.7883042    
       12163  0.7955829    
       12164  0.8029329    
       12165  0.8103482    
       12166  0.8178201    
       12167  0.8253416    
       12168  0.8329073    
       12169  0.8405134    
       12170  0.8481560    
       12171  0.8558319    
       12172  0.8635385    
       12173  0.8712732    
       12174  0.8790334    
       12175  0.8868172    
       12176  0.8946228    
       12177  0.9024484    
       12178  0.9102924    
       12179  0.9181535    
       12180  0.9260304    
       12181  0.9339218    
       12182  0.9418266    
       12183  0.9497439    
       12184  0.9576728    
       12185  0.9656125    
       12186  0.9735622    
       12187  0.9815212    
       12188  0.9894890    
       12189  0.9974647    
       12190   1.005448    
       12191   1.013438    
       12192   1.021435    
       12193   1.029437    
       12194   1.037445    
       12195   1.045457    
       12196   1.053472    
       12197   1.061491    
       12198   1.069511    
       12199   1.077534    
       12200   1.085557    
       12201   1.093580    
       12202   1.101602    
       12203   1.109622    
       12204   1.117638    
       12205   1.125647    
       12206   1.133641    
       12207   1.141607    
       12208   1.149515    
       12209   1.157306    
       12210   1.164888    
       12211   1.172182    
       12212   1.179226    
       12213   1.186138    
       12214   1.193015    
       12215   1.199915    
       12216   1.206871    
       12217   1.213898    
       12218   1.221002    
       12219   1.228186    
       12220   1.235453    
       12221   1.242802    
       12222   1.250224    
       12223   1.257709    
       12224   1.265247    
       12225   1.272831    
       12226   1.280457    
       12227   1.288121    
       12228   1.295820    
       12229   1.303550    
       12230   1.311308    
       12231   1.319092    
       12232   1.326899    
       12233   1.334727    
       12234   1.342573    
       12235   1.350435    
       12236   1.358310    
       12237   1.366196    
       12238   1.374087    
       12239   1.381982    
       12240   1.389876    
       12241   1.397764    
       12242   1.405640    
       12243   1.413494    
       12244   1.421309    
       12245   1.429052    
       12246   1.436662    
       12247   1.444033    
       12248   1.451047    
       12249   1.457680    
       12250   1.464051    
       12251   1.470289    
       12252   1.476482    
       12253   1.482683    
       12254   1.488918    
       12255   1.495205    
       12256   1.501554    
       12257   1.507971    
       12258   1.514464    
       12259   1.521038    
       12260   1.527693    
       12261   1.534430    
       12262   1.541246    
       12263   1.548137    
       12264   1.555102    
       12265   1.562137    
       12266   1.569241    
       12267   1.576413    
       12268   1.583655    
       12269   1.590968    
       12270   1.598351    
       12271   1.605799    
       12272   1.613302    
       12273   1.620853    
       12274   1.628449    
       12275   1.636086    
       12276   1.643761    
       12277   1.651472    
       12278   1.659214    
       12279   1.666987    
       12280   1.674788    
       12281   1.682613    
       12282   1.690462    
       12283   1.698332    
       12284   1.706221    
       12285   1.714128    
       12286   1.722051    
       12287   1.729989    
       12288   1.737941    
       12289   1.745905    
       12290   1.753881    
       12291   1.761868    
       12292   1.769865    
       12293   1.777870    
       12294   1.785884    
       12295   1.793906    
       12296   1.801935    
       12297   1.809971    
       12298   1.818012    
       12299   1.826059    
       12300   1.834111    
       12301   1.842167    
       12302   1.850228    
       12303   1.858292    
       12304   1.866360    
       12305   1.874431    
       12306   1.882505    
       12307   1.890582    
       12308   1.898660    
       12309   1.906740    
       12310   1.914822    
       12311   1.922905    
       12312   1.930988    
       12313   1.939071    
       12314   1.947154    
       12315   1.955235    
       12316   1.963314    
       12317   1.971388    
       12318   1.979455    
       12319   1.987509    
       12320   1.995544    
       12321   2.003548    
       12322   2.011505    
       12323   2.019409    
       12324   2.027265    
       12325   2.035089    
       12326   2.042897    
       12327   2.050697    
       12328   2.058499    
       12329   2.066306    
       12330   2.074123    
       12331   2.081949    
       12332   2.089787    
       12333   2.097636    
       12334   2.105496    
       12335   2.113368    
       12336   2.121250    
       12337   2.129141    
       12338   2.137040    
       12339   2.144945    
       12340   2.152851    
       12341   2.160743    
       12342   2.168592    
