      159886   2.158884    
      159887   2.150802    
      159888   2.142721    
      159889   2.134642    
      159890   2.126564    
      159891   2.118487    
      159892   2.110412    
      159893   2.102338    
      159894   2.094267    
      159895   2.086197    
      159896   2.078129    
      159897   2.070063    
      159898   2.062000    
      159899   2.053939    
      159900   2.045880    
      159901   2.037824    
      159902   2.029771    
      159903   2.021721    
      159904   2.013674    
      159905   2.005630    
      159906   1.997590    
      159907   1.989554    
      159908   1.981522    
      159909   1.973495    
      159910   1.965472    
      159911   1.957454    
      159912   1.949441    
      159913   1.941433    
      159914   1.933432    
      159915   1.925437    
      159916   1.917449    
      159917   1.909468    
      159918   1.901494    
      159919   1.893529    
      159920   1.885572    
      159921   1.877624    
      159922   1.869687    
      159923   1.861760    
      159924   1.853845    
      159925   1.845942    
      159926   1.838051    
      159927   1.830175    
      159928   1.822315    
      159929   1.814471    
      159930   1.806644    
      159931   1.798837    
      159932   1.791050    
      159933   1.783286    
      159934   1.775546    
      159935   1.767831    
      159936   1.760144    
      159937   1.752488    
      159938   1.744863    
      159939   1.737272    
      159940   1.729717    
      159941   1.722200    
      159942   1.714724    
      159943   1.707290    
      159944   1.699903    
      159945   1.692565    
      159946   1.685277    
      159947   1.678037    
      159948   1.670846    
      159949   1.663702    
      159950   1.656603    
      159951   1.649551    
      159952   1.642545    
      159953   1.635585    
      159954   1.628673    
      159955   1.621810    
      159956   1.614998    
      159957   1.608239    
      159958   1.601536    
      159959   1.594890    
      159960   1.588303    
      159961   1.581771    
      159962   1.575294    
      159963   1.568865    
      159964   1.562478    
      159965   1.556126    
      159966   1.549796    
      159967   1.543462    
      159968   1.537075    
      159969   1.530549    
      159970   1.523752    
      159971   1.516548    
      159972   1.508959    
      159973   1.501128    
      159974   1.493174    
      159975   1.485160    
      159976   1.477119    
      159977   1.469065    
      159978   1.461005    
      159979   1.452941    
      159980   1.444876    
      159981   1.436809    
      159982   1.428743    
      159983   1.420677    
      159984   1.412612    
      159985   1.404549    
      159986   1.396488    
      159987   1.388428    
      159988   1.380372    
      159989   1.372318    
      159990   1.364268    
      159991   1.356222    
      159992   1.348180    
      159993   1.340143    
      159994   1.332111    
      159995   1.324085    
      159996   1.316065    
      159997   1.308051    
      159998   1.300043    
      159999   1.292044    
      160000   1.284052    
      160001   1.276069    
      160002   1.268095    
      160003   1.260131    
      160004   1.252177    
      160005   1.244236    
      160006   1.236306    
      160007   1.228390    
      160008   1.220489    
      160009   1.212603    
      160010   1.204735    
      160011   1.196885    
      160012   1.189056    
      160013   1.181249    
      160014   1.173466    
      160015   1.165710    
      160016   1.157984    
      160017   1.150290    
      160018   1.142632    
      160019   1.135014    
      160020   1.127440    
      160021   1.119917    
      160022   1.112451    
      160023   1.105047    
      160024   1.097709    
      160025   1.090438    
      160026   1.083232    
      160027   1.076087    
      160028   1.068995    
      160029   1.061937    
      160030   1.054878    
      160031   1.047758    
      160032   1.040486    
      160033   1.032980    
      160034   1.025249    
      160035   1.017375    
      160036   1.009425    
      160037   1.001437    
      160038  0.9934319    
      160039  0.9854187    
      160040  0.9774026    
      160041  0.9693862    
      160042  0.9613715    
      160043  0.9533595    
      160044  0.9453511    
      160045  0.9373474    
      160046  0.9293492    
      160047  0.9213578    
      160048  0.9133741    
      160049  0.9053996    
      160050  0.8974356    
      160051  0.8894837    
      160052  0.8815454    
      160053  0.8736223    
      160054  0.8657157    
      160055  0.8578278    
      160056  0.8499603    
      160057  0.8421155    
      160058  0.8342959    
      160059  0.8265042    
      160060  0.8187438    
      160061  0.8110183    
      160062  0.8033320    
      160063  0.7956902    
      160064  0.7880994    
      160065  0.7805674    
      160066  0.7731029    
      160067  0.7657145    
      160068  0.7584083    
      160069  0.7511879    
      160070  0.7440565    
      160071  0.7370193    
      160072  0.7300821    
      160073  0.7232502    
      160074  0.7165274    
      160075  0.7099156    
      160076  0.7034135    
      160077  0.6970166    
      160078  0.6907201    
      160079  0.6845194    
      160080  0.6784068    
      160081  0.6723738    
      160082  0.6664118    
      160083  0.6605126    
      160084  0.6546658    
      160085  0.6488513    
      160086  0.6430250    
      160087  0.6370984    
      160088  0.6309251    
      160089  0.6243364    
      160090  0.6173042    
      160091  0.6099601    
      160092  0.6024392    
      160093  0.5948249    
      160094  0.5871618    
      160095  0.5794742    
      160096  0.5717758    
      160097  0.5640755    
      160098  0.5563793    
      160099  0.5486917    
      160100  0.5410159    
      160101  0.5333534    
      160102  0.5257035    
      160103  0.5180639    
      160104  0.5104293    
      160105  0.5027895    
      160106  0.4951269    
      160107  0.4874142    
      160108  0.4796138    
      160109  0.4716861    
      160110  0.4636273    
      160111  0.4554816    
      160112  0.4472832    
      160113  0.4390528    
      160114  0.4308031    
      160115  0.4225419    
      160116  0.4142735    
      160117  0.4060008    
      160118  0.3977254    
      160119  0.3894484    
      160120  0.3811704    
      160121  0.3728917    
      160122  0.3646125    
      160123  0.3563330    
      160124  0.3480533    
      160125  0.3397734    
      160126  0.3314935    
      160127  0.3232133    
      160128  0.3149332    
      160129  0.3066529    
      160130  0.2983727    
      160131  0.2900923    
      160132  0.2818120    
      160133  0.2735317    
      160134  0.2652515    
      160135  0.2569712    
      160136  0.2486909    
      160137  0.2404107    
      160138  0.2321304    
      160139  0.2238501    
      160140  0.2155698    
      160141  0.2072895    
      160142  0.1990090    
      160143  0.1907286    
      160144  0.1824481    
      160145  0.1741676    
      160146  0.1658871    
      160147  0.1576067    
      160148  0.1493264    
      160149  0.1410465    
      160150  0.1327671    
      160151  0.1244884    
      160152  0.1162106    
      160153  0.1079342    
      160154  9.9659480E-02
      160155  9.1387190E-02
      160156  8.3118208E-02
      160157  7.4854024E-02
      160158  6.6597261E-02
      160159  5.8352962E-02
      160160  5.0131708E-02
      160161  4.1957133E-02
      160162  3.3884581E-02
      160163  2.6047897E-02
      160164  1.8774623E-02
      160165  1.2862664E-02
      160166  1.0157401E-02
      160167  1.2862650E-02
      160168  1.8774588E-02
      160169  2.6047826E-02
      160170  3.3884455E-02
      160171  4.1956924E-02
      160172  5.0131377E-02
      160173  5.8352441E-02
      160174  6.6596448E-02
      160175  7.4852772E-02
      160176  8.3116286E-02
      160177  9.1384262E-02
      160178  9.9655017E-02
      160179  0.1079274    
      160180  0.1162002    
      160181  0.1244725    
      160182  0.1327429    
      160183  0.1410097    
      160184  0.1492707    
      160185  0.1575228    
      160186  0.1657629    
      160187  0.1739874    
      160188  0.1821924    
      160189  0.1903725    
      160190  0.1985204    
      160191  0.2066264    
      160192  0.2146765    
      160193  0.2226472    
      160194  0.2304960    
      160195  0.2381390    
      160196  0.2454402    
      160197  0.2522620    
      160198  0.2585981    
      160199  0.2646313    
      160200  0.2705511    
      160201  0.2764793    
      160202  0.2824805    
      160203  0.2885799    
      160204  0.2947832    
      160205  0.3010909    
      160206  0.3075000    
      160207  0.3140053    
      160208  0.3206011    
      160209  0.3272821    
      160210  0.3340442    
      160211  0.3408841    
      160212  0.3478001    
      160213  0.3547906    
      160214  0.3618545    
      160215  0.3689912    
      160216  0.3762017    
      160217  0.3834895    
      160218  0.3908584    
      160219  0.3983082    
      160220  0.4058326    
      160221  0.4134222    
      160222  0.4210693    
      160223  0.4287688    
      160224  0.4365163    
      160225  0.4443081    
      160226  0.4521397    
      160227  0.4600072    
      160228  0.4679067    
      160229  0.4758347    
      160230  0.4837880    
      160231  0.4917638    
      160232  0.4997598    
      160233  0.5077738    
      160234  0.5158039    
      160235  0.5238484    
      160236  0.5319057    
      160237  0.5399747    
      160238  0.5480540    
      160239  0.5561428    
      160240  0.5642402    
      160241  0.5723451    
      160242  0.5804569    
      160243  0.5885748    
      160244  0.5966980    
      160245  0.6048261    
      160246  0.6129582    
      160247  0.6210935    
      160248  0.6292309    
      160249  0.6373693    
      160250  0.6455071    
      160251  0.6536419    
      160252  0.6617707    
      160253  0.6698887    
      160254  0.6779892    
      160255  0.6860622    
      160256  0.6940929    
      160257  0.7020605    
      160258  0.7099369    
      160259  0.7176882    
      160260  0.7252741    
      160261  0.7326491    
      160262  0.7397726    
      160263  0.7466286    
      160264  0.7532409    
      160265  0.7596708    
      160266  0.7659842    
      160267  0.7722320    
      160268  0.7784451    
      160269  0.7846401    
      160270  0.7908251    
      160271  0.7970046    
      160272  0.8031822    
      160273  0.8093616    
      160274  0.8155481    
      160275  0.8217495    
      160276  0.8279769    
      160277  0.8342441    
      160278  0.8405648    
      160279  0.8469496    
      160280  0.8534065    
      160281  0.8599416    
      160282  0.8665588    
      160283  0.8732589    
      160284  0.8800414    
      160285  0.8869046    
      160286  0.8938456    
      160287  0.9008602    
      160288  0.9079447    
      160289  0.9150969    
      160290  0.9223166    
      160291  0.9296041    
      160292  0.9369608    
      160293  0.9443870    
      160294  0.9518807    
      160295  0.9594375    
      160296  0.9670519    
      160297  0.9747187    
      160298  0.9824343    
      160299  0.9901952    
      160300  0.9979984    
      160301   1.005840    
      160302   1.013717    
      160303   1.021625    
      160304   1.029562    
      160305   1.037523    
      160306   1.045506    
      160307   1.053509    
      160308   1.061530    
      160309   1.069567    
      160310   1.077618    
      160311   1.085682    
      160312   1.093758    
      160313   1.101843    
      160314   1.109938    
      160315   1.118042    
      160316   1.126153    
      160317   1.134272    
      160318   1.142396    
      160319   1.150527    
      160320   1.158662    
      160321   1.166803    
      160322   1.174948    
      160323   1.183097    
      160324   1.191250    
      160325   1.199406    
      160326   1.207566    
      160327   1.215728    
      160328   1.223893    
      160329   1.232060    
      160330   1.240229    
      160331   1.248401    
      160332   1.256574    
      160333   1.264750    
      160334   1.272926    
      160335   1.281104    
      160336   1.289284    
      160337   1.297465    
      160338   1.305646    
      160339   1.313829    
      160340   1.322013    
      160341   1.330197    
      160342   1.338383    
      160343   1.346569    
      160344   1.354755    
      160345   1.362942    
      160346   1.371130    
      160347   1.379318    
      160348   1.387506    
      160349   1.395695    
      160350   1.403885    
      160351   1.412074    
      160352   1.420264    
      160353   1.428453    
      160354   1.436644    
      160355   1.444834    
      160356   1.453025    
      160357   1.461215    
      160358   1.469406    
      160359   1.477597    
      160360   1.485788    
      160361   1.493979    
      160362   1.502170    
      160363   1.510361    
      160364   1.518552    
      160365   1.526743    
      160366   1.534935    
      160367   1.543126    
      160368   1.551317    
      160369   1.559508    
      160370   1.567700    
      160371   1.575891    
      160372   1.584082    
      160373   1.592273    
      160374   1.600465    
      160375   1.608656    
      160376   1.616847    
      160377   1.625039    
      160378   1.633230    
      160379   1.641421    
      160380   1.649612    
      160381   1.657804    
