      126841   1.746425    
      126842   1.738355    
      126843   1.730287    
      126844   1.722219    
      126845   1.714153    
      126846   1.706087    
      126847   1.698023    
      126848   1.689960    
      126849   1.681898    
      126850   1.673837    
      126851   1.665778    
      126852   1.657721    
      126853   1.649665    
      126854   1.641611    
      126855   1.633559    
      126856   1.625510    
      126857   1.617463    
      126858   1.609418    
      126859   1.601375    
      126860   1.593336    
      126861   1.585299    
      126862   1.577266    
      126863   1.569235    
      126864   1.561208    
      126865   1.553186    
      126866   1.545166    
      126867   1.537152    
      126868   1.529141    
      126869   1.521136    
      126870   1.513135    
      126871   1.505140    
      126872   1.497150    
      126873   1.489167    
      126874   1.481190    
      126875   1.473220    
      126876   1.465257    
      126877   1.457302    
      126878   1.449356    
      126879   1.441418    
      126880   1.433490    
      126881   1.425572    
      126882   1.417665    
      126883   1.409770    
      126884   1.401888    
      126885   1.394019    
      126886   1.386164    
      126887   1.378325    
      126888   1.370504    
      126889   1.362700    
      126890   1.354917    
      126891   1.347154    
      126892   1.339415    
      126893   1.331701    
      126894   1.324015    
      126895   1.316359    
      126896   1.308736    
      126897   1.301150    
      126898   1.293604    
      126899   1.286104    
      126900   1.278655    
      126901   1.271262    
      126902   1.263929    
      126903   1.256655    
      126904   1.249439    
      126905   1.242279    
      126906   1.235170    
      126907   1.228111    
      126908   1.221095    
      126909   1.214118    
      126910   1.207176    
      126911   1.200265    
      126912   1.193386    
      126913   1.186538    
      126914   1.179726    
      126915   1.172953    
      126916   1.166224    
      126917   1.159544    
      126918   1.152918    
      126919   1.146350    
      126920   1.139843    
      126921   1.133399    
      126922   1.127015    
      126923   1.120690    
      126924   1.114421    
      126925   1.108200    
      126926   1.102017    
      126927   1.095855    
      126928   1.089681    
      126929   1.083436    
      126930   1.077018    
      126931   1.070273    
      126932   1.063066    
      126933   1.055458    
      126934   1.047614    
      126935   1.039653    
      126936   1.031638    
      126937   1.023599    
      126938   1.015548    
      126939   1.007492    
      126940  0.9994332    
      126941  0.9913732    
      126942  0.9833132    
      126943  0.9752536    
      126944  0.9671950    
      126945  0.9591379    
      126946  0.9510828    
      126947  0.9430300    
      126948  0.9349799    
      126949  0.9269330    
      126950  0.9188897    
      126951  0.9108504    
      126952  0.9028155    
      126953  0.8947855    
      126954  0.8867608    
      126955  0.8787417    
      126956  0.8707289    
      126957  0.8627227    
      126958  0.8547236    
      126959  0.8467321    
      126960  0.8387489    
      126961  0.8307744    
      126962  0.8228093    
      126963  0.8148544    
      126964  0.8069104    
      126965  0.7989782    
      126966  0.7910587    
      126967  0.7831527    
      126968  0.7752616    
      126969  0.7673866    
      126970  0.7595290    
      126971  0.7516905    
      126972  0.7438726    
      126973  0.7360774    
      126974  0.7283069    
      126975  0.7205633    
      126976  0.7128493    
      126977  0.7051679    
      126978  0.6975227    
      126979  0.6899179    
      126980  0.6823584    
      126981  0.6748499    
      126982  0.6673986    
      126983  0.6600102    
      126984  0.6526877    
      126985  0.6454313    
      126986  0.6382392    
      126987  0.6311077    
      126988  0.6240274    
      126989  0.6169776    
      126990  0.6099205    
      126991  0.6027907    
      126992  0.5954940    
      126993  0.5879538    
      126994  0.5801950    
      126995  0.5723020    
      126996  0.5643389    
      126997  0.5563416    
      126998  0.5483284    
      126999  0.5403081    
      127000  0.5322855    
      127001  0.5242629    
      127002  0.5162420    
      127003  0.5082239    
      127004  0.5002093    
      127005  0.4921993    
      127006  0.4841947    
      127007  0.4761966    
      127008  0.4682060    
      127009  0.4602243    
      127010  0.4522530    
      127011  0.4442934    
      127012  0.4363470    
      127013  0.4284152    
      127014  0.4204996    
      127015  0.4126019    
      127016  0.4047241    
      127017  0.3968681    
      127018  0.3890363    
      127019  0.3812315    
      127020  0.3734565    
      127021  0.3657147    
      127022  0.3580102    
      127023  0.3503477    
      127024  0.3427330    
      127025  0.3351728    
      127026  0.3276751    
      127027  0.3202479    
      127028  0.3128974    
      127029  0.3056252    
      127030  0.2984292    
      127031  0.2913007    
      127032  0.2842234    
      127033  0.2771657    
      127034  0.2700684    
      127035  0.2628362    
      127036  0.2553581    
      127037  0.2475937    
      127038  0.2396133    
      127039  0.2315051    
      127040  0.2233266    
      127041  0.2151122    
      127042  0.2068801    
      127043  0.1986396    
      127044  0.1903952    
      127045  0.1821488    
      127046  0.1739013    
      127047  0.1656528    
      127048  0.1574033    
      127049  0.1491528    
      127050  0.1409008    
      127051  0.1326472    
      127052  0.1243916    
      127053  0.1161340    
      127054  0.1078748    
      127055  9.9614486E-02
      127056  9.1353938E-02
      127057  8.3094314E-02
      127058  7.4837342E-02
      127059  6.6585928E-02
      127060  5.8345430E-02
      127061  5.0126776E-02
      127062  4.1953951E-02
      127063  3.3882573E-02
      127064  2.6046671E-02
      127065  1.8773913E-02
      127066  1.2862278E-02
      127067  1.0157182E-02
      127068  1.2862470E-02
      127069  1.8774405E-02
      127070  2.6047647E-02
      127071  3.3884306E-02
      127072  4.1956834E-02
      127073  5.0131403E-02
      127074  5.8352664E-02
      127075  6.6596985E-02
      127076  7.4853770E-02
      127077  8.3117999E-02
      127078  9.1387063E-02
      127079  9.9659473E-02
      127080  0.1079343    
      127081  0.1162109    
      127082  0.1244889    
      127083  0.1327679    
      127084  0.1410477    
      127085  0.1493280    
      127086  0.1576086    
      127087  0.1658896    
      127088  0.1741706    
      127089  0.1824518    
      127090  0.1907329    
      127091  0.1990140    
      127092  0.2072950    
      127093  0.2155759    
      127094  0.2238567    
      127095  0.2321373    
      127096  0.2404177    
      127097  0.2486981    
      127098  0.2569783    
      127099  0.2652583    
      127100  0.2735383    
      127101  0.2818182    
      127102  0.2900980    
      127103  0.2983778    
      127104  0.3066574    
      127105  0.3149371    
      127106  0.3232167    
      127107  0.3314963    
      127108  0.3397759    
      127109  0.3480554    
      127110  0.3563348    
      127111  0.3646142    
      127112  0.3728935    
      127113  0.3811726    
      127114  0.3894514    
      127115  0.3977299    
      127116  0.4060076    
      127117  0.4142839    
      127118  0.4225575    
      127119  0.4308262    
      127120  0.4390853    
      127121  0.4473259    
      127122  0.4555320    
      127123  0.4636731    
      127124  0.4716963    
      127125  0.4795181    
      127126  0.4870617    
      127127  0.4943506    
      127128  0.5014738    
      127129  0.5085149    
      127130  0.5155283    
      127131  0.5225468    
      127132  0.5295898    
      127133  0.5366701    
      127134  0.5437946    
      127135  0.5509670    
      127136  0.5581892    
      127137  0.5654609    
      127138  0.5727781    
      127139  0.5801344    
      127140  0.5875238    
      127141  0.5949409    
      127142  0.6023804    
      127143  0.6098356    
      127144  0.6172972    
      127145  0.6247531    
      127146  0.6321858    
      127147  0.6395699    
      127148  0.6468692    
      127149  0.6540311    
      127150  0.6609791    
      127151  0.6676121    
      127152  0.6738369    
      127153  0.6796451    
      127154  0.6851310    
      127155  0.6904225    
      127156  0.6956352    
      127157  0.7008612    
      127158  0.7061667    
      127159  0.7115917    
      127160  0.7171559    
      127161  0.7228665    
      127162  0.7287227    
      127163  0.7347184    
      127164  0.7408433    
      127165  0.7470880    
      127166  0.7534455    
      127167  0.7599084    
      127168  0.7664690    
      127169  0.7731204    
      127170  0.7798578    
      127171  0.7866773    
      127172  0.7935762    
      127173  0.8005522    
      127174  0.8076042    
      127175  0.8147311    
      127176  0.8219337    
      127177  0.8292145    
      127178  0.8365769    
      127179  0.8440212    
      127180  0.8515411    
      127181  0.8591270    
      127182  0.8667710    
      127183  0.8744677    
      127184  0.8822128    
      127185  0.8900020    
      127186  0.8978312    
      127187  0.9056963    
      127188  0.9135933    
      127189  0.9215186    
      127190  0.9294690    
      127191  0.9374419    
      127192  0.9454347    
      127193  0.9534453    
      127194  0.9614718    
      127195  0.9695126    
      127196  0.9775663    
      127197  0.9856314    
      127198  0.9937069    
      127199   1.001792    
      127200   1.009885    
      127201   1.017986    
      127202   1.026094    
      127203   1.034207    
      127204   1.042327    
      127205   1.050451    
      127206   1.058579    
      127207   1.066710    
      127208   1.074843    
      127209   1.082978    
      127210   1.091112    
      127211   1.099243    
      127212   1.107368    
      127213   1.115481    
      127214   1.123578    
      127215   1.131647    
      127216   1.139673    
      127217   1.147636    
      127218   1.155506    
      127219   1.163252    
      127220   1.170831    
      127221   1.178197    
      127222   1.185312    
      127223   1.192159    
      127224   1.198765    
      127225   1.205190    
      127226   1.211501    
      127227   1.217747    
      127228   1.223958    
      127229   1.230152    
      127230   1.236336    
      127231   1.242515    
      127232   1.248692    
      127233   1.254871    
      127234   1.261057    
      127235   1.267258    
      127236   1.273485    
      127237   1.279752    
      127238   1.286072    
      127239   1.292457    
      127240   1.298914    
      127241   1.305449    
      127242   1.312066    
      127243   1.318766    
      127244   1.325548    
      127245   1.332411    
      127246   1.339352    
      127247   1.346367    
      127248   1.353451    
      127249   1.360604    
      127250   1.367823    
      127251   1.375111    
      127252   1.382467    
      127253   1.389893    
      127254   1.397386    
      127255   1.404943    
      127256   1.412557    
      127257   1.420223    
      127258   1.427938    
      127259   1.435699    
      127260   1.443501    
      127261   1.451343    
      127262   1.459219    
      127263   1.467127    
      127264   1.475063    
      127265   1.483024    
      127266   1.491007    
      127267   1.499010    
      127268   1.507031    
      127269   1.515068    
      127270   1.523119    
      127271   1.531183    
      127272   1.539258    
      127273   1.547343    
      127274   1.555438    
      127275   1.563542    
      127276   1.571653    
      127277   1.579771    
      127278   1.587896    
      127279   1.596026    
      127280   1.604162    
      127281   1.612303    
      127282   1.620448    
      127283   1.628597    
      127284   1.636750    
      127285   1.644906    
      127286   1.653065    
      127287   1.661228    
      127288   1.669392    
      127289   1.677559    
      127290   1.685729    
      127291   1.693901    
      127292   1.702074    
      127293   1.710249    
      127294   1.718426    
      127295   1.726604    
      127296   1.734783    
      127297   1.742964    
      127298   1.751146    
      127299   1.759328    
      127300   1.767512    
      127301   1.775697    
      127302   1.783882    
      127303   1.792068    
      127304   1.800254    
      127305   1.808441    
      127306   1.816629    
      127307   1.824817    
      127308   1.833005    
      127309   1.841194    
      127310   1.849384    
      127311   1.857573    
      127312   1.865762    
      127313   1.873952    
      127314   1.882143    
      127315   1.890333    
      127316   1.898524    
      127317   1.906714    
      127318   1.914905    
      127319   1.923096    
      127320   1.931287    
      127321   1.939477    
      127322   1.947669    
      127323   1.955860    
      127324   1.964051    
      127325   1.972242    
      127326   1.980433    
      127327   1.988624    
      127328   1.996816    
      127329   2.005007    
      127330   2.013198    
      127331   2.021389    
      127332   2.029581    
      127333   2.037772    
      127334   2.045963    
      127335   2.054154    
      127336   2.062346    
      127337   2.070537    
      127338   2.078728    
      127339   2.086919    
      127340   2.095110    
      127341   2.103301    
