      195229   2.096829    
      195230   2.089731    
      195231   2.082679    
      195232   2.075673    
      195233   2.068713    
      195234   2.061801    
      195235   2.054938    
      195236   2.048126    
      195237   2.041367    
      195238   2.034664    
      195239   2.028019    
      195240   2.021432    
      195241   2.014901    
      195242   2.008424    
      195243   2.001996    
      195244   1.995610    
      195245   1.989258    
      195246   1.982928    
      195247   1.976594    
      195248   1.970207    
      195249   1.963682    
      195250   1.956885    
      195251   1.949682    
      195252   1.942093    
      195253   1.934262    
      195254   1.926307    
      195255   1.918294    
      195256   1.910253    
      195257   1.902199    
      195258   1.894139    
      195259   1.886075    
      195260   1.878009    
      195261   1.869943    
      195262   1.861877    
      195263   1.853811    
      195264   1.845746    
      195265   1.837683    
      195266   1.829621    
      195267   1.821562    
      195268   1.813506    
      195269   1.805452    
      195270   1.797402    
      195271   1.789356    
      195272   1.781314    
      195273   1.773277    
      195274   1.765245    
      195275   1.757219    
      195276   1.749198    
      195277   1.741184    
      195278   1.733177    
      195279   1.725178    
      195280   1.717186    
      195281   1.709203    
      195282   1.701229    
      195283   1.693265    
      195284   1.685312    
      195285   1.677370    
      195286   1.669440    
      195287   1.661525    
      195288   1.653623    
      195289   1.645737    
      195290   1.637869    
      195291   1.630019    
      195292   1.622190    
      195293   1.614383    
      195294   1.606600    
      195295   1.598845    
      195296   1.591118    
      195297   1.583424    
      195298   1.575766    
      195299   1.568148    
      195300   1.560575    
      195301   1.553052    
      195302   1.545585    
      195303   1.538182    
      195304   1.530844    
      195305   1.523573    
      195306   1.516367    
      195307   1.509222    
      195308   1.502131    
      195309   1.495073    
      195310   1.488014    
      195311   1.480894    
      195312   1.473622    
      195313   1.466116    
      195314   1.458385    
      195315   1.450510    
      195316   1.442560    
      195317   1.434572    
      195318   1.426567    
      195319   1.418554    
      195320   1.410537    
      195321   1.402521    
      195322   1.394506    
      195323   1.386494    
      195324   1.378486    
      195325   1.370482    
      195326   1.362484    
      195327   1.354493    
      195328   1.346509    
      195329   1.338535    
      195330   1.330571    
      195331   1.322619    
      195332   1.314681    
      195333   1.306757    
      195334   1.298851    
      195335   1.290963    
      195336   1.283095    
      195337   1.275250    
      195338   1.267431    
      195339   1.259639    
      195340   1.251879    
      195341   1.244153    
      195342   1.236467    
      195343   1.228825    
      195344   1.221235    
      195345   1.213703    
      195346   1.206239    
      195347   1.198850    
      195348   1.191545    
      195349   1.184324    
      195350   1.177193    
      195351   1.170157    
      195352   1.163220    
      195353   1.156389    
      195354   1.149667    
      195355   1.143055    
      195356   1.136554    
      195357   1.130158    
      195358   1.123862    
      195359   1.117662    
      195360   1.111550    
      195361   1.105518    
      195362   1.099558    
      195363   1.093660    
      195364   1.087816    
      195365   1.082004    
      195366   1.076184    
      195367   1.070267    
      195368   1.064109    
      195369   1.057543    
      195370   1.050533    
      195371   1.043206    
      195372   1.035699    
      195373   1.028097    
      195374   1.020444    
      195375   1.012767    
      195376   1.005078    
      195377  0.9973884    
      195378  0.9897027    
      195379  0.9820267    
      195380  0.9743643    
      195381  0.9667193    
      195382  0.9590948    
      195383  0.9514941    
      195384  0.9439204    
      195385  0.9363768    
      195386  0.9288672    
      195387  0.9213955    
      195388  0.9139665    
      195389  0.9065854    
      195390  0.8992568    
      195391  0.8919839    
      195392  0.8847687    
      195393  0.8776131    
      195394  0.8705190    
      195395  0.8634897    
      195396  0.8565288    
      195397  0.8496400    
      195398  0.8428272    
      195399  0.8360942    
      195400  0.8294443    
      195401  0.8228805    
      195402  0.8164041    
      195403  0.8100149    
      195404  0.8037123    
      195405  0.7974947    
      195406  0.7913508    
      195407  0.7852485    
      195408  0.7791189    
      195409  0.7728339    
      195410  0.7661844    
      195411  0.7589847    
      195412  0.7513217    
      195413  0.7433972    
      195414  0.7353479    
      195415  0.7272427    
      195416  0.7191141    
      195417  0.7109759    
      195418  0.7028346    
      195419  0.6946927    
      195420  0.6865513    
      195421  0.6784112    
      195422  0.6702725    
      195423  0.6621354    
      195424  0.6540003    
      195425  0.6458673    
      195426  0.6377368    
      195427  0.6296089    
      195428  0.6214838    
      195429  0.6133619    
      195430  0.6052435    
      195431  0.5971289    
      195432  0.5890183    
      195433  0.5809124    
      195434  0.5728112    
      195435  0.5647156    
      195436  0.5566257    
      195437  0.5485422    
      195438  0.5404657    
      195439  0.5323966    
      195440  0.5243357    
      195441  0.5162838    
      195442  0.5082418    
      195443  0.5002104    
      195444  0.4921907    
      195445  0.4841838    
      195446  0.4761910    
      195447  0.4682134    
      195448  0.4602528    
      195449  0.4523107    
      195450  0.4443890    
      195451  0.4364899    
      195452  0.4286156    
      195453  0.4207688    
      195454  0.4129524    
      195455  0.4051695    
      195456  0.3974233    
      195457  0.3897173    
      195458  0.3820556    
      195459  0.3744419    
      195460  0.3668802    
      195461  0.3593741    
      195462  0.3519261    
      195463  0.3445381    
      195464  0.3372111    
      195465  0.3299468    
      195466  0.3227478    
      195467  0.3156181    
      195468  0.3085628    
      195469  0.3015897    
      195470  0.2947083    
      195471  0.2879300    
      195472  0.2812670    
      195473  0.2747318    
      195474  0.2683341    
      195475  0.2620774    
      195476  0.2559548    
      195477  0.2499503    
      195478  0.2440331    
      195479  0.2381495    
      195480  0.2322093    
      195481  0.2260769    
      195482  0.2195759    
      195483  0.2125772    
      195484  0.2051337    
      195485  0.1973988    
      195486  0.1894987    
      195487  0.1815017    
      195488  0.1734413    
      195489  0.1653356    
      195490  0.1571948    
      195491  0.1490254    
      195492  0.1408320    
      195493  0.1326182    
      195494  0.1243873    
      195495  0.1161429    
      195496  0.1078891    
      195497  9.9629544E-02
      195498  9.1367356E-02
      195499  8.3105087E-02
      195500  7.4845366E-02
      195501  6.6591576E-02
      195502  5.8349255E-02
      195503  5.0129309E-02
      195504  4.1955590E-02
      195505  3.3883616E-02
      195506  2.6047312E-02
      195507  1.8774286E-02
      195508  1.2862485E-02
      195509  1.0157303E-02
      195510  1.2862575E-02
      195511  1.8774521E-02
      195512  2.6047777E-02
      195513  3.3884443E-02
      195514  4.1956976E-02
      195515  5.0131544E-02
      195516  5.8352783E-02
      195517  6.6597067E-02
      195518  7.4853793E-02
      195519  8.3117940E-02
      195520  9.1386870E-02
      195521  9.9659070E-02
      195522  0.1079336    
      195523  0.1162097    
      195524  0.1244870    
      195525  0.1327650    
      195526  0.1410432    
      195527  0.1493210    
      195528  0.1575981    
      195529  0.1658736    
      195530  0.1741464    
      195531  0.1824152    
      195532  0.1906780    
      195533  0.1989319    
      195534  0.2071729    
      195535  0.2153951    
      195536  0.2235898    
      195537  0.2317452    
      195538  0.2398473    
      195539  0.2478813    
      195540  0.2558300    
      195541  0.2636647    
      195542  0.2713305    
      195543  0.2787516    
      195544  0.2858694    
      195545  0.2926819    
      195546  0.2992460    
      195547  0.3056428    
      195548  0.3119389    
      195549  0.3181815    
      195550  0.3243987    
      195551  0.3306045    
      195552  0.3368059    
      195553  0.3430076    
      195554  0.3492151    
      195555  0.3554364    
      195556  0.3616829    
      195557  0.3679693    
      195558  0.3743111    
      195559  0.3807217    
      195560  0.3872114    
      195561  0.3937860    
      195562  0.4004467    
      195563  0.4071923    
      195564  0.4140216    
      195565  0.4209315    
      195566  0.4279191    
      195567  0.4349813    
      195568  0.4421150    
      195569  0.4493160    
      195570  0.4565802    
      195571  0.4639024    
      195572  0.4712768    
      195573  0.4786967    
      195574  0.4861584    
      195575  0.4936619    
      195576  0.5012079    
      195577  0.5087960    
      195578  0.5164251    
      195579  0.5240952    
      195580  0.5318053    
      195581  0.5395539    
      195582  0.5473388    
      195583  0.5551577    
      195584  0.5630078    
      195585  0.5708863    
      195586  0.5787907    
      195587  0.5867184    
      195588  0.5946673    
      195589  0.6026355    
      195590  0.6106212    
      195591  0.6186227    
      195592  0.6266387    
      195593  0.6346678    
      195594  0.6427089    
      195595  0.6507609    
      195596  0.6588229    
      195597  0.6668938    
      195598  0.6749732    
      195599  0.6830602    
      195600  0.6911541    
      195601  0.6992545    
      195602  0.7073608    
      195603  0.7154725    
      195604  0.7235891    
      195605  0.7317103    
      195606  0.7398357    
      195607  0.7479650    
      195608  0.7560980    
      195609  0.7642342    
      195610  0.7723736    
      195611  0.7805157    
      195612  0.7886604    
      195613  0.7968076    
      195614  0.8049569    
      195615  0.8131083    
      195616  0.8212616    
      195617  0.8294166    
      195618  0.8375733    
      195619  0.8457315    
      195620  0.8538910    
      195621  0.8620517    
      195622  0.8702136    
      195623  0.8783764    
      195624  0.8865402    
      195625  0.8947049    
      195626  0.9028704    
      195627  0.9110366    
      195628  0.9192034    
      195629  0.9273706    
      195630  0.9355384    
      195631  0.9437066    
      195632  0.9518752    
      195633  0.9600441    
      195634  0.9682133    
      195635  0.9763827    
      195636  0.9845523    
      195637  0.9927219    
      195638   1.000892    
      195639   1.009062    
      195640   1.017231    
      195641   1.025401    
      195642   1.033571    
      195643   1.041741    
      195644   1.049910    
      195645   1.058079    
      195646   1.066249    
      195647   1.074417    
      195648   1.082586    
      195649   1.090754    
      195650   1.098922    
      195651   1.107089    
      195652   1.115256    
      195653   1.123423    
      195654   1.131589    
      195655   1.139755    
      195656   1.147920    
      195657   1.156084    
      195658   1.164248    
      195659   1.172411    
      195660   1.180573    
      195661   1.188735    
