      113961   1.591443    
      113962   1.583374    
      113963   1.575305    
      113964   1.567238    
      113965   1.559172    
      113966   1.551106    
      113967   1.543042    
      113968   1.534979    
      113969   1.526917    
      113970   1.518857    
      113971   1.510798    
      113972   1.502741    
      113973   1.494685    
      113974   1.486631    
      113975   1.478580    
      113976   1.470530    
      113977   1.462483    
      113978   1.454438    
      113979   1.446396    
      113980   1.438356    
      113981   1.430319    
      113982   1.422286    
      113983   1.414255    
      113984   1.406229    
      113985   1.398206    
      113986   1.390187    
      113987   1.382172    
      113988   1.374161    
      113989   1.366156    
      113990   1.358155    
      113991   1.350160    
      113992   1.342170    
      113993   1.334187    
      113994   1.326210    
      113995   1.318239    
      113996   1.310277    
      113997   1.302322    
      113998   1.294375    
      113999   1.286438    
      114000   1.278510    
      114001   1.270592    
      114002   1.262685    
      114003   1.254790    
      114004   1.246907    
      114005   1.239038    
      114006   1.231183    
      114007   1.223344    
      114008   1.215523    
      114009   1.207719    
      114010   1.199935    
      114011   1.192173    
      114012   1.184434    
      114013   1.176720    
      114014   1.169034    
      114015   1.161378    
      114016   1.153755    
      114017   1.146168    
      114018   1.138623    
      114019   1.131123    
      114020   1.123674    
      114021   1.116280    
      114022   1.108947    
      114023   1.101673    
      114024   1.094457    
      114025   1.087296    
      114026   1.080188    
      114027   1.073128    
      114028   1.066113    
      114029   1.059135    
      114030   1.052193    
      114031   1.045282    
      114032   1.038402    
      114033   1.031554    
      114034   1.024742    
      114035   1.017969    
      114036   1.011240    
      114037   1.004560    
      114038  0.9979336    
      114039  0.9913654    
      114040  0.9848584    
      114041  0.9784137    
      114042  0.9720300    
      114043  0.9657049    
      114044  0.9594351    
      114045  0.9532138    
      114046  0.9470303    
      114047  0.9408672    
      114048  0.9346911    
      114049  0.9284412    
      114050  0.9220145    
      114051  0.9152541    
      114052  0.9080297    
      114053  0.9004096    
      114054  0.8925577    
      114055  0.8845921    
      114056  0.8765737    
      114057  0.8685312    
      114058  0.8604777    
      114059  0.8524188    
      114060  0.8443574    
      114061  0.8362950    
      114062  0.8282324    
      114063  0.8201701    
      114064  0.8121088    
      114065  0.8040489    
      114066  0.7959909    
      114067  0.7879351    
      114068  0.7798821    
      114069  0.7718321    
      114070  0.7637857    
      114071  0.7557431    
      114072  0.7477050    
      114073  0.7396716    
      114074  0.7316434    
      114075  0.7236209    
      114076  0.7156044    
      114077  0.7075945    
      114078  0.6995915    
      114079  0.6915960    
      114080  0.6836085    
      114081  0.6756297    
      114082  0.6676602    
      114083  0.6597006    
      114084  0.6517518    
      114085  0.6438144    
      114086  0.6358895    
      114087  0.6279780    
      114088  0.6200809    
      114089  0.6121996    
      114090  0.6043353    
      114091  0.5964896    
      114092  0.5886641    
      114093  0.5808603    
      114094  0.5730803    
      114095  0.5653257    
      114096  0.5575980    
      114097  0.5498972    
      114098  0.5422219    
      114099  0.5345689    
      114100  0.5269316    
      114101  0.5192968    
      114102  0.5116413    
      114103  0.5039287    
      114104  0.4961095    
      114105  0.4881428    
      114106  0.4800501    
      114107  0.4718803    
      114108  0.4636656    
      114109  0.4554248    
      114110  0.4471687    
      114111  0.4389039    
      114112  0.4306341    
      114113  0.4223616    
      114114  0.4140875    
      114115  0.4058129    
      114116  0.3975382    
      114117  0.3892637    
      114118  0.3809896    
      114119  0.3727159    
      114120  0.3644426    
      114121  0.3561695    
      114122  0.3478964    
      114123  0.3396231    
      114124  0.3313494    
      114125  0.3230749    
      114126  0.3147996    
      114127  0.3065232    
      114128  0.2982458    
      114129  0.2899674    
      114130  0.2816883    
      114131  0.2734087    
      114132  0.2651286    
      114133  0.2568483    
      114134  0.2485677    
      114135  0.2402870    
      114136  0.2320062    
      114137  0.2237253    
      114138  0.2154444    
      114139  0.2071633    
      114140  0.1988823    
      114141  0.1906013    
      114142  0.1823203    
      114143  0.1740394    
      114144  0.1657586    
      114145  0.1574780    
      114146  0.1491977    
      114147  0.1409178    
      114148  0.1326385    
      114149  0.1243599    
      114150  0.1160825    
      114151  0.1078066    
      114152  9.9532716E-02
      114153  9.1261625E-02
      114154  8.2994431E-02
      114155  7.4732870E-02
      114156  6.6479921E-02
      114157  5.8241077E-02
      114158  5.0027438E-02
      114159  4.1863002E-02
      114160  3.3803228E-02
      114161  2.5981525E-02
      114162  1.8724201E-02
      114163  1.2826429E-02
      114164  1.0127653E-02
      114165  1.2824308E-02
      114166  1.8718842E-02
      114167  2.5971169E-02
      114168  3.3785623E-02
      114169  4.1835658E-02
      114170  4.9987964E-02
      114171  5.8187701E-02
      114172  6.6411860E-02
      114173  7.4650332E-02
      114174  8.2898296E-02
      114175  9.1153219E-02
      114176  9.9413529E-02
      114177  0.1076782    
      114178  0.1159464    
      114179  0.1242175    
      114180  0.1324911    
      114181  0.1407664    
      114182  0.1490431    
      114183  0.1573207    
      114184  0.1655991    
      114185  0.1738780    
      114186  0.1821573    
      114187  0.1904368    
      114188  0.1987166    
      114189  0.2069966    
      114190  0.2152766    
      114191  0.2235568    
      114192  0.2318369    
      114193  0.2401172    
      114194  0.2483974    
      114195  0.2566777    
      114196  0.2649579    
      114197  0.2732381    
      114198  0.2815183    
      114199  0.2897984    
      114200  0.2980785    
      114201  0.3063585    
      114202  0.3146385    
      114203  0.3229184    
      114204  0.3311982    
      114205  0.3394779    
      114206  0.3477575    
      114207  0.3560370    
      114208  0.3643164    
      114209  0.3725956    
      114210  0.3808746    
      114211  0.3891534    
      114212  0.3974320    
      114213  0.4057103    
      114214  0.4139882    
      114215  0.4222658    
      114216  0.4305430    
      114217  0.4388199    
      114218  0.4470964    
      114219  0.4553723    
      114220  0.4636478    
      114221  0.4719225    
      114222  0.4801965    
      114223  0.4884694    
      114224  0.4967410    
      114225  0.5050105    
      114226  0.5132763    
      114227  0.5215349    
      114228  0.5297793    
      114229  0.5379968    
      114230  0.5461592    
      114231  0.5542082    
      114232  0.5620320    
      114233  0.5694608    
      114234  0.5764004    
      114235  0.5829790    
      114236  0.5893714    
      114237  0.5956936    
      114238  0.6020105    
      114239  0.6083578    
      114240  0.6147509    
      114241  0.6211953    
      114242  0.6276929    
      114243  0.6342438    
      114244  0.6408476    
      114245  0.6475040    
      114246  0.6542126    
      114247  0.6609733    
      114248  0.6677861    
      114249  0.6746504    
      114250  0.6815659    
      114251  0.6885319    
      114252  0.6955482    
      114253  0.7026151    
      114254  0.7097334    
      114255  0.7169039    
      114256  0.7241274    
      114257  0.7314024    
      114258  0.7387244    
      114259  0.7460865    
      114260  0.7534825    
      114261  0.7609071    
      114262  0.7683548    
      114263  0.7758188    
      114264  0.7832899    
      114265  0.7907556    
      114266  0.7981991    
      114267  0.8055958    
      114268  0.8129097    
      114269  0.8200887    
      114270  0.8270565    
      114271  0.8337122    
      114272  0.8399598    
      114273  0.8457863    
      114274  0.8512847    
      114275  0.8565838    
      114276  0.8618013    
      114277  0.8670303    
      114278  0.8723377    
      114279  0.8777640    
      114280  0.8833290    
      114281  0.8890404    
      114282  0.8948970    
      114283  0.9008932    
      114284  0.9070184    
      114285  0.9132633    
      114286  0.9196212    
      114287  0.9260844    
      114288  0.9326451    
      114289  0.9392966    
      114290  0.9460340    
      114291  0.9528536    
      114292  0.9597526    
      114293  0.9667287    
      114294  0.9737807    
      114295  0.9809077    
      114296  0.9881103    
      114297  0.9953911    
      114298   1.002754    
      114299   1.010198    
      114300   1.017718    
      114301   1.025304    
      114302   1.032948    
      114303   1.040644    
      114304   1.048389    
      114305   1.056179    
      114306   1.064008    
      114307   1.071873    
      114308   1.079770    
      114309   1.087695    
      114310   1.095646    
      114311   1.103619    
      114312   1.111611    
      114313   1.119622    
      114314   1.127648    
      114315   1.135689    
      114316   1.143743    
      114317   1.151808    
      114318   1.159884    
      114319   1.167969    
      114320   1.176062    
      114321   1.184163    
      114322   1.192271    
      114323   1.200384    
      114324   1.208504    
      114325   1.216628    
      114326   1.224756    
      114327   1.232887    
      114328   1.241020    
      114329   1.249155    
      114330   1.257289    
      114331   1.265420    
      114332   1.273545    
      114333   1.281659    
      114334   1.289755    
      114335   1.297824    
      114336   1.305850    
      114337   1.313812    
      114338   1.321683    
      114339   1.329429    
      114340   1.337008    
      114341   1.344374    
      114342   1.351489    
      114343   1.358336    
      114344   1.364942    
      114345   1.371367    
      114346   1.377678    
      114347   1.383924    
      114348   1.390135    
      114349   1.396329    
      114350   1.402514    
      114351   1.408692    
      114352   1.414869    
      114353   1.421048    
      114354   1.427234    
      114355   1.433435    
      114356   1.439662    
      114357   1.445929    
      114358   1.452250    
      114359   1.458634    
      114360   1.465091    
      114361   1.471626    
      114362   1.478243    
      114363   1.484943    
      114364   1.491726    
      114365   1.498589    
      114366   1.505530    
      114367   1.512544    
      114368   1.519629    
      114369   1.526781    
      114370   1.534001    
      114371   1.541288    
      114372   1.548645    
      114373   1.556070    
      114374   1.563564    
      114375   1.571120    
      114376   1.578734    
      114377   1.586400    
      114378   1.594115    
      114379   1.601876    
      114380   1.609679    
      114381   1.617520    
      114382   1.625397    
      114383   1.633304    
      114384   1.641240    
      114385   1.649201    
      114386   1.657184    
      114387   1.665187    
      114388   1.673208    
      114389   1.681245    
      114390   1.689296    
      114391   1.697360    
      114392   1.705435    
      114393   1.713521    
      114394   1.721616    
      114395   1.729719    
      114396   1.737830    
      114397   1.745949    
      114398   1.754073    
      114399   1.762203    
      114400   1.770339    
      114401   1.778480    
      114402   1.786625    
      114403   1.794774    
      114404   1.802927    
      114405   1.811083    
      114406   1.819242    
      114407   1.827404    
      114408   1.835569    
      114409   1.843737    
      114410   1.851906    
      114411   1.860078    
      114412   1.868251    
      114413   1.876426    
      114414   1.884603    
      114415   1.892781    
      114416   1.900961    
      114417   1.909141    
      114418   1.917323    
      114419   1.925506    
      114420   1.933690    
      114421   1.941874    
      114422   1.950059    
      114423   1.958245    
      114424   1.966432    
      114425   1.974619    
      114426   1.982807    
      114427   1.990995    
      114428   1.999183    
      114429   2.007372    
      114430   2.015561    
      114431   2.023750    
      114432   2.031940    
      114433   2.040130    
      114434   2.048320    
      114435   2.056510    
      114436   2.064701    
      114437   2.072892    
      114438   2.081082    
      114439   2.089272    
      114440   2.097462    
      114441   2.105649    
      114442   2.113830    
      114443   2.121992    
      114444   2.130107    
