       27161  0.3977478    
       27162  0.3894683    
       27163  0.3811887    
       27164  0.3729090    
       27165  0.3646291    
       27166  0.3563492    
       27167  0.3480692    
       27168  0.3397891    
       27169  0.3315089    
       27170  0.3232286    
       27171  0.3149482    
       27172  0.3066677    
       27173  0.2983871    
       27174  0.2901065    
       27175  0.2818258    
       27176  0.2735450    
       27177  0.2652641    
       27178  0.2569832    
       27179  0.2487022    
       27180  0.2404211    
       27181  0.2321399    
       27182  0.2238588    
       27183  0.2155776    
       27184  0.2072963    
       27185  0.1990150    
       27186  0.1907337    
       27187  0.1824525    
       27188  0.1741712    
       27189  0.1658901    
       27190  0.1576092    
       27191  0.1493285    
       27192  0.1410481    
       27193  0.1327683    
       27194  0.1244893    
       27195  0.1162113    
       27196  0.1079347    
       27197  9.9659875E-02
       27198  9.1387466E-02
       27199  8.3118409E-02
       27200  7.4854165E-02
       27201  6.6597372E-02
       27202  5.8353044E-02
       27203  5.0131764E-02
       27204  4.1957177E-02
       27205  3.3884622E-02
       27206  2.6047930E-02
       27207  1.8774647E-02
       27208  1.2862684E-02
       27209  1.0157422E-02
       27210  1.2862682E-02
       27211  1.8774645E-02
       27212  2.6047925E-02
       27213  3.3884618E-02
       27214  4.1957177E-02
       27215  5.0131768E-02
       27216  5.8353044E-02
       27217  6.6597372E-02
       27218  7.4854173E-02
       27219  8.3118409E-02
       27220  9.1387480E-02
       27221  9.9659875E-02
       27222  0.1079347    
       27223  0.1162113    
       27224  0.1244893    
       27225  0.1327683    
       27226  0.1410481    
       27227  0.1493284    
       27228  0.1576091    
       27229  0.1658900    
       27230  0.1741711    
       27231  0.1824523    
       27232  0.1907335    
       27233  0.1990147    
       27234  0.2072958    
       27235  0.2155768    
       27236  0.2238577    
       27237  0.2321384    
       27238  0.2404189    
       27239  0.2486991    
       27240  0.2569790    
       27241  0.2652586    
       27242  0.2735381    
       27243  0.2818173    
       27244  0.2900961    
       27245  0.2983747    
       27246  0.3066530    
       27247  0.3149308    
       27248  0.3232082    
       27249  0.3314850    
       27250  0.3397615    
       27251  0.3480374    
       27252  0.3563128    
       27253  0.3645877    
       27254  0.3728619    
       27255  0.3811350    
       27256  0.3894062    
       27257  0.3976733    
       27258  0.4059319    
       27259  0.4141723    
       27260  0.4223741    
       27261  0.4304973    
       27262  0.4384657    
       27263  0.4461470    
       27264  0.4533833    
       27265  0.4601811    
       27266  0.4666993    
       27267  0.4730831    
       27268  0.4794272    
       27269  0.4857852    
       27270  0.4921865    
       27271  0.4986455    
       27272  0.5051688    
       27273  0.5117592    
       27274  0.5184176    
       27275  0.5251441    
       27276  0.5319389    
       27277  0.5388025    
       27278  0.5457354    
       27279  0.5527374    
       27280  0.5598081    
       27281  0.5669470    
       27282  0.5741556    
       27283  0.5814356    
       27284  0.5887866    
       27285  0.5962028    
       27286  0.6036754    
       27287  0.6111974    
       27288  0.6187638    
       27289  0.6263702    
       27290  0.6340132    
       27291  0.6416894    
       27292  0.6493963    
       27293  0.6571312    
       27294  0.6648916    
       27295  0.6726756    
       27296  0.6804813    
       27297  0.6883070    
       27298  0.6961513    
       27299  0.7040126    
       27300  0.7118895    
       27301  0.7197810    
       27302  0.7276859    
       27303  0.7356033    
       27304  0.7435323    
       27305  0.7514721    
       27306  0.7594218    
       27307  0.7673810    
       27308  0.7753488    
       27309  0.7833246    
       27310  0.7913079    
       27311  0.7992982    
       27312  0.8072948    
       27313  0.8152972    
       27314  0.8233048    
       27315  0.8313168    
       27316  0.8393325    
       27317  0.8473511    
       27318  0.8553718    
       27319  0.8633940    
       27320  0.8714172    
       27321  0.8794401    
       27322  0.8874623    
       27323  0.8954824    
       27324  0.9034985    
       27325  0.9115072    
       27326  0.9195017    
       27327  0.9274675    
       27328  0.9353750    
       27329  0.9431669    
       27330  0.9507496    
       27331  0.9580443    
       27332  0.9650893    
       27333  0.9720016    
       27334  0.9788792    
       27335  0.9857807    
       27336  0.9927379    
       27337  0.9997657    
       27338   1.006870    
       27339   1.014053    
       27340   1.021319    
       27341   1.028667    
       27342   1.036089    
       27343   1.043574    
       27344   1.051111    
       27345   1.058696    
       27346   1.066322    
       27347   1.073986    
       27348   1.081685    
       27349   1.089415    
       27350   1.097173    
       27351   1.104957    
       27352   1.112764    
       27353   1.120592    
       27354   1.128439    
       27355   1.136301    
       27356   1.144176    
       27357   1.152061    
       27358   1.159953    
       27359   1.167848    
       27360   1.175741    
       27361   1.183629    
       27362   1.191505    
       27363   1.199359    
       27364   1.207174    
       27365   1.214918    
       27366   1.222527    
       27367   1.229898    
       27368   1.236912    
       27369   1.243545    
       27370   1.249915    
       27371   1.256153    
       27372   1.262347    
       27373   1.268547    
       27374   1.274782    
       27375   1.281069    
       27376   1.287418    
       27377   1.293836    
       27378   1.300329    
       27379   1.306903    
       27380   1.313558    
       27381   1.320295    
       27382   1.327111    
       27383   1.334003    
       27384   1.340967    
       27385   1.348002    
       27386   1.355106    
       27387   1.362278    
       27388   1.369520    
       27389   1.376833    
       27390   1.384216    
       27391   1.391664    
       27392   1.399167    
       27393   1.406718    
       27394   1.414314    
       27395   1.421951    
       27396   1.429626    
       27397   1.437337    
       27398   1.445080    
       27399   1.452853    
       27400   1.460653    
       27401   1.468479    
       27402   1.476327    
       27403   1.484197    
       27404   1.492086    
       27405   1.499993    
       27406   1.507916    
       27407   1.515854    
       27408   1.523806    
       27409   1.531771    
       27410   1.539747    
       27411   1.547734    
       27412   1.555730    
       27413   1.563736    
       27414   1.571750    
       27415   1.579772    
       27416   1.587801    
       27417   1.595836    
       27418   1.603878    
       27419   1.611925    
       27420   1.619977    
       27421   1.628033    
       27422   1.636094    
       27423   1.644158    
       27424   1.652226    
       27425   1.660298    
       27426   1.668371    
       27427   1.676448    
       27428   1.684526    
       27429   1.692606    
       27430   1.700688    
       27431   1.708771    
       27432   1.716853    
       27433   1.724937    
       27434   1.733019    
       27435   1.741101    
       27436   1.749179    
       27437   1.757253    
       27438   1.765320    
       27439   1.773375    
       27440   1.781410    
       27441   1.789413    
       27442   1.797371    
       27443   1.805274    
       27444   1.813131    
       27445   1.820956    
       27446   1.828764    
       27447   1.836566    
       27448   1.844369    
       27449   1.852177    
       27450   1.859994    
       27451   1.867822    
       27452   1.875660    
       27453   1.883510    
       27454   1.891371    
       27455   1.899242    
       27456   1.907125    
       27457   1.915016    
       27458   1.922917    
       27459   1.930825    
       27460   1.938740    
       27461   1.946658    
       27462   1.954579    
       27463   1.962496    
       27464   1.970402    
       27465   1.978286    
       27466   1.986127    
       27467   1.993891    
       27468   2.001518    
       27469   2.008931    
       27470   2.016050    
       27471   2.022794    
       27472   2.029089    
       27473   2.034939    
       27474   2.040448    
       27475   2.045751    
       27476   2.050971    
       27477   2.056202    
       27478   2.061512    
       27479   2.066939    
       27480   2.072502    
       27481   2.078211    
       27482   2.084066    
       27483   2.090061    
       27484   2.096185    
       27485   2.102429    
       27486   2.108783    
       27487   2.115237    
       27488   2.121774    
       27489   2.128359    
