      142521   1.963917    
      142522   1.955848    
      142523   1.947779    
      142524   1.939712    
      142525   1.931645    
      142526   1.923579    
      142527   1.915515    
      142528   1.907452    
      142529   1.899390    
      142530   1.891330    
      142531   1.883271    
      142532   1.875213    
      142533   1.867158    
      142534   1.859104    
      142535   1.851052    
      142536   1.843002    
      142537   1.834955    
      142538   1.826910    
      142539   1.818868    
      142540   1.810828    
      142541   1.802792    
      142542   1.794758    
      142543   1.786728    
      142544   1.778701    
      142545   1.770678    
      142546   1.762659    
      142547   1.754644    
      142548   1.746633    
      142549   1.738627    
      142550   1.730627    
      142551   1.722632    
      142552   1.714642    
      142553   1.706659    
      142554   1.698682    
      142555   1.690712    
      142556   1.682749    
      142557   1.674794    
      142558   1.666848    
      142559   1.658910    
      142560   1.650982    
      142561   1.643064    
      142562   1.635157    
      142563   1.627262    
      142564   1.619380    
      142565   1.611511    
      142566   1.603656    
      142567   1.595817    
      142568   1.587996    
      142569   1.580192    
      142570   1.572408    
      142571   1.564646    
      142572   1.556907    
      142573   1.549193    
      142574   1.541507    
      142575   1.533851    
      142576   1.526228    
      142577   1.518642    
      142578   1.511096    
      142579   1.503596    
      142580   1.496147    
      142581   1.488754    
      142582   1.481421    
      142583   1.474147    
      142584   1.466931    
      142585   1.459771    
      142586   1.452663    
      142587   1.445604    
      142588   1.438588    
      142589   1.431611    
      142590   1.424669    
      142591   1.417758    
      142592   1.410878    
      142593   1.404031    
      142594   1.397219    
      142595   1.390446    
      142596   1.383718    
      142597   1.377038    
      142598   1.370411    
      142599   1.363843    
      142600   1.357337    
      142601   1.350892    
      142602   1.344509    
      142603   1.338184    
      142604   1.331914    
      142605   1.325693    
      142606   1.319510    
      142607   1.313348    
      142608   1.307175    
      142609   1.300929    
      142610   1.294511    
      142611   1.287766    
      142612   1.280558    
      142613   1.272950    
      142614   1.265106    
      142615   1.257145    
      142616   1.249130    
      142617   1.241090    
      142618   1.233039    
      142619   1.224983    
      142620   1.216924    
      142621   1.208864    
      142622   1.200804    
      142623   1.192745    
      142624   1.184686    
      142625   1.176629    
      142626   1.168574    
      142627   1.160521    
      142628   1.152471    
      142629   1.144424    
      142630   1.136380    
      142631   1.128341    
      142632   1.120306    
      142633   1.112276    
      142634   1.104252    
      142635   1.096232    
      142636   1.088220    
      142637   1.080213    
      142638   1.072214    
      142639   1.064223    
      142640   1.056239    
      142641   1.048265    
      142642   1.040300    
      142643   1.032345    
      142644   1.024401    
      142645   1.016468    
      142646   1.008548    
      142647   1.000643    
      142648  0.9927513    
      142649  0.9848761    
      142650  0.9770184    
      142651  0.9691796    
      142652  0.9613617    
      142653  0.9535662    
      142654  0.9457954    
      142655  0.9380515    
      142656  0.9303370    
      142657  0.9226550    
      142658  0.9150090    
      142659  0.9074032    
      142660  0.8998422    
      142661  0.8923315    
      142662  0.8848772    
      142663  0.8774844    
      142664  0.8701559    
      142665  0.8628914    
      142666  0.8556888    
      142667  0.8485438    
      142668  0.8414466    
      142669  0.8343776    
      142670  0.8273014    
      142671  0.8201556    
      142672  0.8128512    
      142673  0.8053126    
      142674  0.7975594    
      142675  0.7896726    
      142676  0.7817155    
      142677  0.7737237    
      142678  0.7657156    
      142679  0.7577003    
      142680  0.7496824    
      142681  0.7416647    
      142682  0.7336485    
      142683  0.7256351    
      142684  0.7176254    
      142685  0.7096202    
      142686  0.7016206    
      142687  0.6936277    
      142688  0.6856424    
      142689  0.6776663    
      142690  0.6697007    
      142691  0.6617473    
      142692  0.6538073    
      142693  0.6458822    
      142694  0.6379738    
      142695  0.6300839    
      142696  0.6222143    
      142697  0.6143671    
      142698  0.6065451    
      142699  0.5987508    
      142700  0.5909873    
      142701  0.5832584    
      142702  0.5755683    
      142703  0.5679223    
      142704  0.5603266    
      142705  0.5527889    
      142706  0.5453176    
      142707  0.5379215    
      142708  0.5306067    
      142709  0.5233768    
      142710  0.5162349    
      142711  0.5091857    
      142712  0.5022344    
      142713  0.4953858    
      142714  0.4886430    
      142715  0.4820063    
      142716  0.4754720    
      142717  0.4690298    
      142718  0.4626592    
      142719  0.4563228    
      142720  0.4499568    
      142721  0.4434528    
      142722  0.4366509    
      142723  0.4293946    
      142724  0.4216992    
      142725  0.4137295    
      142726  0.4056154    
      142727  0.3974307    
      142728  0.3892123    
      142729  0.3809776    
      142730  0.3727344    
      142731  0.3644859    
      142732  0.3562334    
      142733  0.3479769    
      142734  0.3397169    
      142735  0.3314535    
      142736  0.3231869    
      142737  0.3149175    
      142738  0.3066455    
      142739  0.2983713    
      142740  0.2900951    
      142741  0.2818174    
      142742  0.2735388    
      142743  0.2652593    
      142744  0.2569793    
      142745  0.2486990    
      142746  0.2404184    
      142747  0.2321375    
      142748  0.2238566    
      142749  0.2155755    
      142750  0.2072943    
      142751  0.1990131    
      142752  0.1907319    
      142753  0.1824506    
      142754  0.1741694    
      142755  0.1658883    
      142756  0.1576074    
      142757  0.1493267    
      142758  0.1410464    
      142759  0.1327666    
      142760  0.1244876    
      142761  0.1162096    
      142762  0.1079330    
      142763  9.9658176E-02
      142764  9.1385797E-02
      142765  8.3116755E-02
      142766  7.4852541E-02
      142767  6.6595770E-02
      142768  5.8351491E-02
      142769  5.0130282E-02
      142770  4.1955784E-02
      142771  3.3883352E-02
      142772  2.6046831E-02
      142773  1.8773759E-02
      142774  1.2861996E-02
      142775  1.0156804E-02
      142776  1.2861822E-02
      142777  1.8773334E-02
      142778  2.6046056E-02
      142779  3.3882134E-02
      142780  4.1954041E-02
      142781  5.0127964E-02
      142782  5.8348574E-02
      142783  6.6592239E-02
      142784  7.4848399E-02
      142785  8.3112039E-02
      142786  9.1380559E-02
      142787  9.9652469E-02
      142788  0.1079268    
      142789  0.1162031    
      142790  0.1244807    
      142791  0.1327595    
      142792  0.1410390    
      142793  0.1493191    
      142794  0.1575996    
      142795  0.1658803    
      142796  0.1741613    
      142797  0.1824424    
      142798  0.1907236    
      142799  0.1990048    
      142800  0.2072860    
      142801  0.2155672    
      142802  0.2238483    
      142803  0.2321295    
      142804  0.2404105    
      142805  0.2486915    
      142806  0.2569725    
      142807  0.2652533    
      142808  0.2735341    
      142809  0.2818149    
      142810  0.2900955    
      142811  0.2983760    
      142812  0.3066564    
      142813  0.3149365    
      142814  0.3232166    
      142815  0.3314963    
      142816  0.3397757    
      142817  0.3480546    
      142818  0.3563328    
      142819  0.3646100    
      142820  0.3728857    
      142821  0.3811593    
      142822  0.3894299    
      142823  0.3976959    
      142824  0.4059555    
      142825  0.4142056    
      142826  0.4224428    
      142827  0.4306626    
      142828  0.4388593    
      142829  0.4470250    
      142830  0.4551467    
      142831  0.4632010    
      142832  0.4711441    
      142833  0.4789015    
      142834  0.4863402    
      142835  0.4932682    
      142836  0.4995735    
      142837  0.5054182    
      142838  0.5110517    
      142839  0.5166501    
      142840  0.5223131    
      142841  0.5280859    
      142842  0.5339845    
      142843  0.5400108    
      142844  0.5461589    
      142845  0.5524223    
      142846  0.5587953    
      142847  0.5652710    
      142848  0.5718422    
      142849  0.5785024    
      142850  0.5852470    
      142851  0.5920725    
      142852  0.5989764    
      142853  0.6059567    
      142854  0.6130120    
      142855  0.6201415    
      142856  0.6273461    
      142857  0.6346291    
      142858  0.6419938    
      142859  0.6494399    
      142860  0.6569613    
      142861  0.6645484    
      142862  0.6721932    
      142863  0.6798908    
      142864  0.6876366    
      142865  0.6954264    
      142866  0.7032561    
      142867  0.7111217    
      142868  0.7190189    
      142869  0.7269444    
      142870  0.7348952    
      142871  0.7428682    
      142872  0.7508612    
      142873  0.7588720    
      142874  0.7668986    
      142875  0.7749395    
      142876  0.7829933    
      142877  0.7910585    
      142878  0.7991341    
      142879  0.8072190    
      142880  0.8153123    
      142881  0.8234133    
      142882  0.8315211    
      142883  0.8396351    
      142884  0.8477545    
      142885  0.8558788    
      142886  0.8640071    
      142887  0.8721385    
      142888  0.8802722    
      142889  0.8884068    
      142890  0.8965409    
      142891  0.9046721    
      142892  0.9127973    
      142893  0.9209117    
      142894  0.9290085    
      142895  0.9370776    
      142896  0.9451043    
      142897  0.9530674    
      142898  0.9609388    
      142899  0.9686844    
      142900  0.9762636    
      142901  0.9836312    
      142902  0.9907473    
      142903  0.9975965    
      142904   1.004203    
      142905   1.010629    
      142906   1.016940    
      142907   1.023186    
      142908   1.029398    
      142909   1.035592    
      142910   1.041777    
      142911   1.047956    
      142912   1.054133    
      142913   1.060312    
      142914   1.066498    
      142915   1.072699    
      142916   1.078926    
      142917   1.085193    
      142918   1.091513    
      142919   1.097898    
      142920   1.104355    
      142921   1.110890    
      142922   1.117507    
      142923   1.124207    
      142924   1.130989    
      142925   1.137853    
      142926   1.144794    
      142927   1.151808    
      142928   1.158893    
      142929   1.166045    
      142930   1.173265    
      142931   1.180552    
      142932   1.187908    
      142933   1.195334    
      142934   1.202828    
      142935   1.210384    
      142936   1.217998    
      142937   1.225664    
      142938   1.233380    
      142939   1.241140    
      142940   1.248943    
      142941   1.256784    
      142942   1.264661    
      142943   1.272569    
      142944   1.280505    
      142945   1.288466    
      142946   1.296449    
      142947   1.304452    
      142948   1.312473    
      142949   1.320510    
      142950   1.328561    
      142951   1.336625    
      142952   1.344700    
      142953   1.352786    
      142954   1.360881    
      142955   1.368984    
      142956   1.377095    
      142957   1.385214    
      142958   1.393338    
      142959   1.401469    
      142960   1.409604    
      142961   1.417745    
      142962   1.425890    
      142963   1.434039    
      142964   1.442192    
      142965   1.450348    
      142966   1.458508    
      142967   1.466670    
      142968   1.474835    
      142969   1.483002    
      142970   1.491171    
      142971   1.499343    
      142972   1.507516    
      142973   1.515692    
      142974   1.523868    
      142975   1.532046    
      142976   1.540226    
      142977   1.548406    
      142978   1.556588    
      142979   1.564771    
      142980   1.572955    
      142981   1.581139    
      142982   1.589324    
      142983   1.597510    
      142984   1.605697    
      142985   1.613884    
      142986   1.622072    
      142987   1.630260    
      142988   1.638448    
      142989   1.646637    
      142990   1.654826    
      142991   1.663015    
      142992   1.671205    
      142993   1.679395    
      142994   1.687585    
      142995   1.695775    
      142996   1.703966    
      142997   1.712156    
      142998   1.720347    
      142999   1.728538    
      143000   1.736729    
      143001   1.744920    
      143002   1.753111    
      143003   1.761302    
      143004   1.769493    
      143005   1.777684    
      143006   1.785876    
      143007   1.794067    
      143008   1.802258    
      143009   1.810449    
      143010   1.818640    
      143011   1.826832    
      143012   1.835023    
      143013   1.843214    
      143014   1.851406    
      143015   1.859597    
      143016   1.867788    
      143017   1.875979    
      143018   1.884170    
      143019   1.892362    
      143020   1.900553    
      143021   1.908744    
