      204205   2.118311    
      204206   2.111981    
      204207   2.105648    
      204208   2.099262    
      204209   2.092736    
      204210   2.085938    
      204211   2.078735    
      204212   2.071146    
      204213   2.063315    
      204214   2.055360    
      204215   2.047347    
      204216   2.039306    
      204217   2.031252    
      204218   2.023191    
      204219   2.015128    
      204220   2.007062    
      204221   1.998996    
      204222   1.990930    
      204223   1.982864    
      204224   1.974799    
      204225   1.966736    
      204226   1.958675    
      204227   1.950615    
      204228   1.942559    
      204229   1.934505    
      204230   1.926455    
      204231   1.918409    
      204232   1.910367    
      204233   1.902330    
      204234   1.894298    
      204235   1.886272    
      204236   1.878252    
      204237   1.870238    
      204238   1.862231    
      204239   1.854231    
      204240   1.846239    
      204241   1.838256    
      204242   1.830282    
      204243   1.822318    
      204244   1.814364    
      204245   1.806422    
      204246   1.798493    
      204247   1.790577    
      204248   1.782676    
      204249   1.774790    
      204250   1.766922    
      204251   1.759072    
      204252   1.751243    
      204253   1.743436    
      204254   1.735653    
      204255   1.727898    
      204256   1.720171    
      204257   1.712477    
      204258   1.704819    
      204259   1.697201    
      204260   1.689628    
      204261   1.682105    
      204262   1.674639    
      204263   1.667235    
      204264   1.659898    
      204265   1.652627    
      204266   1.645421    
      204267   1.638276    
      204268   1.631184    
      204269   1.624126    
      204270   1.617068    
      204271   1.609947    
      204272   1.602675    
      204273   1.595169    
      204274   1.587438    
      204275   1.579563    
      204276   1.571613    
      204277   1.563626    
      204278   1.555620    
      204279   1.547607    
      204280   1.539591    
      204281   1.531574    
      204282   1.523560    
      204283   1.515548    
      204284   1.507540    
      204285   1.499536    
      204286   1.491538    
      204287   1.483546    
      204288   1.475562    
      204289   1.467588    
      204290   1.459624    
      204291   1.451672    
      204292   1.443734    
      204293   1.435810    
      204294   1.427904    
      204295   1.420016    
      204296   1.412148    
      204297   1.404304    
      204298   1.396484    
      204299   1.388692    
      204300   1.380932    
      204301   1.373206    
      204302   1.365520    
      204303   1.357878    
      204304   1.350288    
      204305   1.342756    
      204306   1.335292    
      204307   1.327904    
      204308   1.320598    
      204309   1.313378    
      204310   1.306247    
      204311   1.299210    
      204312   1.292274    
      204313   1.285442    
      204314   1.278720    
      204315   1.272109    
      204316   1.265607    
      204317   1.259211    
      204318   1.252916    
      204319   1.246716    
      204320   1.240604    
      204321   1.234572    
      204322   1.228611    
      204323   1.222714    
      204324   1.216869    
      204325   1.211058    
      204326   1.205237    
      204327   1.199320    
      204328   1.193162    
      204329   1.186596    
      204330   1.179586    
      204331   1.172259    
      204332   1.164752    
      204333   1.157149    
      204334   1.149497    
      204335   1.141819    
      204336   1.134131    
      204337   1.126441    
      204338   1.118755    
      204339   1.111079    
      204340   1.103417    
      204341   1.095772    
      204342   1.088147    
      204343   1.080547    
      204344   1.072973    
      204345   1.065429    
      204346   1.057920    
      204347   1.050448    
      204348   1.043019    
      204349   1.035638    
      204350   1.028310    
      204351   1.021037    
      204352   1.013822    
      204353   1.006666    
      204354  0.9995717    
      204355  0.9925424    
      204356  0.9855815    
      204357  0.9786928    
      204358  0.9718802    
      204359  0.9651473    
      204360  0.9584976    
      204361  0.9519340    
      204362  0.9454577    
      204363  0.9390686    
      204364  0.9327660    
      204365  0.9265484    
      204366  0.9204046    
      204367  0.9143018    
      204368  0.9081711    
      204369  0.9018839    
      204370  0.8952304    
      204371  0.8880262    
      204372  0.8803599    
      204373  0.8724337    
      204374  0.8643831    
      204375  0.8562769    
      204376  0.8481471    
      204377  0.8400079    
      204378  0.8318654    
      204379  0.8237222    
      204380  0.8155795    
      204381  0.8074378    
      204382  0.7992974    
      204383  0.7911585    
      204384  0.7830214    
      204385  0.7748863    
      204386  0.7667533    
      204387  0.7586226    
      204388  0.7504946    
      204389  0.7423695    
      204390  0.7342476    
      204391  0.7261291    
      204392  0.7180144    
      204393  0.7099040    
      204394  0.7017980    
      204395  0.6936970    
      204396  0.6856015    
      204397  0.6775119    
      204398  0.6694289    
      204399  0.6613531    
      204400  0.6532851    
      204401  0.6452259    
      204402  0.6371762    
      204403  0.6291369    
      204404  0.6211091    
      204405  0.6130942    
      204406  0.6050933    
      204407  0.5971080    
      204408  0.5891399    
      204409  0.5811911    
      204410  0.5732633    
      204411  0.5653591    
      204412  0.5574809    
      204413  0.5496318    
      204414  0.5418149    
      204415  0.5340334    
      204416  0.5262910    
      204417  0.5185909    
      204418  0.5109370    
      204419  0.5033326    
      204420  0.4957809    
      204421  0.4882846    
      204422  0.4808460    
      204423  0.4734669    
      204424  0.4661485    
      204425  0.4588927    
      204426  0.4517027    
      204427  0.4445822    
      204428  0.4375368    
      204429  0.4305746    
      204430  0.4237052    
      204431  0.4169402    
      204432  0.4102923    
      204433  0.4037744    
      204434  0.3973968    
      204435  0.3911642    
      204436  0.3850724    
      204437  0.3791103    
      204438  0.3732563    
      204439  0.3674777    
      204440  0.3617243    
      204441  0.3559145    
      204442  0.3499301    
      204443  0.3436097    
      204444  0.3367909    
      204445  0.3294658    
      204446  0.3217798    
      204447  0.3138840    
      204448  0.3058721    
      204449  0.2977909    
      204450  0.2896630    
      204451  0.2815009    
      204452  0.2733115    
      204453  0.2650999    
      204454  0.2568696    
      204455  0.2486243    
      204456  0.2403678    
      204457  0.2321034    
      204458  0.2238335    
      204459  0.2155599    
      204460  0.2072837    
      204461  0.1990058    
      204462  0.1907268    
      204463  0.1824471    
      204464  0.1741669    
      204465  0.1658864    
      204466  0.1576059    
      204467  0.1493255    
      204468  0.1410454    
      204469  0.1327658    
      204470  0.1244868    
      204471  0.1162089    
      204472  0.1079323    
      204473  9.9657536E-02
      204474  9.1385171E-02
      204475  8.3116144E-02
      204476  7.4851930E-02
      204477  6.6595174E-02
      204478  5.8350906E-02
      204479  5.0129712E-02
      204480  4.1955229E-02
      204481  3.3882812E-02
      204482  2.6046298E-02
      204483  1.8773228E-02
      204484  1.2861420E-02
      204485  1.0155996E-02
      204486  1.2860266E-02
      204487  1.8770309E-02
      204488  2.6040576E-02
      204489  3.3872709E-02
      204490  4.1938409E-02
      204491  5.0102644E-02
      204492  5.8308177E-02
      204493  6.6528574E-02
      204494  7.4748971E-02
      204495  8.2958035E-02
      204496  9.1144323E-02
      204497  9.9295169E-02
      204498  0.1073982    
      204499  0.1154441    
      204500  0.1234227    
      204501  0.1313206    
      204502  0.1391160    
      204503  0.1467659    
      204504  0.1542059    
      204505  0.1613789    
      204506  0.1682721    
      204507  0.1749265    
      204508  0.1814105    
      204509  0.1877863    
      204510  0.1940993    
      204511  0.2003776    
      204512  0.2066364    
      204513  0.2128856    
      204514  0.2191340    
      204515  0.2253925    
      204516  0.2316741    
      204517  0.2379943    
      204518  0.2443677    
      204519  0.2508061    
      204520  0.2573186    
      204521  0.2639115    
      204522  0.2705878    
      204523  0.2773470    
      204524  0.2841869    
      204525  0.2911053    
      204526  0.2980965    
      204527  0.3051554    
      204528  0.3122765    
      204529  0.3194545    
      204530  0.3266856    
      204531  0.3339673    
      204532  0.3412994    
      204533  0.3486831    
      204534  0.3561190    
      204535  0.3636064    
      204536  0.3711435    
      204537  0.3787273    
      204538  0.3863547    
      204539  0.3940242    
      204540  0.4017343    
      204541  0.4094832    
      204542  0.4172685    
      204543  0.4250876    
      204544  0.4329379    
      204545  0.4408166    
      204546  0.4487211    
      204547  0.4566489    
      204548  0.4645980    
      204549  0.4725663    
      204550  0.4805520    
      204551  0.4885536    
      204552  0.4965697    
      204553  0.5045989    
      204554  0.5126401    
      204555  0.5206921    
      204556  0.5287541    
      204557  0.5368252    
      204558  0.5449046    
      204559  0.5529916    
      204560  0.5610856    
      204561  0.5691860    
      204562  0.5772922    
      204563  0.5854039    
      204564  0.5935205    
      204565  0.6016417    
      204566  0.6097671    
      204567  0.6178964    
      204568  0.6260294    
      204569  0.6341656    
      204570  0.6423049    
      204571  0.6504471    
      204572  0.6585919    
      204573  0.6667390    
      204574  0.6748884    
      204575  0.6830397    
      204576  0.6911930    
      204577  0.6993480    
      204578  0.7075046    
      204579  0.7156627    
      204580  0.7238222    
      204581  0.7319829    
      204582  0.7401448    
      204583  0.7483077    
      204584  0.7564716    
      204585  0.7646363    
      204586  0.7728018    
      204587  0.7809679    
      204588  0.7891346    
      204589  0.7973020    
      204590  0.8054699    
      204591  0.8136381    
      204592  0.8218068    
      204593  0.8299757    
      204594  0.8381449    
      204595  0.8463143    
      204596  0.8544840    
      204597  0.8626536    
      204598  0.8708234    
      204599  0.8789933    
      204600  0.8871632    
      204601  0.8953330    
      204602  0.9035027    
      204603  0.9116724    
      204604  0.9198418    
      204605  0.9280111    
      204606  0.9361801    
      204607  0.9443489    
      204608  0.9525175    
      204609  0.9606857    
      204610  0.9688535    
      204611  0.9770210    
      204612  0.9851880    
      204613  0.9933547    
      204614   1.001521    
      204615   1.009686    
      204616   1.017851    
      204617   1.026016    
      204618   1.034180    
      204619   1.042343    
      204620   1.050505    
      204621   1.058667    
