      259183   2.104893    
      259184   2.097303    
      259185   2.089771    
      259186   2.082307    
      259187   2.074919    
      259188   2.067613    
      259189   2.060393    
      259190   2.053262    
      259191   2.046225    
      259192   2.039289    
      259193   2.032458    
      259194   2.025736    
      259195   2.019125    
      259196   2.012623    
      259197   2.006227    
      259198   1.999932    
      259199   1.993732    
      259200   1.987620    
      259201   1.981589    
      259202   1.975628    
      259203   1.969731    
      259204   1.963886    
      259205   1.958075    
      259206   1.952254    
      259207   1.946337    
      259208   1.940179    
      259209   1.933612    
      259210   1.926601    
      259211   1.919274    
      259212   1.911767    
      259213   1.904164    
      259214   1.896511    
      259215   1.888834    
      259216   1.881145    
      259217   1.873455    
      259218   1.865770    
      259219   1.858094    
      259220   1.850431    
      259221   1.842786    
      259222   1.835162    
      259223   1.827561    
      259224   1.819988    
      259225   1.812444    
      259226   1.804935    
      259227   1.797463    
      259228   1.790034    
      259229   1.782654    
      259230   1.775325    
      259231   1.768052    
      259232   1.760837    
      259233   1.753682    
      259234   1.746588    
      259235   1.739559    
      259236   1.732599    
      259237   1.725710    
      259238   1.718898    
      259239   1.712165    
      259240   1.705516    
      259241   1.698951    
      259242   1.692471    
      259243   1.686071    
      259244   1.679740    
      259245   1.673444    
      259246   1.667119    
      259247   1.660640    
      259248   1.653810    
      259249   1.646479    
      259250   1.638738    
      259251   1.630768    
      259252   1.622687    
      259253   1.614554    
      259254   1.606399    
      259255   1.598235    
      259256   1.590067    
      259257   1.581898    
      259258   1.573730    
      259259   1.565562    
      259260   1.557396    
      259261   1.549230    
      259262   1.541066    
      259263   1.532903    
      259264   1.524741    
      259265   1.516582    
      259266   1.508424    
      259267   1.500268    
      259268   1.492115    
      259269   1.483964    
      259270   1.475816    
      259271   1.467672    
      259272   1.459530    
      259273   1.451393    
      259274   1.443259    
      259275   1.435130    
      259276   1.427006    
      259277   1.418887    
      259278   1.410774    
      259279   1.402668    
      259280   1.394569    
      259281   1.386478    
      259282   1.378396    
      259283   1.370323    
      259284   1.362261    
      259285   1.354211    
      259286   1.346174    
      259287   1.338152    
      259288   1.330147    
      259289   1.322160    
      259290   1.314193    
      259291   1.306250    
      259292   1.298333    
      259293   1.290446    
      259294   1.282591    
      259295   1.274774    
      259296   1.266997    
      259297   1.259266    
      259298   1.251584    
      259299   1.243955    
      259300   1.236382    
      259301   1.228868    
      259302   1.221413    
      259303   1.214019    
      259304   1.206687    
      259305   1.199417    
      259306   1.192214    
      259307   1.185080    
      259308   1.178021    
      259309   1.171045    
      259310   1.164161    
      259311   1.157381    
      259312   1.150717    
      259313   1.144183    
      259314   1.137788    
      259315   1.131538    
      259316   1.125427    
      259317   1.119445    
      259318   1.113572    
      259319   1.107781    
      259320   1.102035    
      259321   1.096286    
      259322   1.090467    
      259323   1.084489    
      259324   1.078236    
      259325   1.071594    
      259326   1.064529    
      259327   1.057107    
      259328   1.049432    
      259329   1.041593    
      259330   1.033648    
      259331   1.025632    
      259332   1.017564    
      259333   1.009458    
      259334   1.001323    
      259335  0.9931663    
      259336  0.9849943    
      259337  0.9768121    
      259338  0.9686230    
      259339  0.9604298    
      259340  0.9522341    
      259341  0.9440373    
      259342  0.9358402    
      259343  0.9276435    
      259344  0.9194478    
      259345  0.9112533    
      259346  0.9030607    
      259347  0.8948700    
      259348  0.8866818    
      259349  0.8784963    
      259350  0.8703140    
      259351  0.8621351    
      259352  0.8539602    
      259353  0.8457897    
      259354  0.8376242    
      259355  0.8294642    
      259356  0.8213105    
      259357  0.8131640    
      259358  0.8050256    
      259359  0.7968964    
      259360  0.7887776    
      259361  0.7806709    
      259362  0.7725780    
      259363  0.7645011    
      259364  0.7564428    
      259365  0.7484061    
      259366  0.7403949    
      259367  0.7324139    
      259368  0.7244687    
      259369  0.7165664    
      259370  0.7087160    
      259371  0.7009283    
      259372  0.6932163    
      259373  0.6855944    
      259374  0.6780779    
      259375  0.6706815    
      259376  0.6634171    
      259377  0.6562942    
      259378  0.6493198    
      259379  0.6424959    
      259380  0.6358185    
      259381  0.6292795    
      259382  0.6228665    
      259383  0.6165637    
      259384  0.6103532    
      259385  0.6042176    
      259386  0.5981432    
      259387  0.5921203    
      259388  0.5861439    
      259389  0.5802128    
      259390  0.5743280    
      259391  0.5684926    
      259392  0.5627114    
      259393  0.5569899    
      259394  0.5513320    
      259395  0.5457363    
      259396  0.5401900    
      259397  0.5346600    
      259398  0.5290778    
      259399  0.5233270    
      259400  0.5172302    
      259401  0.5105877    
      259402  0.5033699    
      259403  0.4957436    
      259404  0.4878766    
      259405  0.4798693    
      259406  0.4717765    
      259407  0.4636307    
      259408  0.4554502    
      259409  0.4472445    
      259410  0.4390196    
      259411  0.4307796    
      259412  0.4225280    
      259413  0.4142676    
      259414  0.4060011    
      259415  0.3977304    
      259416  0.3894566    
      259417  0.3811808    
      259418  0.3729037    
      259419  0.3646256    
      259420  0.3563468    
      259421  0.3480676    
      259422  0.3397880    
      259423  0.3315081    
      259424  0.3232280    
      259425  0.3149478    
      259426  0.3066674    
      259427  0.2983869    
      259428  0.2901063    
      259429  0.2818256    
      259430  0.2735448    
      259431  0.2652640    
      259432  0.2569831    
      259433  0.2487021    
      259434  0.2404210    
      259435  0.2321399    
      259436  0.2238587    
      259437  0.2155776    
      259438  0.2072963    
      259439  0.1990150    
      259440  0.1907337    
      259441  0.1824525    
      259442  0.1741712    
      259443  0.1658901    
      259444  0.1576092    
      259445  0.1493285    
      259446  0.1410481    
      259447  0.1327683    
      259448  0.1244893    
      259449  0.1162113    
      259450  0.1079347    
      259451  9.9659875E-02
      259452  9.1387466E-02
      259453  8.3118409E-02
      259454  7.4854165E-02
      259455  6.6597372E-02
      259456  5.8353044E-02
      259457  5.0131764E-02
      259458  4.1957177E-02
      259459  3.3884622E-02
      259460  2.6047930E-02
      259461  1.8774647E-02
      259462  1.2862684E-02
      259463  1.0157422E-02
      259464  1.2862682E-02
      259465  1.8774645E-02
      259466  2.6047925E-02
      259467  3.3884618E-02
      259468  4.1957177E-02
      259469  5.0131768E-02
      259470  5.8353044E-02
      259471  6.6597372E-02
      259472  7.4854173E-02
      259473  8.3118409E-02
      259474  9.1387480E-02
      259475  9.9659875E-02
      259476  0.1079347    
      259477  0.1162113    
      259478  0.1244893    
      259479  0.1327684    
      259480  0.1410481    
      259481  0.1493285    
      259482  0.1576092    
      259483  0.1658901    
      259484  0.1741712    
      259485  0.1824525    
      259486  0.1907337    
      259487  0.1990150    
      259488  0.2072963    
      259489  0.2155775    
      259490  0.2238588    
      259491  0.2321400    
      259492  0.2404211    
      259493  0.2487021    
      259494  0.2569832    
      259495  0.2652641    
      259496  0.2735450    
      259497  0.2818258    
      259498  0.2901065    
      259499  0.2983871    
      259500  0.3066677    
      259501  0.3149481    
