      188497   2.093382    
      188498   2.085758    
      188499   2.078167    
      188500   2.070613    
      188501   2.063097    
      188502   2.055620    
      188503   2.048187    
      188504   2.040800    
      188505   2.033463    
      188506   2.026174    
      188507   2.018935    
      188508   2.011744    
      188509   2.004599    
      188510   1.997501    
      188511   1.990449    
      188512   1.983443    
      188513   1.976483    
      188514   1.969571    
      188515   1.962708    
      188516   1.955896    
      188517   1.949138    
      188518   1.942435    
      188519   1.935790    
      188520   1.929202    
      188521   1.922672    
      188522   1.916194    
      188523   1.909766    
      188524   1.903380    
      188525   1.897028    
      188526   1.890698    
      188527   1.884364    
      188528   1.877977    
      188529   1.871452    
      188530   1.864655    
      188531   1.857452    
      188532   1.849863    
      188533   1.842032    
      188534   1.834078    
      188535   1.826065    
      188536   1.818024    
      188537   1.809970    
      188538   1.801909    
      188539   1.793845    
      188540   1.785780    
      188541   1.777714    
      188542   1.769647    
      188543   1.761581    
      188544   1.753517    
      188545   1.745453    
      188546   1.737392    
      188547   1.729333    
      188548   1.721276    
      188549   1.713223    
      188550   1.705173    
      188551   1.697126    
      188552   1.689085    
      188553   1.681047    
      188554   1.673015    
      188555   1.664989    
      188556   1.656969    
      188557   1.648955    
      188558   1.640948    
      188559   1.632948    
      188560   1.624956    
      188561   1.616973    
      188562   1.608999    
      188563   1.601035    
      188564   1.593082    
      188565   1.585140    
      188566   1.577211    
      188567   1.569295    
      188568   1.561393    
      188569   1.553508    
      188570   1.545639    
      188571   1.537789    
      188572   1.529960    
      188573   1.522153    
      188574   1.514371    
      188575   1.506615    
      188576   1.498889    
      188577   1.491195    
      188578   1.483536    
      188579   1.475918    
      188580   1.468345    
      188581   1.460822    
      188582   1.453356    
      188583   1.445952    
      188584   1.438614    
      188585   1.431343    
      188586   1.424137    
      188587   1.416993    
      188588   1.409901    
      188589   1.402843    
      188590   1.395784    
      188591   1.388664    
      188592   1.381392    
      188593   1.373886    
      188594   1.366155    
      188595   1.358281    
      188596   1.350331    
      188597   1.342343    
      188598   1.334337    
      188599   1.326324    
      188600   1.318308    
      188601   1.310292    
      188602   1.302277    
      188603   1.294265    
      188604   1.286257    
      188605   1.278253    
      188606   1.270255    
      188607   1.262263    
      188608   1.254279    
      188609   1.246305    
      188610   1.238341    
      188611   1.230389    
      188612   1.222451    
      188613   1.214528    
      188614   1.206621    
      188615   1.198733    
      188616   1.190866    
      188617   1.183021    
      188618   1.175202    
      188619   1.167410    
      188620   1.159650    
      188621   1.151924    
      188622   1.144238    
      188623   1.136596    
      188624   1.129005    
      188625   1.121473    
      188626   1.114009    
      188627   1.106621    
      188628   1.099315    
      188629   1.092095    
      188630   1.084964    
      188631   1.077927    
      188632   1.070991    
      188633   1.064159    
      188634   1.057437    
      188635   1.050826    
      188636   1.044324    
      188637   1.037928    
      188638   1.031632    
      188639   1.025432    
      188640   1.019320    
      188641   1.013288    
      188642   1.007328    
      188643   1.001430    
      188644  0.9955854    
      188645  0.9897740    
      188646  0.9839533    
      188647  0.9780362    
      188648  0.9718791    
      188649  0.9653132    
      188650  0.9583032    
      188651  0.9509766    
      188652  0.9434696    
      188653  0.9358670    
      188654  0.9282144    
      188655  0.9205370    
      188656  0.9128487    
      188657  0.9051586    
      188658  0.8974731    
      188659  0.8897970    
      188660  0.8821345    
      188661  0.8744894    
      188662  0.8668649    
      188663  0.8592643    
      188664  0.8516906    
      188665  0.8441470    
      188666  0.8366373    
      188667  0.8291656    
      188668  0.8217366    
      188669  0.8143555    
      188670  0.8070268    
      188671  0.7997539    
      188672  0.7925389    
      188673  0.7853831    
      188674  0.7782888    
      188675  0.7712594    
      188676  0.7642984    
      188677  0.7574095    
      188678  0.7505966    
      188679  0.7438635    
      188680  0.7372136    
      188681  0.7306495    
      188682  0.7241730    
      188683  0.7177836    
      188684  0.7114807    
      188685  0.7052628    
      188686  0.6991186    
      188687  0.6930156    
      188688  0.6868849    
      188689  0.6805981    
      188690  0.6739458    
      188691  0.6667429    
      188692  0.6590778    
      188693  0.6511523    
      188694  0.6431022    
      188695  0.6349965    
      188696  0.6268674    
      188697  0.6187290    
      188698  0.6105874    
      188699  0.6024451    
      188700  0.5943035    
      188701  0.5861630    
      188702  0.5780239    
      188703  0.5698865    
      188704  0.5617510    
      188705  0.5536177    
      188706  0.5454867    
      188707  0.5373583    
      188708  0.5292328    
      188709  0.5211104    
      188710  0.5129913    
      188711  0.5048761    
      188712  0.4967651    
      188713  0.4886585    
      188714  0.4805568    
      188715  0.4724603    
      188716  0.4643697    
      188717  0.4562854    
      188718  0.4482078    
      188719  0.4401378    
      188720  0.4320759    
      188721  0.4240229    
      188722  0.4159795    
      188723  0.4079467    
      188724  0.3999254    
      188725  0.3919167    
      188726  0.3839219    
      188727  0.3759421    
      188728  0.3679790    
      188729  0.3600340    
      188730  0.3521090    
      188731  0.3442059    
      188732  0.3363268    
      188733  0.3284743    
      188734  0.3206509    
      188735  0.3128594    
      188736  0.3051025    
      188737  0.2973833    
      188738  0.2897049    
      188739  0.2820708    
      188740  0.2744847    
      188741  0.2669501    
      188742  0.2594702    
      188743  0.2520475    
      188744  0.2446841    
      188745  0.2373817    
      188746  0.2301428    
      188747  0.2229707    
      188748  0.2158698    
      188749  0.2088464    
      188750  0.2019092    
      188751  0.1950679    
      188752  0.1883328    
      188753  0.1817129    
      188754  0.1752127    
      188755  0.1688267    
      188756  0.1625299    
      188757  0.1562659    
      188758  0.1499400    
      188759  0.1434215    
      188760  0.1365786    
      188761  0.1293647    
      188762  0.1218434    
      188763  0.1141184    
      188764  0.1062703    
      188765  9.8340809E-02
      188766  9.0351194E-02
      188767  8.2314298E-02
      188768  7.4239559E-02
      188769  6.6135794E-02
      188770  5.8013611E-02
      188771  4.9888741E-02
      188772  4.1788973E-02
      188773  3.3773009E-02
      188774  2.5977548E-02
      188775  1.8732889E-02
      188776  1.2839388E-02
      188777  1.0143499E-02
      188778  1.2850230E-02
      188779  1.8760506E-02
      188780  2.6031526E-02
      188781  3.3866242E-02
      188782  4.1937284E-02
      188783  5.0110772E-02
      188784  5.8331270E-02
      188785  6.6575050E-02
      188786  7.4831463E-02
      188787  8.3095431E-02
      188788  9.1364302E-02
      188789  9.9636570E-02
      188790  0.1079113    
      188791  0.1161878    
      188792  0.1244657    
      188793  0.1327447    
      188794  0.1410244    
      188795  0.1493047    
      188796  0.1575853    
      188797  0.1658662    
      188798  0.1741472    
      188799  0.1824283    
      188800  0.1907094    
      188801  0.1989904    
      188802  0.2072714    
      188803  0.2155521    
      188804  0.2238325    
      188805  0.2321126    
      188806  0.2403920    
      188807  0.2486705    
      188808  0.2569478    
      188809  0.2652231    
      188810  0.2734957    
      188811  0.2817643    
      188812  0.2900268    
      188813  0.2982804    
      188814  0.3065208    
      188815  0.3147416    
      188816  0.3229340    
      188817  0.3310855    
      188818  0.3391805    
      188819  0.3472018    
      188820  0.3551256    
      188821  0.3629091    
      188822  0.3704873    
      188823  0.3777897    
      188824  0.3847771    
      188825  0.3914706    
      188826  0.3979440    
      188827  0.4042776    
      188828  0.4105313    
      188829  0.4167428    
      188830  0.4229317    
      188831  0.4291085    
      188832  0.4352807    
      188833  0.4414547    
      188834  0.4476379    
      188835  0.4538392    
      188836  0.4600702    
      188837  0.4663454    
      188838  0.4726796    
      188839  0.4790848    
      188840  0.4855697    
      188841  0.4921384    
      188842  0.4987910    
      188843  0.5055276    
      188844  0.5123472    
      188845  0.5192480    
      188846  0.5262272    
      188847  0.5332812    
      188848  0.5404075    
      188849  0.5476039    
      188850  0.5548677    
      188851  0.5621955    
      188852  0.5695825    
      188853  0.5770208    
      188854  0.5845030    
      188855  0.5920246    
      188856  0.5995839    
      188857  0.6071804    
      188858  0.6148146    
      188859  0.6224873    
      188860  0.6301988    
      188861  0.6379482    
      188862  0.6457335    
      188863  0.6535524    
      188864  0.6614025    
      188865  0.6692809    
      188866  0.6771851    
      188867  0.6851127    
      188868  0.6930616    
      188869  0.7010298    
      188870  0.7090154    
      188871  0.7170169    
      188872  0.7250329    
      188873  0.7330620    
      188874  0.7411031    
      188875  0.7491550    
      188876  0.7572169    
      188877  0.7652880    
      188878  0.7733674    
      188879  0.7814543    
      188880  0.7895482    
      188881  0.7976485    
      188882  0.8057549    
      188883  0.8138665    
      188884  0.8219831    
      188885  0.8301044    
      188886  0.8382298    
      188887  0.8463591    
      188888  0.8544920    
      188889  0.8626282    
      188890  0.8707676    
      188891  0.8789098    
      188892  0.8870544    
      188893  0.8952014    
      188894  0.9033508    
      188895  0.9115022    
      188896  0.9196556    
      188897  0.9278107    
      188898  0.9359673    
      188899  0.9441254    
      188900  0.9522849    
      188901  0.9604456    
      188902  0.9686074    
      188903  0.9767703    
      188904  0.9849342    
      188905  0.9930989    
      188906   1.001264    
      188907   1.009431    
      188908   1.017597    
      188909   1.025765    
      188910   1.033932    
      188911   1.042101    
      188912   1.050269    
      188913   1.058438    
      188914   1.066607    
      188915   1.074777    
      188916   1.082946    
      188917   1.091116    
      188918   1.099286    
      188919   1.107456    
      188920   1.115626    
      188921   1.123795    
      188922   1.131965    
      188923   1.140135    
      188924   1.148304    
      188925   1.156473    
      188926   1.164642    
      188927   1.172811    
      188928   1.180980    
      188929   1.189148    
      188930   1.197316    
      188931   1.205483    
      188932   1.213650    
      188933   1.221817    
      188934   1.229983    
      188935   1.238149    
      188936   1.246314    
      188937   1.254478    
      188938   1.262642    
      188939   1.270805    
      188940   1.278968    
      188941   1.287129    
