        3081  4.1957177E-02
        3082  3.3884622E-02
        3083  2.6047930E-02
        3084  1.8774647E-02
        3085  1.2862684E-02
        3086  1.0157422E-02
        3087  1.2862682E-02
        3088  1.8774645E-02
        3089  2.6047925E-02
        3090  3.3884618E-02
        3091  4.1957177E-02
        3092  5.0131768E-02
        3093  5.8353044E-02
        3094  6.6597372E-02
        3095  7.4854173E-02
        3096  8.3118409E-02
        3097  9.1387480E-02
        3098  9.9659875E-02
        3099  0.1079347    
        3100  0.1162113    
        3101  0.1244893    
        3102  0.1327684    
        3103  0.1410481    
        3104  0.1493285    
        3105  0.1576092    
        3106  0.1658901    
        3107  0.1741712    
        3108  0.1824525    
        3109  0.1907337    
        3110  0.1990150    
        3111  0.2072963    
        3112  0.2155775    
        3113  0.2238588    
        3114  0.2321400    
        3115  0.2404211    
        3116  0.2487021    
        3117  0.2569832    
        3118  0.2652641    
        3119  0.2735450    
        3120  0.2818258    
        3121  0.2901065    
        3122  0.2983871    
        3123  0.3066677    
        3124  0.3149481    
        3125  0.3232285    
        3126  0.3315089    
        3127  0.3397891    
        3128  0.3480693    
        3129  0.3563493    
        3130  0.3646292    
        3131  0.3729090    
        3132  0.3811887    
        3133  0.3894683    
        3134  0.3977478    
        3135  0.4060272    
        3136  0.4143064    
        3137  0.4225855    
        3138  0.4308645    
        3139  0.4391433    
        3140  0.4474220    
        3141  0.4557006    
        3142  0.4639790    
        3143  0.4722572    
        3144  0.4805352    
        3145  0.4888132    
        3146  0.4970909    
        3147  0.5053684    
        3148  0.5136457    
        3149  0.5219228    
        3150  0.5301997    
        3151  0.5384760    
        3152  0.5467514    
        3153  0.5550247    
        3154  0.5632954    
        3155  0.5715635    
        3156  0.5798292    
        3157  0.5880926    
        3158  0.5963537    
        3159  0.6046127    
        3160  0.6128697    
        3161  0.6211247    
        3162  0.6293778    
        3163  0.6376290    
        3164  0.6458784    
        3165  0.6541258    
        3166  0.6623712    
        3167  0.6706146    
        3168  0.6788557    
        3169  0.6870946    
        3170  0.6953307    
        3171  0.7035632    
        3172  0.7117903    
        3173  0.7200078    
        3174  0.7282060    
        3175  0.7363634    
        3176  0.7444332    
        3177  0.7523212    
        3178  0.7598594    
        3179  0.7668724    
        3180  0.7733929    
        3181  0.7796210    
        3182  0.7857139    
        3183  0.7917635    
        3184  0.7978216    
        3185  0.8039145    
        3186  0.8100549    
        3187  0.8162503    
        3188  0.8225057    
        3189  0.8288242    
        3190  0.8352068    
        3191  0.8416551    
        3192  0.8481712    
        3193  0.8547559    
        3194  0.8614094    
        3195  0.8681316    
        3196  0.8749228    
        3197  0.8817832    
        3198  0.8887134    
        3199  0.8957130    
        3200  0.9027817    
        3201  0.9099191    
        3202  0.9171262    
        3203  0.9244049    
        3204  0.9317548    
        3205  0.9391700    
        3206  0.9466417    
        3207  0.9541631    
        3208  0.9617289    
        3209  0.9693348    
        3210  0.9769773    
        3211  0.9846534    
        3212  0.9923600    
        3213   1.000095    
        3214   1.007855    
        3215   1.015638    
        3216   1.023444    
        3217   1.031270    
        3218   1.039114    
        3219   1.046975    
        3220   1.054852    
        3221   1.062743    
        3222   1.070648    
        3223   1.078566    
        3224   1.086494    
        3225   1.094434    
        3226   1.102384    
        3227   1.110343    
        3228   1.118310    
        3229   1.126286    
        3230   1.134269    
        3231   1.142260    
        3232   1.150256    
        3233   1.158259    
        3234   1.166266    
        3235   1.174278    
        3236   1.182294    
        3237   1.190312    
        3238   1.198333    
        3239   1.206355    
        3240   1.214378    
        3241   1.222401    
        3242   1.230423    
        3243   1.238443    
        3244   1.246459    
        3245   1.254468    
        3246   1.262463    
        3247   1.270428    
        3248   1.278336    
        3249   1.286127    
        3250   1.293710    
        3251   1.301004    
        3252   1.308048    
        3253   1.314960    
        3254   1.321837    
        3255   1.328737    
        3256   1.335694    
        3257   1.342721    
        3258   1.349824    
        3259   1.357008    
        3260   1.364275    
        3261   1.371624    
        3262   1.379046    
        3263   1.386531    
        3264   1.394068    
        3265   1.401653    
        3266   1.409279    
        3267   1.416943    
        3268   1.424641    
        3269   1.432371    
        3270   1.440130    
        3271   1.447914    
        3272   1.455721    
        3273   1.463549    
        3274   1.471395    
        3275   1.479257    
        3276   1.487133    
        3277   1.495018    
        3278   1.502909    
        3279   1.510804    
        3280   1.518698    
        3281   1.526586    
        3282   1.534462    
        3283   1.542316    
        3284   1.550131    
        3285   1.557874    
        3286   1.565484    
        3287   1.572855    
        3288   1.579869    
        3289   1.586503    
        3290   1.592873    
        3291   1.599112    
        3292   1.605305    
        3293   1.611506    
        3294   1.617741    
        3295   1.624028    
        3296   1.630377    
        3297   1.636794    
        3298   1.643287    
        3299   1.649861    
        3300   1.656516    
        3301   1.663253    
        3302   1.670068    
        3303   1.676960    
        3304   1.683924    
        3305   1.690959    
        3306   1.698063    
        3307   1.705235    
        3308   1.712477    
        3309   1.719790    
        3310   1.727174    
        3311   1.734621    
        3312   1.742124    
        3313   1.749676    
        3314   1.757271    
        3315   1.764908    
        3316   1.772584    
        3317   1.780294    
        3318   1.788037    
        3319   1.795810    
        3320   1.803610    
        3321   1.811435    
        3322   1.819284    
        3323   1.827154    
        3324   1.835043    
        3325   1.842950    
        3326   1.850873    
        3327   1.858811    
        3328   1.866763    
        3329   1.874727    
        3330   1.882704    
        3331   1.890690    
        3332   1.898687    
        3333   1.906693    
        3334   1.914707    
        3335   1.922729    
        3336   1.930758    
        3337   1.938793    
        3338   1.946834    
        3339   1.954881    
        3340   1.962933    
        3341   1.970990    
        3342   1.979050    
        3343   1.987115    
        3344   1.995183    
        3345   2.003254    
        3346   2.011328    
        3347   2.019404    
        3348   2.027483    
        3349   2.035563    
        3350   2.043645    
        3351   2.051727    
        3352   2.059810    
        3353   2.067894    
        3354   2.075976    
        3355   2.084057    
        3356   2.092136    
        3357   2.100209    
        3358   2.108276    
        3359   2.116330    
        3360   2.124365    
        3361   2.132368    
        3362   2.140325    
        3363   2.148225    
        3364   2.156072    
        3365   2.163870    
        3366   2.171605    
