      176155   2.127728    
      176156   2.119740    
      176157   2.111758    
      176158   2.103785    
      176159   2.095819    
      176160   2.087862    
      176161   2.079915    
      176162   2.071977    
      176163   2.064051    
      176164   2.056135    
      176165   2.048232    
      176166   2.040342    
      176167   2.032466    
      176168   2.024605    
      176169   2.016761    
      176170   2.008935    
      176171   2.001128    
      176172   1.993341    
      176173   1.985577    
      176174   1.977837    
      176175   1.970122    
      176176   1.962436    
      176177   1.954779    
      176178   1.947155    
      176179   1.939564    
      176180   1.932010    
      176181   1.924494    
      176182   1.917017    
      176183   1.909585    
      176184   1.902198    
      176185   1.894860    
      176186   1.887572    
      176187   1.880332    
      176188   1.873141    
      176189   1.865997    
      176190   1.858899    
      176191   1.851846    
      176192   1.844840    
      176193   1.837880    
      176194   1.830968    
      176195   1.824106    
      176196   1.817294    
      176197   1.810535    
      176198   1.803832    
      176199   1.797187    
      176200   1.790599    
      176201   1.784069    
      176202   1.777592    
      176203   1.771163    
      176204   1.764777    
      176205   1.758425    
      176206   1.752095    
      176207   1.745762    
      176208   1.739375    
      176209   1.732850    
      176210   1.726053    
      176211   1.718850    
      176212   1.711261    
      176213   1.703430    
      176214   1.695476    
      176215   1.687462    
      176216   1.679421    
      176217   1.671367    
      176218   1.663306    
      176219   1.655243    
      176220   1.647177    
      176221   1.639111    
      176222   1.631045    
      176223   1.622979    
      176224   1.614914    
      176225   1.606851    
      176226   1.598789    
      176227   1.590730    
      176228   1.582674    
      176229   1.574620    
      176230   1.566570    
      176231   1.558524    
      176232   1.550482    
      176233   1.542445    
      176234   1.534413    
      176235   1.526387    
      176236   1.518366    
      176237   1.510352    
      176238   1.502345    
      176239   1.494346    
      176240   1.486354    
      176241   1.478371    
      176242   1.470397    
      176243   1.462433    
      176244   1.454480    
      176245   1.446538    
      176246   1.438608    
      176247   1.430692    
      176248   1.422791    
      176249   1.414905    
      176250   1.407037    
      176251   1.399187    
      176252   1.391357    
      176253   1.383551    
      176254   1.375768    
      176255   1.368012    
      176256   1.360286    
      176257   1.352592    
      176258   1.344934    
      176259   1.337316    
      176260   1.329743    
      176261   1.322220    
      176262   1.314754    
      176263   1.307350    
      176264   1.300012    
      176265   1.292741    
      176266   1.285535    
      176267   1.278390    
      176268   1.271298    
      176269   1.264240    
      176270   1.257181    
      176271   1.250061    
      176272   1.242789    
      176273   1.235283    
      176274   1.227552    
      176275   1.219678    
      176276   1.211728    
      176277   1.203740    
      176278   1.195735    
      176279   1.187722    
      176280   1.179706    
      176281   1.171689    
      176282   1.163675    
      176283   1.155663    
      176284   1.147654    
      176285   1.139651    
      176286   1.131653    
      176287   1.123661    
      176288   1.115677    
      176289   1.107703    
      176290   1.099739    
      176291   1.091787    
      176292   1.083849    
      176293   1.075925    
      176294   1.068019    
      176295   1.060131    
      176296   1.052263    
      176297   1.044419    
      176298   1.036599    
      176299   1.028807    
      176300   1.021047    
      176301   1.013322    
      176302   1.005635    
      176303  0.9979936    
      176304  0.9904028    
      176305  0.9828709    
      176306  0.9754066    
      176307  0.9680184    
      176308  0.9607124    
      176309  0.9534922    
      176310  0.9463610    
      176311  0.9393242    
      176312  0.9323874    
      176313  0.9255559    
      176314  0.9188336    
      176315  0.9122221    
      176316  0.9057205    
      176317  0.8993243    
      176318  0.8930284    
      176319  0.8868282    
      176320  0.8807164    
      176321  0.8746842    
      176322  0.8687233    
      176323  0.8628255    
      176324  0.8569807    
      176325  0.8511692    
      176326  0.8453484    
      176327  0.8394314    
      176328  0.8332746    
      176329  0.8267090    
      176330  0.8196992    
      176331  0.8123727    
      176332  0.8048657    
      176333  0.7972631    
      176334  0.7896105    
      176335  0.7819328    
      176336  0.7742444    
      176337  0.7665541    
      176338  0.7588684    
      176339  0.7511922    
      176340  0.7435296    
      176341  0.7358843    
      176342  0.7282597    
      176343  0.7206588    
      176344  0.7130848    
      176345  0.7055410    
      176346  0.6980310    
      176347  0.6905590    
      176348  0.6831297    
      176349  0.6757480    
      176350  0.6684186    
      176351  0.6611449    
      176352  0.6539289    
      176353  0.6467723    
      176354  0.6396771    
      176355  0.6326467    
      176356  0.6256846    
      176357  0.6187946    
      176358  0.6119805    
      176359  0.6052461    
      176360  0.5985948    
      176361  0.5920294    
      176362  0.5855509    
      176363  0.5791588    
      176364  0.5728512    
      176365  0.5666232    
      176366  0.5604541    
      176367  0.5542954    
      176368  0.5480543    
      176369  0.5415648    
      176370  0.5346037    
      176371  0.5271108    
      176372  0.5192583    
      176373  0.5112197    
      176374  0.5030921    
      176375  0.4949223    
      176376  0.4867315    
      176377  0.4785285    
      176378  0.4703169    
      176379  0.4620979    
      176380  0.4538719    
      176381  0.4456393    
      176382  0.4374000    
      176383  0.4291545    
      176384  0.4209030    
      176385  0.4126458    
      176386  0.4043833    
      176387  0.3961161    
      176388  0.3878458    
      176389  0.3795737    
      176390  0.3713005    
      176391  0.3630265    
      176392  0.3547517    
      176393  0.3464763    
      176394  0.3382004    
      176395  0.3299240    
      176396  0.3216472    
      176397  0.3133701    
      176398  0.3050927    
      176399  0.2968150    
      176400  0.2885371    
      176401  0.2802590    
      176402  0.2719808    
      176403  0.2637025    
      176404  0.2554241    
      176405  0.2471456    
      176406  0.2388670    
      176407  0.2305886    
      176408  0.2223101    
      176409  0.2140318    
      176410  0.2057536    
      176411  0.1974756    
      176412  0.1891980    
      176413  0.1809206    
      176414  0.1726438    
      176415  0.1643676    
      176416  0.1560922    
      176417  0.1478178    
      176418  0.1395448    
      176419  0.1312737    
      176420  0.1230049    
      176421  0.1147393    
      176422  0.1064781    
      176423  9.8222911E-02
      176424  8.9975849E-02
      176425  8.1739917E-02
      176426  7.3518880E-02
      176427  6.5317623E-02
      176428  5.7143383E-02
      176429  4.9009036E-02
      176430  4.0940642E-02
      176431  3.2995187E-02
      176432  2.5305200E-02
      176433  1.8189464E-02
      176434  1.2418156E-02
      176435  9.7614629E-03
      176436  1.2311675E-02
      176437  1.7930958E-02
      176438  2.4837796E-02
      176439  3.2262690E-02
      176440  3.9894722E-02
      176441  4.7615007E-02
      176442  5.5379130E-02
      176443  6.3165128E-02
      176444  7.0948496E-02
      176445  7.8692131E-02
      176446  8.6363330E-02
      176447  9.3949318E-02
      176448  0.1014592    
      176449  0.1089120    
      176450  0.1163282    
      176451  0.1237259    
      176452  0.1311195    
      176453  0.1385213    
      176454  0.1459413    
      176455  0.1533880    
      176456  0.1608680    
      176457  0.1683869    
      176458  0.1759481    
      176459  0.1835525    
      176460  0.1911993    
      176461  0.1988880    
      176462  0.2066178    
      176463  0.2143871    
      176464  0.2221938    
      176465  0.2300353    
      176466  0.2379088    
      176467  0.2458113    
      176468  0.2537401    
      176469  0.2616926    
      176470  0.2696665    
      176471  0.2776596    
      176472  0.2856702    
      176473  0.2936965    
      176474  0.3017370    
      176475  0.3097903    
      176476  0.3178551    
      176477  0.3259303    
      176478  0.3340150    
      176479  0.3421083    
      176480  0.3502094    
      176481  0.3583174    
      176482  0.3664318    
      176483  0.3745519    
      176484  0.3826770    
      176485  0.3908066    
      176486  0.3989397    
      176487  0.4070759    
      176488  0.4152141    
      176489  0.4233531    
      176490  0.4314913    
      176491  0.4396265    
      176492  0.4477555    
      176493  0.4558736    
      176494  0.4639741    
      176495  0.4720470    
      176496  0.4800776    
      176497  0.4880449    
      176498  0.4959212    
      176499  0.5036725    
      176500  0.5112584    
      176501  0.5186336    
      176502  0.5257577    
      176503  0.5326148    
      176504  0.5392283    
      176505  0.5456594    
      176506  0.5519740    
      176507  0.5582228    
      176508  0.5644369    
      176509  0.5706326    
      176510  0.5768182    
      176511  0.5829983    
      176512  0.5891763    
      176513  0.5953561    
      176514  0.6015429    
      176515  0.6077449    
      176516  0.6139726    
      176517  0.6202401    
      176518  0.6265610    
      176519  0.6329460    
      176520  0.6394032    
      176521  0.6459384    
      176522  0.6525556    
      176523  0.6592560    
      176524  0.6660386    
      176525  0.6729019    
      176526  0.6798431    
      176527  0.6868580    
      176528  0.6939430    
      176529  0.7010962    
      176530  0.7083175    
      176531  0.7156069    
      176532  0.7229654    
      176533  0.7303927    
      176534  0.7378869    
      176535  0.7454439    
      176536  0.7530581    
      176537  0.7607244    
      176538  0.7684398    
      176539  0.7762005    
      176540  0.7840037    
      176541  0.7918456    
      176542  0.7997226    
      176543  0.8076309    
      176544  0.8155674    
      176545  0.8235288    
      176546  0.8315126    
      176547  0.8395161    
      176548  0.8475374    
      176549  0.8555746    
      176550  0.8636260    
      176551  0.8716902    
      176552  0.8797657    
      176553  0.8878517    
      176554  0.8959470    
      176555  0.9040508    
      176556  0.9121624    
      176557  0.9202809    
      176558  0.9284058    
      176559  0.9365365    
      176560  0.9446725    
      176561  0.9528133    
      176562  0.9609586    
      176563  0.9691079    
      176564  0.9772609    
      176565  0.9854174    
      176566  0.9935770    
      176567   1.001740    
      176568   1.009905    
      176569   1.018072    
      176570   1.026242    
      176571   1.034414    
      176572   1.042587    
      176573   1.050762    
      176574   1.058939    
      176575   1.067118    
      176576   1.075297    
      176577   1.083478    
      176578   1.091660    
      176579   1.099843    
      176580   1.108027    
      176581   1.116212    
      176582   1.124397    
      176583   1.132583    
      176584   1.140770    
      176585   1.148957    
      176586   1.157145    
      176587   1.165333    
      176588   1.173522    
      176589   1.181711    
      176590   1.189900    
      176591   1.198089    
      176592   1.206279    
      176593   1.214469    
      176594   1.222659    
      176595   1.230850    
      176596   1.239040    
      176597   1.247231    
      176598   1.255422    
      176599   1.263613    
      176600   1.271804    
      176601   1.279995    
      176602   1.288186    
      176603   1.296377    
      176604   1.304569    
      176605   1.312760    
      176606   1.320951    
      176607   1.329142    
      176608   1.337334    
      176609   1.345525    
      176610   1.353716    
      176611   1.361907    
      176612   1.370099    
      176613   1.378290    
      176614   1.386482    
      176615   1.394673    
      176616   1.402864    
      176617   1.411056    
      176618   1.419247    
      176619   1.427438    
      176620   1.435629    
      176621   1.443821    
