       26041  0.3811887    
       26042  0.3729090    
       26043  0.3646291    
       26044  0.3563492    
       26045  0.3480692    
       26046  0.3397891    
       26047  0.3315089    
       26048  0.3232286    
       26049  0.3149482    
       26050  0.3066677    
       26051  0.2983871    
       26052  0.2901065    
       26053  0.2818258    
       26054  0.2735450    
       26055  0.2652641    
       26056  0.2569832    
       26057  0.2487022    
       26058  0.2404211    
       26059  0.2321399    
       26060  0.2238588    
       26061  0.2155776    
       26062  0.2072963    
       26063  0.1990150    
       26064  0.1907337    
       26065  0.1824525    
       26066  0.1741712    
       26067  0.1658901    
       26068  0.1576092    
       26069  0.1493285    
       26070  0.1410481    
       26071  0.1327683    
       26072  0.1244893    
       26073  0.1162113    
       26074  0.1079347    
       26075  9.9659875E-02
       26076  9.1387466E-02
       26077  8.3118409E-02
       26078  7.4854165E-02
       26079  6.6597372E-02
       26080  5.8353044E-02
       26081  5.0131764E-02
       26082  4.1957177E-02
       26083  3.3884622E-02
       26084  2.6047930E-02
       26085  1.8774647E-02
       26086  1.2862684E-02
       26087  1.0157422E-02
       26088  1.2862682E-02
       26089  1.8774645E-02
       26090  2.6047925E-02
       26091  3.3884618E-02
       26092  4.1957177E-02
       26093  5.0131768E-02
       26094  5.8353044E-02
       26095  6.6597372E-02
       26096  7.4854173E-02
       26097  8.3118409E-02
       26098  9.1387480E-02
       26099  9.9659875E-02
       26100  0.1079347    
       26101  0.1162113    
       26102  0.1244893    
       26103  0.1327684    
       26104  0.1410481    
       26105  0.1493284    
       26106  0.1576091    
       26107  0.1658901    
       26108  0.1741711    
       26109  0.1824524    
       26110  0.1907336    
       26111  0.1990148    
       26112  0.2072960    
       26113  0.2155772    
       26114  0.2238582    
       26115  0.2321392    
       26116  0.2404200    
       26117  0.2487006    
       26118  0.2569809    
       26119  0.2652610    
       26120  0.2735407    
       26121  0.2818203    
       26122  0.2900995    
       26123  0.2983785    
       26124  0.3066573    
       26125  0.3149357    
       26126  0.3232137    
       26127  0.3314914    
       26128  0.3397685    
       26129  0.3480452    
       26130  0.3563214    
       26131  0.3645971    
       26132  0.3728722    
       26133  0.3811467    
       26134  0.3894204    
       26135  0.3976928    
       26136  0.4059625    
       26137  0.4142267    
       26138  0.4224791    
       26139  0.4307064    
       26140  0.4388815    
       26141  0.4469503    
       26142  0.4548115    
       26143  0.4623078    
       26144  0.4693278    
       26145  0.4759656    
       26146  0.4823866    
       26147  0.4887177    
       26148  0.4950348    
       26149  0.5013804    
       26150  0.5077764    
       26151  0.5142327    
       26152  0.5207543    
       26153  0.5273435    
       26154  0.5340008    
       26155  0.5407263    
       26156  0.5475203    
       26157  0.5543832    
       26158  0.5613154    
       26159  0.5683168    
       26160  0.5753870    
       26161  0.5825256    
       26162  0.5897337    
       26163  0.5970134    
       26164  0.6043642    
       26165  0.6117801    
       26166  0.6192524    
       26167  0.6267744    
       26168  0.6343406    
       26169  0.6419469    
       26170  0.6495897    
       26171  0.6572659    
       26172  0.6649727    
       26173  0.6727074    
       26174  0.6804677    
       26175  0.6882517    
       26176  0.6960574    
       26177  0.7038831    
       26178  0.7117272    
       26179  0.7195884    
       26180  0.7274653    
       26181  0.7353568    
       26182  0.7432617    
       26183  0.7511791    
       26184  0.7591081    
       26185  0.7670478    
       26186  0.7749975    
       26187  0.7829566    
       26188  0.7909244    
       26189  0.7989002    
       26190  0.8068837    
       26191  0.8148739    
       26192  0.8228705    
       26193  0.8308730    
       26194  0.8388805    
       26195  0.8468924    
       26196  0.8549080    
       26197  0.8629266    
       26198  0.8709474    
       26199  0.8789697    
       26200  0.8869927    
       26201  0.8950158    
       26202  0.9030379    
       26203  0.9110579    
       26204  0.9190741    
       26205  0.9270828    
       26206  0.9350772    
       26207  0.9430430    
       26208  0.9509506    
       26209  0.9587423    
       26210  0.9663247    
       26211  0.9736190    
       26212  0.9806637    
       26213  0.9875755    
       26214  0.9944526    
       26215   1.001353    
       26216   1.008310    
       26217   1.015337    
       26218   1.022441    
       26219   1.029625    
       26220   1.036892    
       26221   1.044241    
       26222   1.051663    
       26223   1.059148    
       26224   1.066686    
       26225   1.074270    
       26226   1.081896    
       26227   1.089560    
       26228   1.097259    
       26229   1.104989    
       26230   1.112747    
       26231   1.120531    
       26232   1.128338    
       26233   1.136166    
       26234   1.144013    
       26235   1.151875    
       26236   1.159750    
       26237   1.167635    
       26238   1.175527    
       26239   1.183422    
       26240   1.191315    
       26241   1.199203    
       26242   1.207079    
       26243   1.214933    
       26244   1.222748    
       26245   1.230492    
       26246   1.238101    
       26247   1.245472    
       26248   1.252486    
       26249   1.259119    
       26250   1.265489    
       26251   1.271728    
       26252   1.277921    
       26253   1.284122    
       26254   1.290357    
       26255   1.296644    
       26256   1.302993    
       26257   1.309410    
       26258   1.315904    
       26259   1.322477    
       26260   1.329132    
       26261   1.335869    
       26262   1.342685    
       26263   1.349576    
       26264   1.356541    
       26265   1.363576    
       26266   1.370680    
       26267   1.377852    
       26268   1.385094    
       26269   1.392407    
       26270   1.399790    
       26271   1.407238    
       26272   1.414741    
       26273   1.422292    
       26274   1.429888    
       26275   1.437526    
       26276   1.445201    
       26277   1.452911    
       26278   1.460654    
       26279   1.468427    
       26280   1.476227    
       26281   1.484053    
       26282   1.491901    
       26283   1.499771    
       26284   1.507660    
       26285   1.515567    
       26286   1.523490    
       26287   1.531428    
       26288   1.539380    
       26289   1.547345    
       26290   1.555321    
       26291   1.563308    
       26292   1.571304    
       26293   1.579310    
       26294   1.587324    
       26295   1.595346    
       26296   1.603375    
       26297   1.611410    
       26298   1.619452    
       26299   1.627499    
       26300   1.635550    
       26301   1.643607    
       26302   1.651668    
       26303   1.659732    
       26304   1.667800    
       26305   1.675871    
       26306   1.683945    
       26307   1.692021    
       26308   1.700100    
       26309   1.708180    
       26310   1.716262    
       26311   1.724344    
       26312   1.732428    
       26313   1.740511    
       26314   1.748593    
       26315   1.756675    
       26316   1.764753    
       26317   1.772827    
       26318   1.780894    
       26319   1.788949    
       26320   1.796983    
       26321   1.804987    
       26322   1.812945    
       26323   1.820848    
       26324   1.828704    
       26325   1.836529    
       26326   1.844336    
       26327   1.852136    
       26328   1.859938    
       26329   1.867746    
       26330   1.875562    
       26331   1.883388    
       26332   1.891226    
       26333   1.899075    
       26334   1.906935    
       26335   1.914807    
       26336   1.922689    
       26337   1.930581    
       26338   1.938482    
       26339   1.946391    
       26340   1.954306    
       26341   1.962225    
       26342   1.970147    
       26343   1.978066    
       26344   1.985977    
       26345   1.993870    
       26346   2.001728    
       26347   2.009526    
       26348   2.017215    
       26349   2.024718    
       26350   2.031926    
       26351   2.038734    
       26352   2.045068    
       26353   2.050939    
       26354   2.056457    
       26355   2.061764    
       26356   2.066985    
       26357   2.072217    
       26358   2.077527    
       26359   2.082954    
       26360   2.088517    
       26361   2.094226    
       26362   2.100081    
       26363   2.106075    
       26364   2.112196    
       26365   2.118432    
       26366   2.124766    
       26367   2.131164    
