        8121  0.1162113    
        8122  0.1079347    
        8123  9.9659875E-02
        8124  9.1387466E-02
        8125  8.3118409E-02
        8126  7.4854165E-02
        8127  6.6597372E-02
        8128  5.8353044E-02
        8129  5.0131764E-02
        8130  4.1957177E-02
        8131  3.3884622E-02
        8132  2.6047930E-02
        8133  1.8774647E-02
        8134  1.2862684E-02
        8135  1.0157422E-02
        8136  1.2862682E-02
        8137  1.8774645E-02
        8138  2.6047925E-02
        8139  3.3884618E-02
        8140  4.1957177E-02
        8141  5.0131768E-02
        8142  5.8353044E-02
        8143  6.6597372E-02
        8144  7.4854173E-02
        8145  8.3118409E-02
        8146  9.1387480E-02
        8147  9.9659875E-02
        8148  0.1079347    
        8149  0.1162113    
        8150  0.1244893    
        8151  0.1327684    
        8152  0.1410481    
        8153  0.1493285    
        8154  0.1576092    
        8155  0.1658901    
        8156  0.1741712    
        8157  0.1824525    
        8158  0.1907337    
        8159  0.1990150    
        8160  0.2072963    
        8161  0.2155775    
        8162  0.2238588    
        8163  0.2321400    
        8164  0.2404211    
        8165  0.2487021    
        8166  0.2569832    
        8167  0.2652641    
        8168  0.2735450    
        8169  0.2818258    
        8170  0.2901065    
        8171  0.2983871    
        8172  0.3066677    
        8173  0.3149481    
        8174  0.3232285    
        8175  0.3315089    
        8176  0.3397891    
        8177  0.3480693    
        8178  0.3563493    
        8179  0.3646292    
        8180  0.3729090    
        8181  0.3811887    
        8182  0.3894683    
        8183  0.3977478    
        8184  0.4060272    
        8185  0.4143064    
        8186  0.4225855    
        8187  0.4308645    
        8188  0.4391433    
        8189  0.4474220    
        8190  0.4557005    
        8191  0.4639789    
        8192  0.4722571    
        8193  0.4805351    
        8194  0.4888128    
        8195  0.4970903    
        8196  0.5053676    
        8197  0.5136445    
        8198  0.5219209    
        8199  0.5301968    
        8200  0.5384719    
        8201  0.5467459    
        8202  0.5550175    
        8203  0.5632861    
        8204  0.5715519    
        8205  0.5798151    
        8206  0.5880757    
        8207  0.5963337    
        8208  0.6045891    
        8209  0.6128420    
        8210  0.6210920    
        8211  0.6293389    
        8212  0.6375816    
        8213  0.6458176    
        8214  0.6540412    
        8215  0.6622393    
        8216  0.6703833    
        8217  0.6784137    
        8218  0.6862153    
        8219  0.6936037    
        8220  0.7004522    
        8221  0.7068813    
        8222  0.7130816    
        8223  0.7191846    
        8224  0.7252653    
        8225  0.7313667    
        8226  0.7375104    
        8227  0.7437072    
        8228  0.7499632    
        8229  0.7562820    
        8230  0.7626649    
        8231  0.7691133    
        8232  0.7756295    
        8233  0.7822142    
        8234  0.7888678    
        8235  0.7955903    
        8236  0.8023815    
        8237  0.8092420    
        8238  0.8161722    
        8239  0.8231720    
        8240  0.8302407    
        8241  0.8373781    
        8242  0.8445851    
        8243  0.8518639    
        8244  0.8592139    
        8245  0.8666291    
        8246  0.8741009    
        8247  0.8816223    
        8248  0.8891882    
        8249  0.8967942    
        8250  0.9044368    
        8251  0.9121127    
        8252  0.9198192    
        8253  0.9275539    
        8254  0.9353141    
        8255  0.9430979    
        8256  0.9509035    
        8257  0.9587291    
        8258  0.9665732    
        8259  0.9744344    
        8260  0.9823112    
        8261  0.9902025    
        8262  0.9981074    
        8263   1.006025    
        8264   1.013954    
        8265   1.021893    
        8266   1.029843    
        8267   1.037802    
        8268   1.045770    
        8269   1.053745    
        8270   1.061729    
        8271   1.069719    
        8272   1.077716    
        8273   1.085718    
        8274   1.093725    
        8275   1.101737    
        8276   1.109753    
        8277   1.117771    
        8278   1.125792    
        8279   1.133814    
        8280   1.141837    
        8281   1.149861    
        8282   1.157883    
        8283   1.165903    
        8284   1.173919    
        8285   1.181927    
        8286   1.189922    
        8287   1.197888    
        8288   1.205795    
        8289   1.213586    
        8290   1.221169    
        8291   1.228463    
        8292   1.235507    
        8293   1.242419    
        8294   1.249296    
        8295   1.256196    
        8296   1.263152    
        8297   1.270179    
        8298   1.277283    
        8299   1.284467    
        8300   1.291734    
        8301   1.299083    
        8302   1.306505    
        8303   1.313990    
        8304   1.321527    
        8305   1.329112    
        8306   1.336738    
        8307   1.344402    
        8308   1.352101    
        8309   1.359830    
        8310   1.367589    
        8311   1.375373    
        8312   1.383180    
        8313   1.391008    
        8314   1.398854    
        8315   1.406717    
        8316   1.414592    
        8317   1.422477    
        8318   1.430369    
        8319   1.438264    
        8320   1.446157    
        8321   1.454045    
        8322   1.461921    
        8323   1.469775    
        8324   1.477590    
        8325   1.485334    
        8326   1.492944    
        8327   1.500314    
        8328   1.507329    
        8329   1.513962    
        8330   1.520332    
        8331   1.526571    
        8332   1.532764    
        8333   1.538964    
        8334   1.545200    
        8335   1.551486    
        8336   1.557835    
        8337   1.564253    
        8338   1.570746    
        8339   1.577319    
        8340   1.583975    
        8341   1.590711    
        8342   1.597527    
        8343   1.604419    
        8344   1.611383    
        8345   1.618418    
        8346   1.625522    
        8347   1.632694    
        8348   1.639936    
        8349   1.647249    
        8350   1.654633    
        8351   1.662080    
        8352   1.669583    
        8353   1.677135    
        8354   1.684731    
        8355   1.692368    
        8356   1.700043    
        8357   1.707753    
        8358   1.715496    
        8359   1.723269    
        8360   1.731069    
        8361   1.738895    
        8362   1.746743    
        8363   1.754613    
        8364   1.762502    
        8365   1.770409    
        8366   1.778332    
        8367   1.786270    
        8368   1.794222    
        8369   1.802187    
        8370   1.810163    
        8371   1.818150    
        8372   1.826146    
        8373   1.834152    
        8374   1.842166    
        8375   1.850188    
        8376   1.858217    
        8377   1.866253    
        8378   1.874294    
        8379   1.882341    
        8380   1.890393    
        8381   1.898449    
        8382   1.906510    
        8383   1.914575    
        8384   1.922643    
        8385   1.930714    
        8386   1.938788    
        8387   1.946864    
        8388   1.954942    
        8389   1.963022    
        8390   1.971104    
        8391   1.979187    
        8392   1.987270    
        8393   1.995353    
        8394   2.003436    
        8395   2.011517    
        8396   2.019595    
        8397   2.027669    
        8398   2.035736    
        8399   2.043790    
        8400   2.051825    
        8401   2.059829    
        8402   2.067786    
        8403   2.075690    
        8404   2.083546    
        8405   2.091371    
        8406   2.099178    
        8407   2.106978    
        8408   2.114780    
        8409   2.122587    
        8410   2.130403    
        8411   2.138228    
        8412   2.146062    
        8413   2.153901    
        8414   2.161734    
        8415   2.169532    
