      241792   2.095445    
      241793   2.087939    
      241794   2.080208    
      241795   2.072334    
      241796   2.064383    
      241797   2.056395    
      241798   2.048390    
      241799   2.040376    
      241800   2.032360    
      241801   2.024344    
      241802   2.016330    
      241803   2.008317    
      241804   2.000309    
      241805   1.992305    
      241806   1.984307    
      241807   1.976315    
      241808   1.968332    
      241809   1.960357    
      241810   1.952394    
      241811   1.944442    
      241812   1.936503    
      241813   1.928580    
      241814   1.920673    
      241815   1.912786    
      241816   1.904918    
      241817   1.897073    
      241818   1.889253    
      241819   1.881462    
      241820   1.873702    
      241821   1.865976    
      241822   1.858290    
      241823   1.850648    
      241824   1.843058    
      241825   1.835526    
      241826   1.828062    
      241827   1.820673    
      241828   1.813368    
      241829   1.806147    
      241830   1.799017    
      241831   1.791980    
      241832   1.785044    
      241833   1.778213    
      241834   1.771491    
      241835   1.764880    
      241836   1.758378    
      241837   1.751982    
      241838   1.745687    
      241839   1.739487    
      241840   1.733375    
      241841   1.727343    
      241842   1.721383    
      241843   1.715486    
      241844   1.709641    
      241845   1.703830    
      241846   1.698009    
      241847   1.692091    
      241848   1.685933    
      241849   1.679366    
      241850   1.672355    
      241851   1.665028    
      241852   1.657521    
      241853   1.649918    
      241854   1.642266    
      241855   1.634588    
      241856   1.626900    
      241857   1.619210    
      241858   1.611524    
      241859   1.603848    
      241860   1.596186    
      241861   1.588541    
      241862   1.580916    
      241863   1.573316    
      241864   1.565742    
      241865   1.558199    
      241866   1.550689    
      241867   1.543218    
      241868   1.535789    
      241869   1.528408    
      241870   1.521080    
      241871   1.513807    
      241872   1.506592    
      241873   1.499437    
      241874   1.492343    
      241875   1.485314    
      241876   1.478354    
      241877   1.471465    
      241878   1.464653    
      241879   1.457920    
      241880   1.451271    
      241881   1.444707    
      241882   1.438230    
      241883   1.431838    
      241884   1.425528    
      241885   1.419289    
      241886   1.413089    
      241887   1.406860    
      241888   1.400475    
      241889   1.393731    
      241890   1.386458    
      241891   1.378747    
      241892   1.370790    
      241893   1.362714    
      241894   1.354583    
      241895   1.346429    
      241896   1.338266    
      241897   1.330099    
      241898   1.321931    
      241899   1.313764    
      241900   1.305597    
      241901   1.297431    
      241902   1.289266    
      241903   1.281103    
      241904   1.272941    
      241905   1.264781    
      241906   1.256623    
      241907   1.248467    
      241908   1.240314    
      241909   1.232163    
      241910   1.224014    
      241911   1.215869    
      241912   1.207727    
      241913   1.199589    
      241914   1.191455    
      241915   1.183326    
      241916   1.175202    
      241917   1.167082    
      241918   1.158969    
      241919   1.150863    
      241920   1.142763    
      241921   1.134672    
      241922   1.126589    
      241923   1.118516    
      241924   1.110453    
      241925   1.102403    
      241926   1.094366    
      241927   1.086344    
      241928   1.078338    
      241929   1.070351    
      241930   1.062384    
      241931   1.054441    
      241932   1.046524    
      241933   1.038637    
      241934   1.030782    
      241935   1.022964    
      241936   1.015188    
      241937   1.007457    
      241938  0.9997745    
      241939  0.9921452    
      241940  0.9845718    
      241941  0.9770567    
      241942  0.9696014    
      241943  0.9622068    
      241944  0.9548740    
      241945  0.9476043    
      241946  0.9404004    
      241947  0.9332662    
      241948  0.9262068    
      241949  0.9192301    
      241950  0.9123459    
      241951  0.9055656    
      241952  0.8989018    
      241953  0.8923673    
      241954  0.8859724    
      241955  0.8797216    
      241956  0.8736106    
      241957  0.8676282    
      241958  0.8617551    
      241959  0.8559636    
      241960  0.8502175    
      241961  0.8444678    
      241962  0.8386492    
      241963  0.8326705    
      241964  0.8264166    
      241965  0.8197737    
      241966  0.8127083    
      241967  0.8052856    
      241968  0.7976106    
      241969  0.7897717    
      241970  0.7818267    
      241971  0.7738099    
      241972  0.7657419    
      241973  0.7576358    
      241974  0.7495009    
      241975  0.7413442    
      241976  0.7331722    
      241977  0.7249899    
      241978  0.7168008    
      241979  0.7086074    
      241980  0.7004117    
      241981  0.6922148    
      241982  0.6840177    
      241983  0.6758210    
      241984  0.6676252    
      241985  0.6594308    
      241986  0.6512381    
      241987  0.6430474    
      241988  0.6348592    
      241989  0.6266737    
      241990  0.6184913    
      241991  0.6103124    
      241992  0.6021375    
      241993  0.5939670    
      241994  0.5858015    
      241995  0.5776415    
      241996  0.5694878    
      241997  0.5613413    
      241998  0.5532028    
      241999  0.5450735    
      242000  0.5369548    
      242001  0.5288479    
      242002  0.5207550    
      242003  0.5126780    
      242004  0.5046196    
      242005  0.4965829    
      242006  0.4885715    
      242007  0.4805904    
      242008  0.4726450    
      242009  0.4647426    
      242010  0.4568920    
      242011  0.4491040    
      242012  0.4413916    
      242013  0.4337692    
      242014  0.4262520    
      242015  0.4188546    
      242016  0.4115892    
      242017  0.4044651    
      242018  0.3974893    
      242019  0.3906636    
      242020  0.3839841    
      242021  0.3774424    
      242022  0.3710262    
      242023  0.3647195    
      242024  0.3585041    
      242025  0.3523628    
      242026  0.3462818    
      242027  0.3402509    
      242028  0.3342648    
      242029  0.3283216    
      242030  0.3224219    
      242031  0.3165678    
      242032  0.3107626    
      242033  0.3050087    
      242034  0.2993044    
      242035  0.2936353    
      242036  0.2879589    
      242037  0.2821842    
      242038  0.2761604    
      242039  0.2696841    
      242040  0.2626393    
      242041  0.2551352    
      242042  0.2473494    
      242043  0.2394078    
      242044  0.2313745    
      242045  0.2232811    
      242046  0.2151448    
      242047  0.2069761    
      242048  0.1987821    
      242049  0.1905677    
      242050  0.1823367    
      242051  0.1740921    
      242052  0.1658367    
      242053  0.1575734    
      242054  0.1493046    
      242055  0.1410323    
      242056  0.1327578    
      242057  0.1244823    
      242058  0.1162067    
      242059  0.1079316    
      242060  9.9657834E-02
      242061  9.1386110E-02
      242062  8.3117500E-02
      242063  7.4853577E-02
      242064  6.6596985E-02
      242065  5.8352791E-02
      242066  5.0131604E-02
      242067  4.1957069E-02
      242068  3.3884551E-02
      242069  2.6047885E-02
      242070  1.8774621E-02
      242071  1.2862670E-02
      242072  1.0157415E-02
      242073  1.2862676E-02
      242074  1.8774638E-02
      242075  2.6047919E-02
      242076  3.3884607E-02
      242077  4.1957162E-02
      242078  5.0131753E-02
      242079  5.8353025E-02
      242080  6.6597357E-02
      242081  7.4854150E-02
      242082  8.3118379E-02
      242083  9.1387451E-02
      242084  9.9659853E-02
      242085  0.1079347    
      242086  0.1162113    
      242087  0.1244893    
      242088  0.1327683    
      242089  0.1410481    
      242090  0.1493284    
      242091  0.1576091    
      242092  0.1658901    
      242093  0.1741712    
      242094  0.1824524    
      242095  0.1907337    
      242096  0.1990150    
      242097  0.2072963    
      242098  0.2155775    
      242099  0.2238587    
      242100  0.2321399    
      242101  0.2404211    
      242102  0.2487021    
      242103  0.2569831    
      242104  0.2652641    
      242105  0.2735449    
      242106  0.2818257    
      242107  0.2901065    
      242108  0.2983871    
      242109  0.3066677    
      242110  0.3149481    
      242111  0.3232285    
      242112  0.3315088    
      242113  0.3397890    
      242114  0.3480692    
      242115  0.3563492    
      242116  0.3646291    
      242117  0.3729089    
      242118  0.3811887    
      242119  0.3894683    
      242120  0.3977478    
      242121  0.4060272    
      242122  0.4143064    
      242123  0.4225855    
      242124  0.4308645    
      242125  0.4391433    
      242126  0.4474220    
      242127  0.4557005    
      242128  0.4639789    
      242129  0.4722571    
      242130  0.4805352    
      242131  0.4888131    
      242132  0.4970909    
      242133  0.5053685    
      242134  0.5136458    
      242135  0.5219229    
      242136  0.5301998    
      242137  0.5384761    
      242138  0.5467516    
      242139  0.5550250    
      242140  0.5632958    
      242141  0.5715643    
