      192985   2.094230    
      192986   2.086942    
      192987   2.079702    
      192988   2.072511    
      192989   2.065367    
      192990   2.058268    
      192991   2.051216    
      192992   2.044209    
      192993   2.037250    
      192994   2.030338    
      192995   2.023475    
      192996   2.016663    
      192997   2.009904    
      192998   2.003201    
      192999   1.996556    
      193000   1.989969    
      193001   1.983438    
      193002   1.976961    
      193003   1.970533    
      193004   1.964147    
      193005   1.957795    
      193006   1.951465    
      193007   1.945131    
      193008   1.938744    
      193009   1.932219    
      193010   1.925421    
      193011   1.918219    
      193012   1.910630    
      193013   1.902799    
      193014   1.894845    
      193015   1.886831    
      193016   1.878790    
      193017   1.870736    
      193018   1.862675    
      193019   1.854612    
      193020   1.846546    
      193021   1.838480    
      193022   1.830414    
      193023   1.822348    
      193024   1.814283    
      193025   1.806220    
      193026   1.798158    
      193027   1.790099    
      193028   1.782043    
      193029   1.773989    
      193030   1.765939    
      193031   1.757893    
      193032   1.749851    
      193033   1.741814    
      193034   1.733782    
      193035   1.725755    
      193036   1.717735    
      193037   1.709721    
      193038   1.701714    
      193039   1.693715    
      193040   1.685723    
      193041   1.677740    
      193042   1.669766    
      193043   1.661802    
      193044   1.653849    
      193045   1.645907    
      193046   1.637977    
      193047   1.630061    
      193048   1.622160    
      193049   1.614274    
      193050   1.606406    
      193051   1.598556    
      193052   1.590726    
      193053   1.582920    
      193054   1.575137    
      193055   1.567382    
      193056   1.559655    
      193057   1.551961    
      193058   1.544303    
      193059   1.536685    
      193060   1.529112    
      193061   1.521589    
      193062   1.514122    
      193063   1.506719    
      193064   1.499381    
      193065   1.492110    
      193066   1.484904    
      193067   1.477760    
      193068   1.470668    
      193069   1.463610    
      193070   1.456552    
      193071   1.449431    
      193072   1.442159    
      193073   1.434653    
      193074   1.426922    
      193075   1.419048    
      193076   1.411097    
      193077   1.403110    
      193078   1.395104    
      193079   1.387091    
      193080   1.379075    
      193081   1.371058    
      193082   1.363044    
      193083   1.355032    
      193084   1.347023    
      193085   1.339020    
      193086   1.331022    
      193087   1.323030    
      193088   1.315046    
      193089   1.307072    
      193090   1.299108    
      193091   1.291156    
      193092   1.283218    
      193093   1.275295    
      193094   1.267388    
      193095   1.259500    
      193096   1.251632    
      193097   1.243788    
      193098   1.235968    
      193099   1.228176    
      193100   1.220416    
      193101   1.212691    
      193102   1.205004    
      193103   1.197363    
      193104   1.189772    
      193105   1.182240    
      193106   1.174776    
      193107   1.167388    
      193108   1.160082    
      193109   1.152862    
      193110   1.145731    
      193111   1.138694    
      193112   1.131757    
      193113   1.124926    
      193114   1.118204    
      193115   1.111592    
      193116   1.105091    
      193117   1.098695    
      193118   1.092399    
      193119   1.086199    
      193120   1.080088    
      193121   1.074056    
      193122   1.068095    
      193123   1.062197    
      193124   1.056352    
      193125   1.050541    
      193126   1.044720    
      193127   1.038803    
      193128   1.032646    
      193129   1.026080    
      193130   1.019070    
      193131   1.011743    
      193132   1.004236    
      193133  0.9966336    
      193134  0.9889812    
      193135  0.9813038    
      193136  0.9736154    
      193137  0.9659253    
      193138  0.9582398    
      193139  0.9505637    
      193140  0.9429013    
      193141  0.9352561    
      193142  0.9276316    
      193143  0.9200310    
      193144  0.9124572    
      193145  0.9049137    
      193146  0.8974039    
      193147  0.8899323    
      193148  0.8825035    
      193149  0.8751224    
      193150  0.8677938    
      193151  0.8605208    
      193152  0.8533058    
      193153  0.8461501    
      193154  0.8390559    
      193155  0.8320265    
      193156  0.8250656    
      193157  0.8181767    
      193158  0.8113639    
      193159  0.8046308    
      193160  0.7979810    
      193161  0.7914172    
      193162  0.7849408    
      193163  0.7785515    
      193164  0.7722487    
      193165  0.7660310    
      193166  0.7598871    
      193167  0.7537847    
      193168  0.7476548    
      193169  0.7413696    
      193170  0.7347198    
      193171  0.7275198    
      193172  0.7198564    
      193173  0.7119319    
      193174  0.7038825    
      193175  0.6957774    
      193176  0.6876485    
      193177  0.6795104    
      193178  0.6713690    
      193179  0.6632270    
      193180  0.6550856    
      193181  0.6469454    
      193182  0.6388066    
      193183  0.6306695    
      193184  0.6225344    
      193185  0.6144015    
      193186  0.6062708    
      193187  0.5981427    
      193188  0.5900176    
      193189  0.5818956    
      193190  0.5737771    
      193191  0.5656624    
      193192  0.5575519    
      193193  0.5494457    
      193194  0.5413446    
      193195  0.5332488    
      193196  0.5251588    
      193197  0.5170752    
      193198  0.5089985    
      193199  0.5009293    
      193200  0.4928683    
      193201  0.4848163    
      193202  0.4767740    
      193203  0.4687425    
      193204  0.4607226    
      193205  0.4527155    
      193206  0.4447224    
      193207  0.4367446    
      193208  0.4287836    
      193209  0.4208412    
      193210  0.4129191    
      193211  0.4050195    
      193212  0.3971446    
      193213  0.3892972    
      193214  0.3814799    
      193215  0.3736959    
      193216  0.3659483    
      193217  0.3582406    
      193218  0.3505764    
      193219  0.3429595    
      193220  0.3353938    
      193221  0.3278825    
      193222  0.3204286    
      193223  0.3130339    
      193224  0.3056999    
      193225  0.2984284    
      193226  0.2912222    
      193227  0.2840849    
      193228  0.2770218    
      193229  0.2700404    
      193230  0.2631501    
      193231  0.2563621    
      193232  0.2496884    
      193233  0.2431409    
      193234  0.2367287    
      193235  0.2304545    
      193236  0.2243091    
      193237  0.2182717    
      193238  0.2123027    
      193239  0.2063307    
      193240  0.2002429    
      193241  0.1938787    
      193242  0.1870738    
      193243  0.1798036    
      193244  0.1721885    
      193245  0.1643674    
      193246  0.1564274    
      193247  0.1484115    
      193248  0.1403422    
      193249  0.1322322    
      193250  0.1240897    
      193251  0.1159202    
      193252  0.1077279    
      193253  9.9516623E-02
      193254  9.1290303E-02
      193255  8.3053365E-02
      193256  7.4810982E-02
      193257  6.6568874E-02
      193258  5.8334380E-02
      193259  5.0119631E-02
      193260  4.1949369E-02
      193261  3.3879690E-02
      193262  2.6044905E-02
      193263  1.8772883E-02
      193264  1.2861708E-02
      193265  1.0156844E-02
      193266  1.2862169E-02
      193267  1.8774066E-02
      193268  2.6047254E-02
      193269  3.3883866E-02
      193270  4.1956358E-02
      193271  5.0130900E-02
      193272  5.8352135E-02
      193273  6.6596434E-02
      193274  7.4853204E-02
      193275  8.3117403E-02
      193276  9.1386437E-02
      193277  9.9658795E-02
      193278  0.1079336    
      193279  0.1162101    
      193280  0.1244879    
      193281  0.1327667    
      193282  0.1410462    
      193283  0.1493260    
      193284  0.1576060    
      193285  0.1658858    
      193286  0.1741653    
      193287  0.1824440    
      193288  0.1907215    
      193289  0.1989972    
      193290  0.2072701    
      193291  0.2155390    
      193292  0.2238018    
      193293  0.2320558    
      193294  0.2402968    
      193295  0.2485187    
      193296  0.2567128    
      193297  0.2648671    
      193298  0.2729669    
      193299  0.2809969    
      193300  0.2889379    
      193301  0.2967572    
      193302  0.3043937    
      193303  0.3117729    
      193304  0.3188426    
      193305  0.3256086    
      193306  0.3321328    
      193307  0.3384985    
      193308  0.3447742    
      193309  0.3510057    
      193310  0.3572163    
      193311  0.3634160    
      193312  0.3696099    
      193313  0.3758028    
      193314  0.3820011    
      193315  0.3882138    
      193316  0.3944528    
      193317  0.4007334    
      193318  0.4070709    
      193319  0.4134784    
      193320  0.4199656    
      193321  0.4265379    
      193322  0.4331963    
      193323  0.4399394    
      193324  0.4467658    
      193325  0.4536731    
      193326  0.4606580    
      193327  0.4677173    
      193328  0.4748487    
      193329  0.4820494    
      193330  0.4893155    
      193331  0.4966419    
      193332  0.5040224    
      193333  0.5114493    
      193334  0.5189179    
      193335  0.5264268    
      193336  0.5339766    
      193337  0.5415669    
      193338  0.5491974    
      193339  0.5568681    
      193340  0.5645785    
      193341  0.5723273    
      193342  0.5801122    
      193343  0.5879312    
      193344  0.5957811    
      193345  0.6036596    
      193346  0.6115639    
      193347  0.6194916    
      193348  0.6274405    
      193349  0.6354086    
      193350  0.6433942    
      193351  0.6513958    
      193352  0.6594118    
      193353  0.6674409    
      193354  0.6754820    
      193355  0.6835340    
      193356  0.6915959    
      193357  0.6996670    
      193358  0.7077463    
      193359  0.7158333    
      193360  0.7239273    
      193361  0.7320276    
      193362  0.7401339    
      193363  0.7482455    
      193364  0.7563621    
      193365  0.7644832    
      193366  0.7726086    
      193367  0.7807380    
      193368  0.7888709    
      193369  0.7970072    
      193370  0.8051465    
      193371  0.8132886    
      193372  0.8214333    
      193373  0.8295804    
      193374  0.8377297    
      193375  0.8458811    
      193376  0.8540344    
      193377  0.8621895    
      193378  0.8703462    
      193379  0.8785044    
      193380  0.8866638    
      193381  0.8948245    
      193382  0.9029863    
      193383  0.9111493    
      193384  0.9193132    
      193385  0.9274778    
      193386  0.9356433    
      193387  0.9438094    
      193388  0.9519762    
      193389  0.9601435    
      193390  0.9683113    
      193391  0.9764795    
      193392  0.9846481    
      193393  0.9928170    
      193394   1.000986    
      193395   1.009156    
      193396   1.017325    
      193397   1.025495    
      193398   1.033665    
      193399   1.041834    
      193400   1.050004    
      193401   1.058174    
      193402   1.066344    
      193403   1.074513    
      193404   1.082683    
      193405   1.090852    
      193406   1.099021    
      193407   1.107190    
      193408   1.115359    
      193409   1.123527    
      193410   1.131695    
      193411   1.139862    
      193412   1.148029    
      193413   1.156196    
      193414   1.164362    
      193415   1.172527    
      193416   1.180692    
      193417   1.188857    
      193418   1.197021    
      193419   1.205184    
      193420   1.213346    
      193421   1.221508    
