       95481   1.342792    
       95482   1.334723    
       95483   1.326655    
       95484   1.318588    
       95485   1.310523    
       95486   1.302458    
       95487   1.294394    
       95488   1.286331    
       95489   1.278270    
       95490   1.270210    
       95491   1.262152    
       95492   1.254095    
       95493   1.246040    
       95494   1.237987    
       95495   1.229936    
       95496   1.221887    
       95497   1.213840    
       95498   1.205796    
       95499   1.197754    
       95500   1.189715    
       95501   1.181679    
       95502   1.173646    
       95503   1.165617    
       95504   1.157591    
       95505   1.149569    
       95506   1.141550    
       95507   1.133536    
       95508   1.125526    
       95509   1.117522    
       95510   1.109522    
       95511   1.101527    
       95512   1.093538    
       95513   1.085556    
       95514   1.077579    
       95515   1.069610    
       95516   1.061648    
       95517   1.053694    
       95518   1.045749    
       95519   1.037812    
       95520   1.029885    
       95521   1.021968    
       95522   1.014061    
       95523   1.006167    
       95524  0.9982851    
       95525  0.9904166    
       95526  0.9825629    
       95527  0.9747248    
       95528  0.9669036    
       95529  0.9591007    
       95530  0.9513175    
       95531  0.9435557    
       95532  0.9358171    
       95533  0.9281036    
       95534  0.9204177    
       95535  0.9127617    
       95536  0.9051389    
       95537  0.8975526    
       95538  0.8900070    
       95539  0.8825070    
       95540  0.8750577    
       95541  0.8676645    
       95542  0.8603305    
       95543  0.8530563    
       95544  0.8458401    
       95545  0.8386792    
       95546  0.8315703    
       95547  0.8245097    
       95548  0.8174930    
       95549  0.8105149    
       95550  0.8035713    
       95551  0.7966593    
       95552  0.7897782    
       95553  0.7829294    
       95554  0.7761160    
       95555  0.7693421    
       95556  0.7626121    
       95557  0.7559310    
       95558  0.7493036    
       95559  0.7427343    
       95560  0.7362260    
       95561  0.7297790    
       95562  0.7233908    
       95563  0.7170549    
       95564  0.7107574    
       95565  0.7044652    
       95566  0.6981213    
       95567  0.6916289    
       95568  0.6848377    
       95569  0.6775917    
       95570  0.6699050    
       95571  0.6619414    
       95572  0.6538328    
       95573  0.6456530    
       95574  0.6374393    
       95575  0.6292089    
       95576  0.6209699    
       95577  0.6127257    
       95578  0.6044781    
       95579  0.5962274    
       95580  0.5879741    
       95581  0.5797180    
       95582  0.5714592    
       95583  0.5631976    
       95584  0.5549329    
       95585  0.5466652    
       95586  0.5383944    
       95587  0.5301210    
       95588  0.5218462    
       95589  0.5135704    
       95590  0.5052941    
       95591  0.4970173    
       95592  0.4887401    
       95593  0.4804626    
       95594  0.4721849    
       95595  0.4639069    
       95596  0.4556288    
       95597  0.4473504    
       95598  0.4390719    
       95599  0.4307932    
       95600  0.4225144    
       95601  0.4142355    
       95602  0.4059564    
       95603  0.3976771    
       95604  0.3893978    
       95605  0.3811184    
       95606  0.3728387    
       95607  0.3645591    
       95608  0.3562793    
       95609  0.3479994    
       95610  0.3397194    
       95611  0.3314393    
       95612  0.3231592    
       95613  0.3148789    
       95614  0.3065986    
       95615  0.2983182    
       95616  0.2900378    
       95617  0.2817572    
       95618  0.2734767    
       95619  0.2651960    
       95620  0.2569153    
       95621  0.2486346    
       95622  0.2403538    
       95623  0.2320730    
       95624  0.2237923    
       95625  0.2155114    
       95626  0.2072306    
       95627  0.1989498    
       95628  0.1906691    
       95629  0.1823885    
       95630  0.1741080    
       95631  0.1658277    
       95632  0.1575477    
       95633  0.1492682    
       95634  0.1409894    
       95635  0.1327115    
       95636  0.1244348    
       95637  0.1161598    
       95638  0.1078867    
       95639  9.9615991E-02
       95640  9.1348246E-02
       95641  8.3084211E-02
       95642  7.4825235E-02
       95643  6.6573739E-02
       95644  5.8334507E-02
       95645  5.0117858E-02
       95646  4.1947238E-02
       95647  3.3877909E-02
       95648  2.6043663E-02
       95649  1.8772105E-02
       95650  1.2861262E-02
       95651  1.0156571E-02
       95652  1.2861922E-02
       95653  1.8773783E-02
       95654  2.6046924E-02
       95655  3.3883497E-02
       95656  4.1955963E-02
       95657  5.0130479E-02
       95658  5.8351707E-02
       95659  6.6595994E-02
       95660  7.4852765E-02
       95661  8.3116971E-02
       95662  9.1386005E-02
       95663  9.9658370E-02
       95664  0.1079331    
       95665  0.1162097    
       95666  0.1244876    
       95667  0.1327665    
       95668  0.1410461    
       95669  0.1493261    
       95670  0.1576063    
       95671  0.1658866    
       95672  0.1741667    
       95673  0.1824464    
       95674  0.1907254    
       95675  0.1990033    
       95676  0.2072796    
       95677  0.2155537    
       95678  0.2238247    
       95679  0.2320922    
       95680  0.2403557    
       95681  0.2486154    
       95682  0.2568715    
       95683  0.2651246    
       95684  0.2733749    
       95685  0.2816228    
       95686  0.2898679    
       95687  0.2981092    
       95688  0.3063435    
       95689  0.3145641    
       95690  0.3227564    
       95691  0.3308918    
       95692  0.3389144    
       95693  0.3467271    
       95694  0.3542074    
       95695  0.3613161    
       95696  0.3681567    
       95697  0.3748618    
       95698  0.3815252    
       95699  0.3882039    
       95700  0.3949304    
       95701  0.4017215    
       95702  0.4085829    
       95703  0.4155159    
       95704  0.4225201    
       95705  0.4295938    
       95706  0.4367349    
       95707  0.4439438    
       95708  0.4512228    
       95709  0.4585738    
       95710  0.4659935    
       95711  0.4734734    
       95712  0.4810054    
       95713  0.4885839    
       95714  0.4962050    
       95715  0.5038651    
       95716  0.5115613    
       95717  0.5192902    
       95718  0.5270492    
       95719  0.5348356    
       95720  0.5426472    
       95721  0.5504819    
       95722  0.5583377    
       95723  0.5662128    
       95724  0.5741056    
       95725  0.5820146    
       95726  0.5899386    
       95727  0.5978765    
       95728  0.6058272    
       95729  0.6137897    
       95730  0.6217631    
       95731  0.6297466    
       95732  0.6377394    
       95733  0.6457409    
       95734  0.6537503    
       95735  0.6617670    
       95736  0.6697905    
       95737  0.6778202    
       95738  0.6858557    
       95739  0.6938965    
       95740  0.7019422    
       95741  0.7099923    
       95742  0.7180465    
       95743  0.7261043    
       95744  0.7341650    
       95745  0.7422281    
       95746  0.7502921    
       95747  0.7583541    
       95748  0.7664072    
       95749  0.7744366    
       95750  0.7824084    
       95751  0.7902515    
       95752  0.7978336    
       95753  0.8049852    
       95754  0.8116834    
       95755  0.8180988    
       95756  0.8243923    
       95757  0.8306586    
       95758  0.8369487    
       95759  0.8432843    
       95760  0.8496716    
       95761  0.8561125    
       95762  0.8626076    
       95763  0.8691565    
       95764  0.8757585    
       95765  0.8824133    
       95766  0.8891203    
       95767  0.8958795    
       95768  0.9026908    
       95769  0.9095536    
       95770  0.9164677    
       95771  0.9234323    
       95772  0.9304473    
       95773  0.9375131    
       95774  0.9446304    
       95775  0.9517999    
       95776  0.9590224    
       95777  0.9662966    
       95778  0.9736179    
       95779  0.9809794    
       95780  0.9883748    
       95781  0.9957991    
       95782   1.003247    
       95783   1.010710    
       95784   1.018181    
       95785   1.025647    
       95786   1.033090    
       95787   1.040487    
       95788   1.047802    
       95789   1.054982    
       95790   1.061951    
       95791   1.068608    
       95792   1.074858    
       95793   1.080686    
       95794   1.086186    
       95795   1.091486    
       95796   1.096704    
       95797   1.101935    
       95798   1.107245    
       95799   1.112672    
       95800   1.118236    
       95801   1.123945    
       95802   1.129800    
       95803   1.135796    
       95804   1.141921    
       95805   1.148165    
       95806   1.154523    
       95807   1.160986    
       95808   1.167547    
       95809   1.174199    
       95810   1.180936    
       95811   1.187756    
       95812   1.194654    
       95813   1.201631    
       95814   1.208682    
       95815   1.215809    
       95816   1.223012    
       95817   1.230293    
       95818   1.237655    
       95819   1.245100    
       95820   1.252620    
       95821   1.260206    
       95822   1.267849    
       95823   1.275546    
       95824   1.283291    
       95825   1.291080    
       95826   1.298910    
       95827   1.306775    
       95828   1.314672    
       95829   1.322597    
       95830   1.330547    
       95831   1.338520    
       95832   1.346513    
       95833   1.354524    
       95834   1.362550    
       95835   1.370591    
       95836   1.378645    
       95837   1.386710    
       95838   1.394785    
       95839   1.402870    
       95840   1.410964    
       95841   1.419065    
       95842   1.427172    
       95843   1.435286    
       95844   1.443405    
       95845   1.451529    
       95846   1.459657    
       95847   1.467788    
       95848   1.475922    
       95849   1.484056    
       95850   1.492190    
       95851   1.500321    
       95852   1.508446    
       95853   1.516560    
       95854   1.524657    
       95855   1.532725    
       95856   1.540751    
       95857   1.548714    
       95858   1.556585    
       95859   1.564330    
       95860   1.571909    
       95861   1.579276    
       95862   1.586390    
       95863   1.593238    
       95864   1.599844    
       95865   1.606269    
       95866   1.612580    
       95867   1.618826    
       95868   1.625037    
       95869   1.631231    
       95870   1.637416    
       95871   1.643595    
       95872   1.649772    
       95873   1.655951    
       95874   1.662136    
       95875   1.668337    
       95876   1.674564    
       95877   1.680831    
       95878   1.687152    
       95879   1.693536    
       95880   1.699993    
       95881   1.706528    
       95882   1.713145    
       95883   1.719845    
       95884   1.726627    
       95885   1.733490    
       95886   1.740432    
       95887   1.747446    
       95888   1.754531    
       95889   1.761683    
       95890   1.768902    
       95891   1.776190    
       95892   1.783546    
       95893   1.790972    
       95894   1.798465    
       95895   1.806022    
       95896   1.813636    
       95897   1.821302    
       95898   1.829017    
       95899   1.836778    
       95900   1.844581    
       95901   1.852422    
       95902   1.860298    
       95903   1.868206    
       95904   1.876142    
       95905   1.884103    
       95906   1.892086    
       95907   1.900089    
       95908   1.908110    
       95909   1.916147    
       95910   1.924198    
       95911   1.932261    
       95912   1.940337    
       95913   1.948422    
       95914   1.956517    
       95915   1.964621    
       95916   1.972732    
       95917   1.980850    
       95918   1.988975    
       95919   1.997105    
       95920   2.005241    
       95921   2.013381    
       95922   2.021526    
       95923   2.029675    
       95924   2.037828    
       95925   2.045985    
       95926   2.054143    
       95927   2.062304    
       95928   2.070465    
       95929   2.078622    
       95930   2.086763    
       95931   2.094858    
