      106681   1.489071    
      106682   1.481002    
      106683   1.472934    
      106684   1.464866    
      106685   1.456800    
      106686   1.448735    
      106687   1.440670    
      106688   1.432608    
      106689   1.424546    
      106690   1.416486    
      106691   1.408427    
      106692   1.400370    
      106693   1.392314    
      106694   1.384260    
      106695   1.376209    
      106696   1.368159    
      106697   1.360112    
      106698   1.352067    
      106699   1.344025    
      106700   1.335986    
      106701   1.327949    
      106702   1.319916    
      106703   1.311885    
      106704   1.303858    
      106705   1.295835    
      106706   1.287816    
      106707   1.279801    
      106708   1.271791    
      106709   1.263785    
      106710   1.255784    
      106711   1.247789    
      106712   1.239799    
      106713   1.231816    
      106714   1.223839    
      106715   1.215869    
      106716   1.207906    
      106717   1.199951    
      106718   1.192005    
      106719   1.184067    
      106720   1.176139    
      106721   1.168221    
      106722   1.160314    
      106723   1.152419    
      106724   1.144536    
      106725   1.136667    
      106726   1.128812    
      106727   1.120973    
      106728   1.113152    
      106729   1.105348    
      106730   1.097564    
      106731   1.089802    
      106732   1.082063    
      106733   1.074349    
      106734   1.066663    
      106735   1.059007    
      106736   1.051383    
      106737   1.043797    
      106738   1.036252    
      106739   1.028751    
      106740   1.021302    
      106741   1.013909    
      106742   1.006575    
      106743  0.9993014    
      106744  0.9920856    
      106745  0.9849251    
      106746  0.9778166    
      106747  0.9707568    
      106748  0.9637408    
      106749  0.9567637    
      106750  0.9498210    
      106751  0.9429098    
      106752  0.9360297    
      106753  0.9291819    
      106754  0.9223695    
      106755  0.9155963    
      106756  0.9088672    
      106757  0.9021869    
      106758  0.8955604    
      106759  0.8889920    
      106760  0.8824848    
      106761  0.8760399    
      106762  0.8696561    
      106763  0.8633308    
      106764  0.8570608    
      106765  0.8508393    
      106766  0.8446554    
      106767  0.8384919    
      106768  0.8323146    
      106769  0.8260622    
      106770  0.8196310    
      106771  0.8128631    
      106772  0.8056302    
      106773  0.7980038    
      106774  0.7901480    
      106775  0.7821798    
      106776  0.7741596    
      106777  0.7661155    
      106778  0.7580606    
      106779  0.7500004    
      106780  0.7419375    
      106781  0.7338736    
      106782  0.7258096    
      106783  0.7177459    
      106784  0.7096831    
      106785  0.7016217    
      106786  0.6935622    
      106787  0.6855048    
      106788  0.6774501    
      106789  0.6693983    
      106790  0.6613500    
      106791  0.6533055    
      106792  0.6452653    
      106793  0.6372299    
      106794  0.6291996    
      106795  0.6211749    
      106796  0.6131561    
      106797  0.6051435    
      106798  0.5971379    
      106799  0.5891396    
      106800  0.5811492    
      106801  0.5731673    
      106802  0.5651944    
      106803  0.5572313    
      106804  0.5492787    
      106805  0.5413373    
      106806  0.5334078    
      106807  0.5254910    
      106808  0.5175873    
      106809  0.5096967    
      106810  0.5018184    
      106811  0.4939512    
      106812  0.4860927    
      106813  0.4782388    
      106814  0.4703821    
      106815  0.4625109    
      106816  0.4546080    
      106817  0.4466497    
      106818  0.4386107    
      106819  0.4304877    
      106820  0.4223084    
      106821  0.4140939    
      106822  0.4058570    
      106823  0.3976057    
      106824  0.3893449    
      106825  0.3810778    
      106826  0.3728067    
      106827  0.3645328    
      106828  0.3562572    
      106829  0.3479804    
      106830  0.3397029    
      106831  0.3314250    
      106832  0.3231468    
      106833  0.3148685    
      106834  0.3065904    
      106835  0.2983126    
      106836  0.2900354    
      106837  0.2817587    
      106838  0.2734826    
      106839  0.2652072    
      106840  0.2569322    
      106841  0.2486576    
      106842  0.2403831    
      106843  0.2321085    
      106844  0.2238335    
      106845  0.2155579    
      106846  0.2072815    
      106847  0.1990041    
      106848  0.1907258    
      106849  0.1824466    
      106850  0.1741668    
      106851  0.1658867    
      106852  0.1576064    
      106853  0.1493261    
      106854  0.1410461    
      106855  0.1327665    
      106856  0.1244877    
      106857  0.1162097    
      106858  0.1079332    
      106859  9.9658415E-02
      106860  9.1386043E-02
      106861  8.3117008E-02
      106862  7.4852794E-02
      106863  6.6596031E-02
      106864  5.8351740E-02
      106865  5.0130509E-02
      106866  4.1955989E-02
      106867  3.3883516E-02
      106868  2.6046932E-02
      106869  1.8773781E-02
      106870  1.2861912E-02
      106871  1.0156550E-02
      106872  1.2861208E-02
      106873  1.8772004E-02
      106874  2.6043460E-02
      106875  3.3877421E-02
      106876  4.1945949E-02
      106877  5.0114647E-02
      106878  5.8327481E-02
      106879  6.6560276E-02
      106880  7.4802168E-02
      106881  8.3048113E-02
      106882  9.1295838E-02
      106883  9.9544331E-02
      106884  0.1077931    
      106885  0.1160420    
      106886  0.1242908    
      106887  0.1325396    
      106888  0.1407885    
      106889  0.1490375    
      106890  0.1572870    
      106891  0.1655372    
      106892  0.1737882    
      106893  0.1820394    
      106894  0.1902896    
      106895  0.1985355    
      106896  0.2067715    
      106897  0.2149868    
      106898  0.2231631    
      106899  0.2312688    
      106900  0.2392526    
      106901  0.2470459    
      106902  0.2546061    
      106903  0.2619893    
      106904  0.2692727    
      106905  0.2765186    
      106906  0.2837679    
      106907  0.2910467    
      106908  0.2983723    
      106909  0.3057548    
      106910  0.3131953    
      106911  0.3206883    
      106912  0.3282283    
      106913  0.3358113    
      106914  0.3434345    
      106915  0.3510951    
      106916  0.3587906    
      106917  0.3665182    
      106918  0.3742755    
      106919  0.3820602    
      106920  0.3898701    
      106921  0.3977033    
      106922  0.4055578    
      106923  0.4134319    
      106924  0.4213240    
      106925  0.4292326    
      106926  0.4371564    
      106927  0.4450943    
      106928  0.4530452    
      106929  0.4610081    
      106930  0.4689820    
      106931  0.4769662    
      106932  0.4849598    
      106933  0.4929622    
      106934  0.5009725    
      106935  0.5089903    
      106936  0.5170150    
      106937  0.5250459    
      106938  0.5330825    
      106939  0.5411245    
      106940  0.5491714    
      106941  0.5572227    
      106942  0.5652781    
      106943  0.5733371    
      106944  0.5813991    
      106945  0.5894635    
      106946  0.5975288    
      106947  0.6055921    
      106948  0.6136470    
      106949  0.6216787    
      106950  0.6296541    
      106951  0.6375037    
      106952  0.6450970    
      106953  0.6522640    
      106954  0.6589752    
      106955  0.6653985    
      106956  0.6716962    
      106957  0.6779648    
      106958  0.6842561    
      106959  0.6905924    
      106960  0.6969801    
      106961  0.7034215    
      106962  0.7099170    
      106963  0.7164662    
      106964  0.7230686    
      106965  0.7297236    
      106966  0.7364309    
      106967  0.7431904    
      106968  0.7500018    
      106969  0.7568650    
      106970  0.7637793    
      106971  0.7707441    
      106972  0.7777593    
      106973  0.7848252    
      106974  0.7919425    
      106975  0.7991122    
      106976  0.8063349    
      106977  0.8136091    
      106978  0.8209305    
      106979  0.8282922    
      106980  0.8356879    
      106981  0.8431122    
      106982  0.8505597    
      106983  0.8580235    
      106984  0.8654945    
      106985  0.8729603    
      106986  0.8804039    
      106987  0.8878008    
      106988  0.8951153    
      106989  0.9022951    
      106990  0.9092642    
      106991  0.9159214    
      106992  0.9221709    
      106993  0.9279990    
      106994  0.9334985    
      106995  0.9387986    
      106996  0.9440171    
      106997  0.9492478    
      106998  0.9545575    
      106999  0.9599849    
      107000  0.9655488    
      107001  0.9712580    
      107002  0.9771134    
      107003  0.9831088    
      107004  0.9892339    
      107005  0.9954787    
      107006   1.001837    
      107007   1.008300    
      107008   1.014860    
      107009   1.021512    
      107010   1.028250    
      107011   1.035069    
      107012   1.041968    
      107013   1.048944    
      107014   1.055996    
      107015   1.063123    
      107016   1.070326    
      107017   1.077606    
      107018   1.084969    
      107019   1.092413    
      107020   1.099933    
      107021   1.107519    
      107022   1.115163    
      107023   1.122860    
      107024   1.130605    
      107025   1.138394    
      107026   1.146223    
      107027   1.154088    
      107028   1.161985    
      107029   1.169911    
      107030   1.177861    
      107031   1.185834    
      107032   1.193827    
      107033   1.201837    
      107034   1.209864    
      107035   1.217905    
      107036   1.225958    
      107037   1.234024    
      107038   1.242099    
      107039   1.250184    
      107040   1.258277    
      107041   1.266378    
      107042   1.274486    
      107043   1.282599    
      107044   1.290719    
      107045   1.298843    
      107046   1.306971    
      107047   1.315102    
      107048   1.323236    
      107049   1.331370    
      107050   1.339504    
      107051   1.347635    
      107052   1.355760    
      107053   1.363874    
      107054   1.371970    
      107055   1.380039    
      107056   1.388065    
      107057   1.396028    
      107058   1.403899    
      107059   1.411644    
      107060   1.419223    
      107061   1.426589    
      107062   1.433704    
      107063   1.440552    
      107064   1.447157    
      107065   1.453583    
      107066   1.459893    
      107067   1.466139    
      107068   1.472351    
      107069   1.478545    
      107070   1.484729    
      107071   1.490908    
      107072   1.497085    
      107073   1.503264    
      107074   1.509450    
      107075   1.515651    
      107076   1.521878    
      107077   1.528145    
      107078   1.534465    
      107079   1.540850    
      107080   1.547307    
      107081   1.553841    
      107082   1.560458    
      107083   1.567158    
      107084   1.573941    
      107085   1.580804    
      107086   1.587745    
      107087   1.594759    
      107088   1.601844    
      107089   1.608996    
      107090   1.616215    
      107091   1.623503    
      107092   1.630859    
      107093   1.638285    
      107094   1.645779    
      107095   1.653335    
      107096   1.660949    
      107097   1.668615    
      107098   1.676330    
      107099   1.684091    
      107100   1.691894    
      107101   1.699735    
      107102   1.707612    
      107103   1.715519    
      107104   1.723455    
      107105   1.731416    
      107106   1.739400    
      107107   1.747403    
      107108   1.755423    
      107109   1.763460    
      107110   1.771511    
      107111   1.779575    
      107112   1.787650    
      107113   1.795736    
      107114   1.803831    
      107115   1.811934    
      107116   1.820045    
      107117   1.828163    
      107118   1.836288    
      107119   1.844419    
      107120   1.852554    
      107121   1.860695    
      107122   1.868840    
      107123   1.876989    
      107124   1.885142    
      107125   1.893298    
      107126   1.901458    
      107127   1.909620    
      107128   1.917785    
      107129   1.925952    
      107130   1.934121    
      107131   1.942293    
      107132   1.950466    
      107133   1.958642    
      107134   1.966818    
      107135   1.974996    
      107136   1.983176    
      107137   1.991356    
      107138   1.999538    
      107139   2.007721    
      107140   2.015905    
      107141   2.024089    
      107142   2.032274    
      107143   2.040461    
      107144   2.048647    
      107145   2.056834    
      107146   2.065021    
      107147   2.073208    
      107148   2.081392    
      107149   2.089570    
      107150   2.097731    
      107151   2.105844    
