      112841   1.575655    
      112842   1.567586    
      112843   1.559518    
      112844   1.551451    
      112845   1.543384    
      112846   1.535319    
      112847   1.527255    
      112848   1.519192    
      112849   1.511130    
      112850   1.503069    
      112851   1.495011    
      112852   1.486953    
      112853   1.478898    
      112854   1.470844    
      112855   1.462793    
      112856   1.454743    
      112857   1.446696    
      112858   1.438651    
      112859   1.430609    
      112860   1.422569    
      112861   1.414532    
      112862   1.406499    
      112863   1.398468    
      112864   1.390441    
      112865   1.382418    
      112866   1.374399    
      112867   1.366384    
      112868   1.358374    
      112869   1.350368    
      112870   1.342367    
      112871   1.334372    
      112872   1.326383    
      112873   1.318399    
      112874   1.310422    
      112875   1.302452    
      112876   1.294489    
      112877   1.286534    
      112878   1.278588    
      112879   1.270650    
      112880   1.262722    
      112881   1.254804    
      112882   1.246898    
      112883   1.239002    
      112884   1.231120    
      112885   1.223251    
      112886   1.215396    
      112887   1.207557    
      112888   1.199735    
      112889   1.191932    
      112890   1.184148    
      112891   1.176386    
      112892   1.168647    
      112893   1.160933    
      112894   1.153247    
      112895   1.145590    
      112896   1.137967    
      112897   1.130381    
      112898   1.122835    
      112899   1.115335    
      112900   1.107886    
      112901   1.100493    
      112902   1.093159    
      112903   1.085885    
      112904   1.078670    
      112905   1.071509    
      112906   1.064401    
      112907   1.057341    
      112908   1.050325    
      112909   1.043348    
      112910   1.036406    
      112911   1.029495    
      112912   1.022615    
      112913   1.015767    
      112914   1.008955    
      112915   1.002182    
      112916  0.9954529    
      112917  0.9887727    
      112918  0.9821464    
      112919  0.9755781    
      112920  0.9690710    
      112921  0.9626264    
      112922  0.9562427    
      112923  0.9499176    
      112924  0.9436476    
      112925  0.9374262    
      112926  0.9312428    
      112927  0.9250796    
      112928  0.9189034    
      112929  0.9126532    
      112930  0.9062258    
      112931  0.8994644    
      112932  0.8922388    
      112933  0.8846177    
      112934  0.8767653    
      112935  0.8687992    
      112936  0.8607806    
      112937  0.8527380    
      112938  0.8446844    
      112939  0.8366253    
      112940  0.8285637    
      112941  0.8205011    
      112942  0.8124382    
      112943  0.8043757    
      112944  0.7963142    
      112945  0.7882541    
      112946  0.7801960    
      112947  0.7721399    
      112948  0.7640866    
      112949  0.7560364    
      112950  0.7479897    
      112951  0.7399468    
      112952  0.7319084    
      112953  0.7238747    
      112954  0.7158462    
      112955  0.7078234    
      112956  0.6998066    
      112957  0.6917963    
      112958  0.6837929    
      112959  0.6757971    
      112960  0.6678092    
      112961  0.6598300    
      112962  0.6518600    
      112963  0.6438999    
      112964  0.6359504    
      112965  0.6280125    
      112966  0.6200870    
      112967  0.6121748    
      112968  0.6042770    
      112969  0.5963949    
      112970  0.5885298    
      112971  0.5806831    
      112972  0.5728565    
      112973  0.5650516    
      112974  0.5572698    
      112975  0.5495126    
      112976  0.5417801    
      112977  0.5340708    
      112978  0.5263823    
      112979  0.5187089    
      112980  0.5110398    
      112981  0.5033557    
      112982  0.4956263    
      112983  0.4878089    
      112984  0.4798613    
      112985  0.4717858    
      112986  0.4636280    
      112987  0.4554211    
      112988  0.4471853    
      112989  0.4389324    
      112990  0.4306695    
      112991  0.4224007    
      112992  0.4141285    
      112993  0.4058544    
      112994  0.3975794    
      112995  0.3893040    
      112996  0.3810287    
      112997  0.3727537    
      112998  0.3644792    
      112999  0.3562052    
      113000  0.3479315    
      113001  0.3396581    
      113002  0.3313847    
      113003  0.3231112    
      113004  0.3148372    
      113005  0.3065625    
      113006  0.2982869    
      113007  0.2900103    
      113008  0.2817326    
      113009  0.2734541    
      113010  0.2651747    
      113011  0.2568949    
      113012  0.2486147    
      113013  0.2403341    
      113014  0.2320534    
      113015  0.2237725    
      113016  0.2154915    
      113017  0.2072105    
      113018  0.1989293    
      113019  0.1906482    
      113020  0.1823671    
      113021  0.1740860    
      113022  0.1658051    
      113023  0.1575243    
      113024  0.1492438    
      113025  0.1409636    
      113026  0.1326841    
      113027  0.1244053    
      113028  0.1161275    
      113029  0.1078512    
      113030  9.9576846E-02
      113031  9.1305040E-02
      113032  8.3036818E-02
      113033  7.4773788E-02
      113034  6.6518724E-02
      113035  5.8276899E-02
      113036  5.0059207E-02
      113037  4.1889697E-02
      113038  3.3824176E-02
      113039  2.5996629E-02
      113040  1.8734027E-02
      113041  1.2832168E-02
      113042  1.0131065E-02
      113043  1.2827265E-02
      113044  1.8721899E-02
      113045  2.5974210E-02
      113046  3.3788320E-02
      113047  4.1837536E-02
      113048  4.9988396E-02
      113049  5.8185898E-02
      113050  6.6406868E-02
      113051  7.4641205E-02
      113052  8.2884371E-02
      113053  9.1134146E-02
      113054  9.9389225E-02
      113055  0.1076487    
      113056  0.1159120    
      113057  0.1241784    
      113058  0.1324477    
      113059  0.1407195    
      113060  0.1489933    
      113061  0.1572687    
      113062  0.1655453    
      113063  0.1738227    
      113064  0.1821009    
      113065  0.1903795    
      113066  0.1986584    
      113067  0.2069375    
      113068  0.2152168    
      113069  0.2234962    
      113070  0.2317756    
      113071  0.2400551    
      113072  0.2483344    
      113073  0.2566136    
      113074  0.2648927    
      113075  0.2731715    
      113076  0.2814499    
      113077  0.2897279    
      113078  0.2980053    
      113079  0.3062820    
      113080  0.3145577    
      113081  0.3228321    
      113082  0.3311048    
      113083  0.3393753    
      113084  0.3476430    
      113085  0.3559070    
      113086  0.3641663    
      113087  0.3724193    
      113088  0.3806642    
      113089  0.3888983    
      113090  0.3971162    
      113091  0.4053063    
      113092  0.4134619    
      113093  0.4215872    
      113094  0.4296901    
      113095  0.4377777    
      113096  0.4458553    
      113097  0.4539269    
      113098  0.4619952    
      113099  0.4700621    
      113100  0.4781290    
      113101  0.4861968    
      113102  0.4942658    
      113103  0.5023364    
      113104  0.5104089    
      113105  0.5184828    
      113106  0.5265573    
      113107  0.5346299    
      113108  0.5426950    
      113109  0.5507398    
      113110  0.5587353    
      113111  0.5666196    
      113112  0.5742728    
      113113  0.5815256    
      113114  0.5883101    
      113115  0.5947772    
      113116  0.6010981    
      113117  0.6073784    
      113118  0.6136748    
      113119  0.6200134    
      113120  0.6264024    
      113121  0.6328446    
      113122  0.6393408    
      113123  0.6458906    
      113124  0.6524935    
      113125  0.6591492    
      113126  0.6658572    
      113127  0.6726174    
      113128  0.6794296    
      113129  0.6862935    
      113130  0.6932086    
      113131  0.7001742    
      113132  0.7071902    
      113133  0.7142568    
      113134  0.7213749    
      113135  0.7285452    
      113136  0.7357683    
      113137  0.7430431    
      113138  0.7503648    
      113139  0.7577268    
      113140  0.7651227    
      113141  0.7725472    
      113142  0.7799948    
      113143  0.7874588    
      113144  0.7949297    
      113145  0.8023955    
      113146  0.8098388    
      113147  0.8172354    
      113148  0.8245493    
      113149  0.8317283    
      113150  0.8386961    
      113151  0.8453517    
      113152  0.8515994    
      113153  0.8574260    
      113154  0.8629246    
      113155  0.8682240    
      113156  0.8734422    
      113157  0.8786728    
      113158  0.8839824    
      113159  0.8894097    
      113160  0.8949735    
      113161  0.9006827    
      113162  0.9065380    
      113163  0.9125335    
      113164  0.9186585    
      113165  0.9249033    
      113166  0.9312611    
      113167  0.9377242    
      113168  0.9442849    
      113169  0.9509364    
      113170  0.9576739    
      113171  0.9644936    
      113172  0.9713925    
      113173  0.9783686    
      113174  0.9854205    
      113175  0.9925474    
      113176  0.9997499    
      113177   1.007031    
      113178   1.014393    
      113179   1.021838    
      113180   1.029358    
      113181   1.036944    
      113182   1.044588    
      113183   1.052284    
      113184   1.060029    
      113185   1.067819    
      113186   1.075648    
      113187   1.083513    
      113188   1.091410    
      113189   1.099335    
      113190   1.107285    
      113191   1.115258    
      113192   1.123251    
      113193   1.131262    
      113194   1.139288    
      113195   1.147329    
      113196   1.155383    
      113197   1.163448    
      113198   1.171523    
      113199   1.179608    
      113200   1.187702    
      113201   1.195802    
      113202   1.203910    
      113203   1.212024    
      113204   1.220143    
      113205   1.228267    
      113206   1.236395    
      113207   1.244527    
      113208   1.252660    
      113209   1.260795    
      113210   1.268928    
      113211   1.277059    
      113212   1.285184    
      113213   1.293298    
      113214   1.301395    
      113215   1.309463    
      113216   1.317490    
      113217   1.325452    
      113218   1.333323    
      113219   1.341068    
      113220   1.348647    
      113221   1.356014    
      113222   1.363128    
      113223   1.369976    
      113224   1.376582    
      113225   1.383007    
      113226   1.389318    
      113227   1.395564    
      113228   1.401775    
      113229   1.407969    
      113230   1.414154    
      113231   1.420332    
      113232   1.426509    
      113233   1.432688    
      113234   1.438874    
      113235   1.445076    
      113236   1.451303    
      113237   1.457569    
      113238   1.463890    
      113239   1.470274    
      113240   1.476731    
      113241   1.483266    
      113242   1.489883    
      113243   1.496583    
      113244   1.503366    
      113245   1.510229    
      113246   1.517170    
      113247   1.524184    
      113248   1.531269    
      113249   1.538421    
      113250   1.545641    
      113251   1.552928    
      113252   1.560284    
      113253   1.567710    
      113254   1.575203    
      113255   1.582760    
      113256   1.590374    
      113257   1.598040    
      113258   1.605755    
      113259   1.613516    
      113260   1.621319    
      113261   1.629160    
      113262   1.637037    
      113263   1.644944    
      113264   1.652880    
      113265   1.660841    
      113266   1.668824    
      113267   1.676827    
      113268   1.684848    
      113269   1.692885    
      113270   1.700936    
      113271   1.709000    
      113272   1.717075    
      113273   1.725160    
      113274   1.733256    
      113275   1.741359    
      113276   1.749470    
      113277   1.757589    
      113278   1.765713    
      113279   1.773844    
      113280   1.781979    
      113281   1.790120    
      113282   1.798265    
      113283   1.806414    
      113284   1.814567    
      113285   1.822723    
      113286   1.830882    
      113287   1.839045    
      113288   1.847209    
      113289   1.855377    
      113290   1.863546    
      113291   1.871718    
      113292   1.879891    
      113293   1.888066    
      113294   1.896243    
      113295   1.904421    
      113296   1.912601    
      113297   1.920781    
      113298   1.928963    
      113299   1.937146    
      113300   1.945330    
      113301   1.953514    
      113302   1.961699    
      113303   1.969885    
      113304   1.978072    
      113305   1.986259    
      113306   1.994447    
      113307   2.002635    
      113308   2.010823    
      113309   2.019012    
      113310   2.027201    
      113311   2.035391    
      113312   2.043581    
      113313   2.051770    
      113314   2.059961    
      113315   2.068151    
      113316   2.076341    
      113317   2.084531    
      113318   2.092720    
      113319   2.100907    
      113320   2.109088    
      113321   2.117250    
      113322   2.125364    
