      128521   1.768431    
      128522   1.760362    
      128523   1.752293    
      128524   1.744226    
      128525   1.736159    
      128526   1.728094    
      128527   1.720029    
      128528   1.711966    
      128529   1.703904    
      128530   1.695844    
      128531   1.687785    
      128532   1.679728    
      128533   1.671672    
      128534   1.663618    
      128535   1.655567    
      128536   1.647517    
      128537   1.639470    
      128538   1.631425    
      128539   1.623382    
      128540   1.615343    
      128541   1.607306    
      128542   1.599272    
      128543   1.591242    
      128544   1.583215    
      128545   1.575192    
      128546   1.567173    
      128547   1.559158    
      128548   1.551147    
      128549   1.543142    
      128550   1.535141    
      128551   1.527146    
      128552   1.519156    
      128553   1.511173    
      128554   1.503196    
      128555   1.495226    
      128556   1.487263    
      128557   1.479308    
      128558   1.471362    
      128559   1.463424    
      128560   1.455496    
      128561   1.447578    
      128562   1.439672    
      128563   1.431776    
      128564   1.423894    
      128565   1.416025    
      128566   1.408170    
      128567   1.400331    
      128568   1.392510    
      128569   1.384706    
      128570   1.376923    
      128571   1.369160    
      128572   1.361421    
      128573   1.353707    
      128574   1.346021    
      128575   1.338365    
      128576   1.330742    
      128577   1.323156    
      128578   1.315610    
      128579   1.308110    
      128580   1.300661    
      128581   1.293268    
      128582   1.285935    
      128583   1.278661    
      128584   1.271445    
      128585   1.264285    
      128586   1.257177    
      128587   1.250117    
      128588   1.243101    
      128589   1.236124    
      128590   1.229182    
      128591   1.222271    
      128592   1.215392    
      128593   1.208544    
      128594   1.201732    
      128595   1.194959    
      128596   1.188231    
      128597   1.181551    
      128598   1.174924    
      128599   1.168356    
      128600   1.161849    
      128601   1.155405    
      128602   1.149021    
      128603   1.142696    
      128604   1.136427    
      128605   1.130206    
      128606   1.124023    
      128607   1.117861    
      128608   1.111687    
      128609   1.105442    
      128610   1.099025    
      128611   1.092279    
      128612   1.085072    
      128613   1.077464    
      128614   1.069620    
      128615   1.061659    
      128616   1.053645    
      128617   1.045605    
      128618   1.037554    
      128619   1.029498    
      128620   1.021439    
      128621   1.013380    
      128622   1.005320    
      128623  0.9972599    
      128624  0.9892013    
      128625  0.9811442    
      128626  0.9730890    
      128627  0.9650362    
      128628  0.9569862    
      128629  0.9489393    
      128630  0.9408959    
      128631  0.9328566    
      128632  0.9248217    
      128633  0.9167917    
      128634  0.9087670    
      128635  0.9007480    
      128636  0.8927351    
      128637  0.8847290    
      128638  0.8767298    
      128639  0.8687383    
      128640  0.8607551    
      128641  0.8527806    
      128642  0.8448155    
      128643  0.8368607    
      128644  0.8289167    
      128645  0.8209845    
      128646  0.8130649    
      128647  0.8051590    
      128648  0.7972679    
      128649  0.7893928    
      128650  0.7815353    
      128651  0.7736968    
      128652  0.7658791    
      128653  0.7580839    
      128654  0.7503134    
      128655  0.7425698    
      128656  0.7348558    
      128657  0.7271745    
      128658  0.7195293    
      128659  0.7119246    
      128660  0.7043651    
      128661  0.6968567    
      128662  0.6894055    
      128663  0.6820171    
      128664  0.6746948    
      128665  0.6674386    
      128666  0.6602467    
      128667  0.6531155    
      128668  0.6460358    
      128669  0.6389872    
      128670  0.6319323    
      128671  0.6248061    
      128672  0.6175146    
      128673  0.6099803    
      128674  0.6022261    
      128675  0.5943362    
      128676  0.5863754    
      128677  0.5783798    
      128678  0.5703680    
      128679  0.5623490    
      128680  0.5543276    
      128681  0.5463064    
      128682  0.5382868    
      128683  0.5302700    
      128684  0.5222569    
      128685  0.5142483    
      128686  0.5062450    
      128687  0.4982482    
      128688  0.4902592    
      128689  0.4822790    
      128690  0.4743093    
      128691  0.4663514    
      128692  0.4584068    
      128693  0.4504769    
      128694  0.4425633    
      128695  0.4346677    
      128696  0.4267921    
      128697  0.4189386    
      128698  0.4111095    
      128699  0.4033076    
      128700  0.3955359    
      128701  0.3877979    
      128702  0.3800976    
      128703  0.3724400    
      128704  0.3648311    
      128705  0.3572779    
      128706  0.3497887    
      128707  0.3423717    
      128708  0.3350335    
      128709  0.3277771    
      128710  0.3206040    
      128711  0.3135147    
      128712  0.3065064    
      128713  0.2995654    
      128714  0.2926646    
      128715  0.2857523    
      128716  0.2787371    
      128717  0.2714942    
      128718  0.2639238    
      128719  0.2560658    
      128720  0.2480232    
      128721  0.2398792    
      128722  0.2316824    
      128723  0.2234593    
      128724  0.2152234    
      128725  0.2069812    
      128726  0.1987358    
      128727  0.1904883    
      128728  0.1822394    
      128729  0.1739890    
      128730  0.1657370    
      128731  0.1574830    
      128732  0.1492267    
      128733  0.1409676    
      128734  0.1327060    
      128735  0.1244422    
      128736  0.1161765    
      128737  0.1079096    
      128738  9.9642321E-02
      128739  9.1375470E-02
      128740  8.3110332E-02
      128741  7.4848786E-02
      128742  6.6593811E-02
      128743  5.8350701E-02
      128744  5.0130241E-02
      128745  4.1956194E-02
      128746  3.3883996E-02
      128747  2.6047546E-02
      128748  1.8774426E-02
      128749  1.2862561E-02
      128750  1.0157350E-02
      128751  1.2862619E-02
      128752  1.8774573E-02
      128753  2.6047843E-02
      128754  3.3884525E-02
      128755  4.1957077E-02
      128756  5.0131660E-02
      128757  5.8352925E-02
      128758  6.6597246E-02
      128759  7.4854046E-02
      128760  8.3118275E-02
      128761  9.1387339E-02
      128762  9.9659733E-02
      128763  0.1079345    
      128764  0.1162111    
      128765  0.1244891    
      128766  0.1327681    
      128767  0.1410479    
      128768  0.1493281    
      128769  0.1576087    
      128770  0.1658896    
      128771  0.1741705    
      128772  0.1824515    
      128773  0.1907324    
      128774  0.1990132    
      128775  0.2072940    
      128776  0.2155746    
      128777  0.2238550    
      128778  0.2321354    
      128779  0.2404157    
      128780  0.2486959    
      128781  0.2569760    
      128782  0.2652560    
      128783  0.2735360    
      128784  0.2818159    
      128785  0.2900958    
      128786  0.2983757    
      128787  0.3066556    
      128788  0.3149354    
      128789  0.3232152    
      128790  0.3314950    
      128791  0.3397747    
      128792  0.3480543    
      128793  0.3563340    
      128794  0.3646134    
      128795  0.3728926    
      128796  0.3811716    
      128797  0.3894500    
      128798  0.3977274    
      128799  0.4060031    
      128800  0.4142756    
      128801  0.4225422    
      128802  0.4307974    
      128803  0.4390316    
      128804  0.4472266    
      128805  0.4553502    
      128806  0.4633474    
      128807  0.4711334    
      128808  0.4786519    
      128809  0.4859546    
      128810  0.4931250    
      128811  0.5002335    
      128812  0.5073265    
      128813  0.5144320    
      128814  0.5215672    
      128815  0.5287445    
      128816  0.5359693    
      128817  0.5432428    
      128818  0.5505613    
      128819  0.5579188    
      128820  0.5653092    
      128821  0.5727271    
      128822  0.5801675    
      128823  0.5876234    
      128824  0.5950859    
      128825  0.6025425    
      128826  0.6099758    
      128827  0.6173606    
      128828  0.6246606    
      128829  0.6318234    
      128830  0.6387722    
      128831  0.6454060    
      128832  0.6516315    
      128833  0.6574404    
      128834  0.6629267    
      128835  0.6682184    
      128836  0.6734313    
      128837  0.6786574    
      128838  0.6839631    
      128839  0.6893882    
      128840  0.6949524    
      128841  0.7006630    
      128842  0.7065191    
      128843  0.7125149    
      128844  0.7186399    
      128845  0.7248845    
      128846  0.7312422    
      128847  0.7377052    
      128848  0.7442658    
      128849  0.7509173    
      128850  0.7576545    
      128851  0.7644742    
      128852  0.7713730    
      128853  0.7783490    
      128854  0.7854010    
      128855  0.7925279    
      128856  0.7997305    
      128857  0.8070113    
      128858  0.8143737    
      128859  0.8218181    
      128860  0.8293380    
      128861  0.8369240    
      128862  0.8445679    
      128863  0.8522646    
      128864  0.8600097    
      128865  0.8677988    
      128866  0.8756280    
      128867  0.8834931    
      128868  0.8913901    
      128869  0.8993154    
      128870  0.9072658    
      128871  0.9152386    
      128872  0.9232314    
      128873  0.9312420    
      128874  0.9392686    
      128875  0.9473095    
      128876  0.9553631    
      128877  0.9634283    
      128878  0.9715038    
      128879  0.9795886    
      128880  0.9876819    
      128881  0.9957829    
      128882   1.003891    
      128883   1.012004    
      128884   1.020124    
      128885   1.028248    
      128886   1.036376    
      128887   1.044507    
      128888   1.052640    
      128889   1.060775    
      128890   1.068909    
      128891   1.077040    
      128892   1.085165    
      128893   1.093279    
      128894   1.101375    
      128895   1.109444    
      128896   1.117470    
      128897   1.125432    
      128898   1.133303    
      128899   1.141049    
      128900   1.148627    
      128901   1.155994    
      128902   1.163108    
      128903   1.169956    
      128904   1.176562    
      128905   1.182987    
      128906   1.189297    
      128907   1.195543    
      128908   1.201755    
      128909   1.207949    
      128910   1.214133    
      128911   1.220312    
      128912   1.226489    
      128913   1.232668    
      128914   1.238854    
      128915   1.245055    
      128916   1.251282    
      128917   1.257549    
      128918   1.263870    
      128919   1.270254    
      128920   1.276711    
      128921   1.283246    
      128922   1.289863    
      128923   1.296563    
      128924   1.303345    
      128925   1.310208    
      128926   1.317149    
      128927   1.324164    
      128928   1.331248    
      128929   1.338401    
      128930   1.345620    
      128931   1.352907    
      128932   1.360264    
      128933   1.367690    
      128934   1.375183    
      128935   1.382740    
      128936   1.390353    
      128937   1.398020    
      128938   1.405735    
      128939   1.413495    
      128940   1.421298    
      128941   1.429139    
      128942   1.437016    
      128943   1.444924    
      128944   1.452860    
      128945   1.460821    
      128946   1.468804    
      128947   1.476807    
      128948   1.484828    
      128949   1.492864    
      128950   1.500915    
      128951   1.508979    
      128952   1.517054    
      128953   1.525140    
      128954   1.533235    
      128955   1.541338    
      128956   1.549450    
      128957   1.557568    
      128958   1.565692    
      128959   1.573823    
      128960   1.581959    
      128961   1.590099    
      128962   1.598244    
      128963   1.606394    
      128964   1.614546    
      128965   1.622702    
      128966   1.630862    
      128967   1.639024    
      128968   1.647189    
      128969   1.655356    
      128970   1.663526    
      128971   1.671697    
      128972   1.679871    
      128973   1.688046    
      128974   1.696223    
      128975   1.704401    
      128976   1.712580    
      128977   1.720761    
      128978   1.728943    
      128979   1.737125    
      128980   1.745309    
      128981   1.753494    
      128982   1.761679    
      128983   1.769865    
      128984   1.778051    
      128985   1.786238    
      128986   1.794426    
      128987   1.802614    
      128988   1.810803    
      128989   1.818991    
      128990   1.827181    
      128991   1.835370    
      128992   1.843560    
      128993   1.851750    
      128994   1.859940    
      128995   1.868130    
      128996   1.876320    
      128997   1.884511    
      128998   1.892702    
      128999   1.900892    
      129000   1.909083    
      129001   1.917275    
      129002   1.925466    
      129003   1.933657    
      129004   1.941848    
      129005   1.950039    
      129006   1.958230    
      129007   1.966421    
      129008   1.974613    
      129009   1.982804    
      129010   1.990995    
      129011   1.999186    
      129012   2.007378    
      129013   2.015569    
      129014   2.023760    
      129015   2.031952    
      129016   2.040143    
      129017   2.048334    
      129018   2.056525    
      129019   2.064716    
      129020   2.072907    
      129021   2.081099    
