      254134   2.100965    
      254135   2.093076    
      254136   2.085209    
      254137   2.077364    
      254138   2.069545    
      254139   2.061753    
      254140   2.053993    
      254141   2.046267    
      254142   2.038580    
      254143   2.030939    
      254144   2.023348    
      254145   2.015816    
      254146   2.008352    
      254147   2.000964    
      254148   1.993658    
      254149   1.986438    
      254150   1.979307    
      254151   1.972270    
      254152   1.965334    
      254153   1.958503    
      254154   1.951781    
      254155   1.945170    
      254156   1.938669    
      254157   1.932273    
      254158   1.925977    
      254159   1.919777    
      254160   1.913666    
      254161   1.907634    
      254162   1.901673    
      254163   1.895776    
      254164   1.889931    
      254165   1.884120    
      254166   1.878299    
      254167   1.872382    
      254168   1.866224    
      254169   1.859657    
      254170   1.852646    
      254171   1.845319    
      254172   1.837812    
      254173   1.830209    
      254174   1.822556    
      254175   1.814879    
      254176   1.807190    
      254177   1.799500    
      254178   1.791815    
      254179   1.784139    
      254180   1.776476    
      254181   1.768831    
      254182   1.761207    
      254183   1.753606    
      254184   1.746033    
      254185   1.738489    
      254186   1.730980    
      254187   1.723508    
      254188   1.716079    
      254189   1.708699    
      254190   1.701370    
      254191   1.694098    
      254192   1.686883    
      254193   1.679727    
      254194   1.672634    
      254195   1.665605    
      254196   1.658644    
      254197   1.651756    
      254198   1.644943    
      254199   1.638211    
      254200   1.631561    
      254201   1.624997    
      254202   1.618517    
      254203   1.612120    
      254204   1.605794    
      254205   1.599513    
      254206   1.593220    
      254207   1.586802    
      254208   1.580078    
      254209   1.572865    
      254210   1.565201    
      254211   1.557270    
      254212   1.549206    
      254213   1.541081    
      254214   1.532930    
      254215   1.524767    
      254216   1.516600    
      254217   1.508432    
      254218   1.500263    
      254219   1.492095    
      254220   1.483929    
      254221   1.475763    
      254222   1.467599    
      254223   1.459436    
      254224   1.451274    
      254225   1.443114    
      254226   1.434957    
      254227   1.426801    
      254228   1.418648    
      254229   1.410497    
      254230   1.402349    
      254231   1.394204    
      254232   1.386063    
      254233   1.377925    
      254234   1.369791    
      254235   1.361662    
      254236   1.353538    
      254237   1.345419    
      254238   1.337307    
      254239   1.329201    
      254240   1.321102    
      254241   1.313010    
      254242   1.304928    
      254243   1.296855    
      254244   1.288794    
      254245   1.280744    
      254246   1.272707    
      254247   1.264685    
      254248   1.256679    
      254249   1.248692    
      254250   1.240726    
      254251   1.232783    
      254252   1.224866    
      254253   1.216979    
      254254   1.209124    
      254255   1.201306    
      254256   1.193530    
      254257   1.185799    
      254258   1.178117    
      254259   1.170488    
      254260   1.162915    
      254261   1.155400    
      254262   1.147945    
      254263   1.140551    
      254264   1.133219    
      254265   1.125950    
      254266   1.118746    
      254267   1.111612    
      254268   1.104553    
      254269   1.097577    
      254270   1.090693    
      254271   1.083913    
      254272   1.077249    
      254273   1.070715    
      254274   1.064320    
      254275   1.058069    
      254276   1.051958    
      254277   1.045976    
      254278   1.040103    
      254279   1.034312    
      254280   1.028566    
      254281   1.022817    
      254282   1.016999    
      254283   1.011020    
      254284   1.004767    
      254285  0.9981251    
      254286  0.9910601    
      254287  0.9836377    
      254288  0.9759629    
      254289  0.9681241    
      254290  0.9601791    
      254291  0.9521624    
      254292  0.9440945    
      254293  0.9359887    
      254294  0.9278537    
      254295  0.9196972    
      254296  0.9115252    
      254297  0.9033430    
      254298  0.8951539    
      254299  0.8869606    
      254300  0.8787649    
      254301  0.8705680    
      254302  0.8623709    
      254303  0.8541741    
      254304  0.8459784    
      254305  0.8377841    
      254306  0.8295914    
      254307  0.8214008    
      254308  0.8132126    
      254309  0.8050272    
      254310  0.7968448    
      254311  0.7886661    
      254312  0.7804912    
      254313  0.7723206    
      254314  0.7641551    
      254315  0.7559952    
      254316  0.7478415    
      254317  0.7396950    
      254318  0.7315565    
      254319  0.7234272    
      254320  0.7153085    
      254321  0.7072017    
      254322  0.6991088    
      254323  0.6910318    
      254324  0.6829734    
      254325  0.6749368    
      254326  0.6669255    
      254327  0.6589445    
      254328  0.6509993    
      254329  0.6430971    
      254330  0.6352467    
      254331  0.6274590    
      254332  0.6197470    
      254333  0.6121250    
      254334  0.6046084    
      254335  0.5972118    
      254336  0.5899472    
      254337  0.5828241    
      254338  0.5758495    
      254339  0.5690255    
      254340  0.5623478    
      254341  0.5558085    
      254342  0.5493951    
      254343  0.5430919    
      254344  0.5368807    
      254345  0.5307444    
      254346  0.5246693    
      254347  0.5186455    
      254348  0.5126680    
      254349  0.5067354    
      254350  0.5008488    
      254351  0.4950112    
      254352  0.4892272    
      254353  0.4835019    
      254354  0.4778386    
      254355  0.4722346    
      254356  0.4666738    
      254357  0.4611154    
      254358  0.4554765    
      254359  0.4496222    
      254360  0.4433546    
      254361  0.4365005    
      254362  0.4291127    
      254363  0.4213778    
      254364  0.4134434    
      254365  0.4053970    
      254366  0.3972847    
      254367  0.3891293    
      254368  0.3809435    
      254369  0.3727345    
      254370  0.3645073    
      254371  0.3562655    
      254372  0.3480123    
      254373  0.3397506    
      254374  0.3314829    
      254375  0.3232111    
      254376  0.3149364    
      254377  0.3066598    
      254378  0.2983817    
      254379  0.2901028    
      254380  0.2818233    
      254381  0.2735432    
      254382  0.2652629    
      254383  0.2569823    
      254384  0.2487016    
      254385  0.2404207    
      254386  0.2321396    
      254387  0.2238586    
      254388  0.2155774    
      254389  0.2072962    
      254390  0.1990149    
      254391  0.1907336    
      254392  0.1824524    
      254393  0.1741712    
      254394  0.1658901    
      254395  0.1576091    
      254396  0.1493284    
      254397  0.1410481    
      254398  0.1327683    
      254399  0.1244893    
      254400  0.1162113    
      254401  0.1079347    
      254402  9.9659875E-02
      254403  9.1387466E-02
      254404  8.3118409E-02
      254405  7.4854165E-02
      254406  6.6597372E-02
      254407  5.8353044E-02
      254408  5.0131764E-02
      254409  4.1957177E-02
      254410  3.3884622E-02
      254411  2.6047930E-02
      254412  1.8774647E-02
      254413  1.2862684E-02
      254414  1.0157422E-02
      254415  1.2862682E-02
      254416  1.8774645E-02
      254417  2.6047925E-02
      254418  3.3884618E-02
      254419  4.1957177E-02
      254420  5.0131768E-02
      254421  5.8353044E-02
      254422  6.6597372E-02
      254423  7.4854173E-02
      254424  8.3118409E-02
      254425  9.1387480E-02
      254426  9.9659875E-02
      254427  0.1079347    
      254428  0.1162113    
      254429  0.1244893    
      254430  0.1327684    
      254431  0.1410481    
      254432  0.1493285    
      254433  0.1576092    
      254434  0.1658901    
      254435  0.1741712    
      254436  0.1824525    
      254437  0.1907337    
      254438  0.1990150    
      254439  0.2072963    
      254440  0.2155775    
      254441  0.2238588    
      254442  0.2321400    
      254443  0.2404211    
      254444  0.2487021    
      254445  0.2569832    
      254446  0.2652641    
      254447  0.2735450    
      254448  0.2818258    
      254449  0.2901065    
      254450  0.2983871    
      254451  0.3066677    
      254452  0.3149481    
      254453  0.3232285    
      254454  0.3315089    
      254455  0.3397891    
      254456  0.3480693    
      254457  0.3563493    
      254458  0.3646292    
      254459  0.3729090    
      254460  0.3811887    
      254461  0.3894683    
