       61321  0.8756751    
       61322  0.8676069    
       61323  0.8595394    
       61324  0.8514729    
       61325  0.8434074    
       61326  0.8353429    
       61327  0.8272797    
       61328  0.8192177    
       61329  0.8111571    
       61330  0.8030980    
       61331  0.7950405    
       61332  0.7869846    
       61333  0.7789305    
       61334  0.7708784    
       61335  0.7628284    
       61336  0.7547805    
       61337  0.7467350    
       61338  0.7386920    
       61339  0.7306516    
       61340  0.7226140    
       61341  0.7145796    
       61342  0.7065482    
       61343  0.6985202    
       61344  0.6904959    
       61345  0.6824754    
       61346  0.6744590    
       61347  0.6664469    
       61348  0.6584394    
       61349  0.6504368    
       61350  0.6424393    
       61351  0.6344473    
       61352  0.6264611    
       61353  0.6184812    
       61354  0.6105078    
       61355  0.6025415    
       61356  0.5945827    
       61357  0.5866319    
       61358  0.5786895    
       61359  0.5707563    
       61360  0.5628327    
       61361  0.5549194    
       61362  0.5470171    
       61363  0.5391266    
       61364  0.5312490    
       61365  0.5233850    
       61366  0.5155357    
       61367  0.5077022    
       61368  0.4998857    
       61369  0.4920877    
       61370  0.4843094    
       61371  0.4765524    
       61372  0.4688185    
       61373  0.4611098    
       61374  0.4534282    
       61375  0.4457764    
       61376  0.4381571    
       61377  0.4305735    
       61378  0.4230288    
       61379  0.4155260    
       61380  0.4080657    
       61381  0.4006448    
       61382  0.3932545    
       61383  0.3858751    
       61384  0.3784725    
       61385  0.3709953    
       61386  0.3633779    
       61387  0.3555645    
       61388  0.3475726    
       61389  0.3394630    
       61390  0.3312817    
       61391  0.3230583    
       61392  0.3148107    
       61393  0.3065492    
       61394  0.2982797    
       61395  0.2900058    
       61396  0.2817295    
       61397  0.2734517    
       61398  0.2651732    
       61399  0.2568944    
       61400  0.2486154    
       61401  0.2403364    
       61402  0.2320575    
       61403  0.2237785    
       61404  0.2154997    
       61405  0.2072211    
       61406  0.1989426    
       61407  0.1906643    
       61408  0.1823864    
       61409  0.1741088    
       61410  0.1658315    
       61411  0.1575546    
       61412  0.1492781    
       61413  0.1410020    
       61414  0.1327265    
       61415  0.1244517    
       61416  0.1161777    
       61417  0.1079051    
       61418  9.9634118E-02
       61419  9.1365382E-02
       61420  8.3099753E-02
       61421  7.4838683E-02
       61422  6.6584744E-02
       61423  5.8342971E-02
       61424  5.0123937E-02
       61425  4.1951280E-02
       61426  3.3880360E-02
       61427  2.6045028E-02
       61428  1.8772826E-02
       61429  1.2861633E-02
       61430  1.0156779E-02
       61431  1.2862095E-02
       61432  1.8773973E-02
       61433  2.6047144E-02
       61434  3.3883739E-02
       61435  4.1956227E-02
       61436  5.0130762E-02
       61437  5.8351994E-02
       61438  6.6596299E-02
       61439  7.4853078E-02
       61440  8.3117299E-02
       61441  9.1386348E-02
       61442  9.9658757E-02
       61443  0.1079336    
       61444  0.1162102    
       61445  0.1244882    
       61446  0.1327672    
       61447  0.1410470    
       61448  0.1493273    
       61449  0.1576080    
       61450  0.1658889    
       61451  0.1741700    
       61452  0.1824512    
       61453  0.1907325    
       61454  0.1990138    
       61455  0.2072951    
       61456  0.2155764    
       61457  0.2238576    
       61458  0.2321387    
       61459  0.2404198    
       61460  0.2487009    
       61461  0.2569819    
       61462  0.2652628    
       61463  0.2735437    
       61464  0.2818244    
       61465  0.2901050    
       61466  0.2983856    
       61467  0.3066661    
       61468  0.3149465    
       61469  0.3232268    
       61470  0.3315068    
       61471  0.3397867    
       61472  0.3480663    
       61473  0.3563456    
       61474  0.3646243    
       61475  0.3729025    
       61476  0.3811799    
       61477  0.3894564    
       61478  0.3977319    
       61479  0.4060064    
       61480  0.4142799    
       61481  0.4225526    
       61482  0.4308248    
       61483  0.4390963    
       61484  0.4473677    
       61485  0.4556391    
       61486  0.4639107    
       61487  0.4721825    
       61488  0.4804542    
       61489  0.4887253    
       61490  0.4969944    
       61491  0.5052596    
       61492  0.5135168    
       61493  0.5217589    
       61494  0.5299724    
       61495  0.5381347    
       61496  0.5462079    
       61497  0.5541310    
       61498  0.5618619    
       61499  0.5694434    
       61500  0.5769503    
       61501  0.5844399    
       61502  0.5919434    
       61503  0.5994741    
       61504  0.6070381    
       61505  0.6146386    
       61506  0.6222769    
       61507  0.6299516    
       61508  0.6376601    
       61509  0.6453999    
       61510  0.6531682    
       61511  0.6609623    
       61512  0.6687799    
       61513  0.6766183    
       61514  0.6844752    
       61515  0.6923481    
       61516  0.7002342    
       61517  0.7081306    
       61518  0.7160338    
       61519  0.7239402    
       61520  0.7318461    
       61521  0.7397468    
       61522  0.7476369    
       61523  0.7555072    
       61524  0.7633420    
       61525  0.7711110    
       61526  0.7787565    
       61527  0.7861781    
       61528  0.7932516    
       61529  0.7999370    
       61530  0.8063404    
       61531  0.8125976    
       61532  0.8188014    
       61533  0.8250076    
       61534  0.8312467    
       61535  0.8375363    
       61536  0.8438871    
       61537  0.8503064    
       61538  0.8568010    
       61539  0.8633755    
       61540  0.8700318    
       61541  0.8767693    
       61542  0.8835859    
       61543  0.8904785    
       61544  0.8974437    
       61545  0.9044793    
       61546  0.9115835    
       61547  0.9187562    
       61548  0.9259984    
       61549  0.9333121    
       61550  0.9406960    
       61551  0.9481441    
       61552  0.9556472    
       61553  0.9631990    
       61554  0.9707953    
       61555  0.9784325    
       61556  0.9861078    
       61557  0.9938183    
       61558   1.001561    
       61559   1.009334    
       61560   1.017135    
       61561   1.024960    
       61562   1.032809    
       61563   1.040679    
       61564   1.048568    
       61565   1.056475    
       61566   1.064398    
       61567   1.072336    
       61568   1.080288    
       61569   1.088252    
       61570   1.096229    
       61571   1.104215    
       61572   1.112212    
       61573   1.120218    
       61574   1.128232    
       61575   1.136254    
       61576   1.144283    
       61577   1.152318    
       61578   1.160360    
       61579   1.168407    
       61580   1.176459    
       61581   1.184515    
       61582   1.192576    
       61583   1.200640    
       61584   1.208708    
       61585   1.216779    
       61586   1.224853    
       61587   1.232928    
       61588   1.241003    
       61589   1.249076    
       61590   1.257140    
       61591   1.265180    
       61592   1.273163    
       61593   1.281023    
       61594   1.288636    
       61595   1.295847    
       61596   1.302637    
       61597   1.309163    
       61598   1.315575    
       61599   1.321961    
       61600   1.328367    
       61601   1.334814    
       61602   1.341312    
       61603   1.347862    
       61604   1.354464    
       61605   1.361118    
       61606   1.367825    
       61607   1.374584    
       61608   1.381395    
       61609   1.388258    
       61610   1.395172    
       61611   1.402136    
       61612   1.409151    
       61613   1.416217    
       61614   1.423334    
       61615   1.430504    
       61616   1.437726    
       61617   1.445000    
       61618   1.452321    
       61619   1.459682    
       61620   1.467078    
       61621   1.474502    
       61622   1.481949    
       61623   1.489413    
       61624   1.496884    
       61625   1.504349    
       61626   1.511793    
       61627   1.519190    
       61628   1.526504    
       61629   1.533684    
       61630   1.540653    
       61631   1.547311    
       61632   1.553561    
       61633   1.559390    
       61634   1.564890    
       61635   1.570190    
       61636   1.575408    
       61637   1.580639    
       61638   1.585949    
       61639   1.591376    
       61640   1.596939    
       61641   1.602648    
       61642   1.608503    
       61643   1.614499    
       61644   1.620624    
       61645   1.626868    
       61646   1.633226    
       61647   1.639689    
       61648   1.646250    
       61649   1.652901    
       61650   1.659639    
       61651   1.666458    
       61652   1.673357    
       61653   1.680333    
       61654   1.687385    
       61655   1.694512    
       61656   1.701715    
       61657   1.708995    
       61658   1.716358    
       61659   1.723802    
       61660   1.731322    
       61661   1.738908    
       61662   1.746552    
       61663   1.754249    
       61664   1.761994    
       61665   1.769783    
       61666   1.777612    
       61667   1.785477    
       61668   1.793374    
       61669   1.801299    
       61670   1.809250    
       61671   1.817223    
       61672   1.825216    
       61673   1.833226    
       61674   1.841253    
       61675   1.849294    
       61676   1.857347    
       61677   1.865412    
       61678   1.873488    
       61679   1.881573    
       61680   1.889666    
       61681   1.897767    
       61682   1.905875    
       61683   1.913989    
       61684   1.922108    
       61685   1.930232    
       61686   1.938360    
       61687   1.946491    
       61688   1.954625    
       61689   1.962759    
       61690   1.970893    
       61691   1.979024    
       61692   1.987149    
       61693   1.995263    
       61694   2.003359    
       61695   2.011428    
       61696   2.019454    
       61697   2.027417    
       61698   2.035288    
       61699   2.043033    
       61700   2.050612    
       61701   2.057978    
       61702   2.065093    
       61703   2.071941    
       61704   2.078546    
       61705   2.084971    
       61706   2.091281    
       61707   2.097524    
       61708   2.103728    
       61709   2.109900    
       61710   2.116026    
