       76441   1.072093    
       76442   1.064024    
       76443   1.055957    
       76444   1.047891    
       76445   1.039826    
       76446   1.031761    
       76447   1.023698    
       76448   1.015637    
       76449   1.007576    
       76450  0.9995176    
       76451  0.9914601    
       76452  0.9834045    
       76453  0.9753507    
       76454  0.9672989    
       76455  0.9592490    
       76456  0.9512013    
       76457  0.9431560    
       76458  0.9351132    
       76459  0.9270730    
       76460  0.9190357    
       76461  0.9110014    
       76462  0.9029704    
       76463  0.8949426    
       76464  0.8869184    
       76465  0.8788981    
       76466  0.8708819    
       76467  0.8628700    
       76468  0.8548626    
       76469  0.8468602    
       76470  0.8388630    
       76471  0.8308712    
       76472  0.8228853    
       76473  0.8149057    
       76474  0.8069327    
       76475  0.7989667    
       76476  0.7910082    
       76477  0.7830578    
       76478  0.7751160    
       76479  0.7671832    
       76480  0.7592601    
       76481  0.7513474    
       76482  0.7434458    
       76483  0.7355561    
       76484  0.7276793    
       76485  0.7198160    
       76486  0.7119675    
       76487  0.7041350    
       76488  0.6963196    
       76489  0.6885227    
       76490  0.6807457    
       76491  0.6729901    
       76492  0.6652579    
       76493  0.6575509    
       76494  0.6498715    
       76495  0.6422220    
       76496  0.6346056    
       76497  0.6270256    
       76498  0.6194860    
       76499  0.6119913    
       76500  0.6045467    
       76501  0.5971570    
       76502  0.5898254    
       76503  0.5825517    
       76504  0.5753345    
       76505  0.5681710    
       76506  0.5610579    
       76507  0.5539915    
       76508  0.5469676    
       76509  0.5399815    
       76510  0.5330295    
       76511  0.5261093    
       76512  0.5192206    
       76513  0.5123646    
       76514  0.5055439    
       76515  0.4987620    
       76516  0.4920224    
       76517  0.4853280    
       76518  0.4786791    
       76519  0.4720677    
       76520  0.4654717    
       76521  0.4588500    
       76522  0.4521239    
       76523  0.4451726    
       76524  0.4378575    
       76525  0.4301573    
       76526  0.4221907    
       76527  0.4140720    
       76528  0.4058738    
       76529  0.3976361    
       76530  0.3893790    
       76531  0.3811127    
       76532  0.3728420    
       76533  0.3645691    
       76534  0.3562952    
       76535  0.3480207    
       76536  0.3397458    
       76537  0.3314705    
       76538  0.3231951    
       76539  0.3149193    
       76540  0.3066431    
       76541  0.2983665    
       76542  0.2900894    
       76543  0.2818119    
       76544  0.2735339    
       76545  0.2652555    
       76546  0.2569766    
       76547  0.2486973    
       76548  0.2404176    
       76549  0.2321375    
       76550  0.2238571    
       76551  0.2155764    
       76552  0.2072955    
       76553  0.1990145    
       76554  0.1907334    
       76555  0.1824522    
       76556  0.1741711    
       76557  0.1658900    
       76558  0.1576091    
       76559  0.1493284    
       76560  0.1410481    
       76561  0.1327683    
       76562  0.1244893    
       76563  0.1162113    
       76564  0.1079347    
       76565  9.9659875E-02
       76566  9.1387466E-02
       76567  8.3118409E-02
       76568  7.4854165E-02
       76569  6.6597372E-02
       76570  5.8353044E-02
       76571  5.0131764E-02
       76572  4.1957177E-02
       76573  3.3884618E-02
       76574  2.6047925E-02
       76575  1.8774645E-02
       76576  1.2862683E-02
       76577  1.0157421E-02
       76578  1.2862680E-02
       76579  1.8774642E-02
       76580  2.6047917E-02
       76581  3.3884604E-02
       76582  4.1957155E-02
       76583  5.0131731E-02
       76584  5.8352988E-02
       76585  6.6597283E-02
       76586  7.4854046E-02
       76587  8.3118215E-02
       76588  9.1387182E-02
       76589  9.9659443E-02
       76590  0.1079340    
       76591  0.1162103    
       76592  0.1244879    
       76593  0.1327661    
       76594  0.1410449    
       76595  0.1493236    
       76596  0.1576020    
       76597  0.1658800    
       76598  0.1741573    
       76599  0.1824339    
       76600  0.1907098    
       76601  0.1989852    
       76602  0.2072601    
       76603  0.2155349    
       76604  0.2238096    
       76605  0.2320847    
       76606  0.2403604    
       76607  0.2486367    
       76608  0.2569139    
       76609  0.2651917    
       76610  0.2734701    
       76611  0.2817489    
       76612  0.2900279    
       76613  0.2983070    
       76614  0.3065861    
       76615  0.3148651    
       76616  0.3231439    
       76617  0.3314223    
       76618  0.3397003    
       76619  0.3479776    
       76620  0.3562539    
       76621  0.3645289    
       76622  0.3728018    
       76623  0.3810720    
       76624  0.3893381    
       76625  0.3975984    
       76626  0.4058505    
       76627  0.4140903    
       76628  0.4223123    
       76629  0.4305072    
       76630  0.4386581    
       76631  0.4467450    
       76632  0.4547712    
       76633  0.4627542    
       76634  0.4707100    
       76635  0.4786499    
       76636  0.4865812    
       76637  0.4945078    
       76638  0.5024311    
       76639  0.5103506    
       76640  0.5182645    
       76641  0.5261702    
       76642  0.5340629    
       76643  0.5419346    
       76644  0.5497693    
       76645  0.5575367    
       76646  0.5651780    
       76647  0.5725918    
       76648  0.5796549    
       76649  0.5863310    
       76650  0.5927290    
       76651  0.5989838    
       76652  0.6051867    
       76653  0.6113929    
       76654  0.6176323    
       76655  0.6239221    
       76656  0.6302733    
       76657  0.6366929    
       76658  0.6431879    
       76659  0.6497629    
       76660  0.6564196    
       76661  0.6631575    
       76662  0.6699744    
       76663  0.6768674    
       76664  0.6838330    
       76665  0.6908689    
       76666  0.6979735    
       76667  0.7051463    
       76668  0.7123888    
       76669  0.7197025    
       76670  0.7270867    
       76671  0.7345349    
       76672  0.7420381    
       76673  0.7495901    
       76674  0.7571864    
       76675  0.7648238    
       76676  0.7724992    
       76677  0.7802098    
       76678  0.7879529    
       76679  0.7957258    
       76680  0.8035262    
       76681  0.8113518    
       76682  0.8192004    
       76683  0.8270702    
       76684  0.8349594    
       76685  0.8428661    
       76686  0.8507891    
       76687  0.8587270    
       76688  0.8666787    
       76689  0.8746428    
       76690  0.8826187    
       76691  0.8906052    
       76692  0.8986015    
       76693  0.9066070    
       76694  0.9146206    
       76695  0.9226420    
       76696  0.9306704    
       76697  0.9387052    
       76698  0.9467461    
       76699  0.9547924    
       76700  0.9628438    
       76701  0.9708996    
       76702  0.9789597    
       76703  0.9870236    
       76704  0.9950908    
       76705   1.003161    
       76706   1.011233    
       76707   1.019306    
       76708   1.027378    
       76709   1.035442    
       76710   1.043486    
       76711   1.051481    
       76712   1.059367    
       76713   1.067028    
       76714   1.074301    
       76715   1.081124    
       76716   1.087641    
       76717   1.094017    
       76718   1.100355    
       76719   1.106709    
       76720   1.113103    
       76721   1.119546    
       76722   1.126042    
       76723   1.132591    
       76724   1.139193    
       76725   1.145847    
       76726   1.152554    
       76727   1.159313    
       76728   1.166124    
       76729   1.172987    
       76730   1.179901    
       76731   1.186866    
       76732   1.193881    
       76733   1.200946    
       76734   1.208063    
       76735   1.215233    
       76736   1.222455    
       76737   1.229729    
       76738   1.237051    
       76739   1.244412    
       76740   1.251807    
       76741   1.259232    
       76742   1.266679    
       76743   1.274143    
       76744   1.281613    
       76745   1.289079    
       76746   1.296523    
       76747   1.303920    
       76748   1.311234    
       76749   1.318414    
       76750   1.325383    
       76751   1.332041    
       76752   1.338291    
       76753   1.344119    
       76754   1.349619    
       76755   1.354919    
       76756   1.360138    
       76757   1.365368    
       76758   1.370678    
       76759   1.376105    
       76760   1.381668    
       76761   1.387378    
       76762   1.393233    
       76763   1.399228    
       76764   1.405353    
       76765   1.411598    
       76766   1.417955    
       76767   1.424419    
       76768   1.430979    
       76769   1.437631    
       76770   1.444368    
       76771   1.451188    
       76772   1.458087    
       76773   1.465063    
       76774   1.472115    
       76775   1.479242    
       76776   1.486444    
       76777   1.493725    
       76778   1.501088    
       76779   1.508532    
       76780   1.516052    
       76781   1.523638    
       76782   1.531282    
       76783   1.538978    
       76784   1.546723    
       76785   1.554513    
       76786   1.562342    
       76787   1.570207    
       76788   1.578104    
       76789   1.586029    
       76790   1.593979    
       76791   1.601952    
       76792   1.609945    
       76793   1.617956    
       76794   1.625983    
       76795   1.634023    
       76796   1.642077    
       76797   1.650142    
       76798   1.658218    
       76799   1.666302    
       76800   1.674396    
       76801   1.682497    
       76802   1.690604    
       76803   1.698718    
       76804   1.706838    
       76805   1.714962    
       76806   1.723090    
       76807   1.731221    
       76808   1.739354    
       76809   1.747489    
       76810   1.755622    
       76811   1.763753    
       76812   1.771878    
       76813   1.779993    
       76814   1.788089    
       76815   1.796158    
       76816   1.804184    
       76817   1.812146    
       76818   1.820017    
       76819   1.827762    
       76820   1.835341    
       76821   1.842708    
       76822   1.849822    
       76823   1.856670    
       76824   1.863276    
       76825   1.869702    
       76826   1.876012    
       76827   1.882258    
       76828   1.888469    
       76829   1.894663    
       76830   1.900848    
       76831   1.907027    
       76832   1.913203    
       76833   1.919382    
       76834   1.925568    
       76835   1.931769    
       76836   1.937996    
       76837   1.944263    
       76838   1.950583    
       76839   1.956968    
       76840   1.963425    
       76841   1.969960    
       76842   1.976577    
       76843   1.983277    
       76844   1.990059    
       76845   1.996923    
       76846   2.003864    
       76847   2.010878    
       76848   2.017962    
       76849   2.025115    
       76850   2.032334    
       76851   2.039621    
       76852   2.046977    
       76853   2.054401    
       76854   2.061891    
       76855   2.069438    
       76856   2.077024    
       76857   2.084617    
