      162130   2.153996    
      162131   2.145919    
      162132   2.137844    
      162133   2.129770    
      162134   2.121699    
      162135   2.113628    
      162136   2.105560    
      162137   2.097495    
      162138   2.089431    
      162139   2.081370    
      162140   2.073311    
      162141   2.065256    
      162142   2.057203    
      162143   2.049153    
      162144   2.041106    
      162145   2.033062    
      162146   2.025023    
      162147   2.016986    
      162148   2.008954    
      162149   2.000926    
      162150   1.992903    
      162151   1.984885    
      162152   1.976873    
      162153   1.968865    
      162154   1.960864    
      162155   1.952869    
      162156   1.944880    
      162157   1.936899    
      162158   1.928926    
      162159   1.920961    
      162160   1.913004    
      162161   1.905056    
      162162   1.897119    
      162163   1.889192    
      162164   1.881277    
      162165   1.873374    
      162166   1.865483    
      162167   1.857607    
      162168   1.849746    
      162169   1.841902    
      162170   1.834076    
      162171   1.826269    
      162172   1.818482    
      162173   1.810718    
      162174   1.802978    
      162175   1.795263    
      162176   1.787577    
      162177   1.779920    
      162178   1.772295    
      162179   1.764705    
      162180   1.757150    
      162181   1.749634    
      162182   1.742157    
      162183   1.734724    
      162184   1.727337    
      162185   1.719999    
      162186   1.712710    
      162187   1.705471    
      162188   1.698280    
      162189   1.691135    
      162190   1.684037    
      162191   1.676985    
      162192   1.669979    
      162193   1.663019    
      162194   1.656107    
      162195   1.649244    
      162196   1.642432    
      162197   1.635673    
      162198   1.628970    
      162199   1.622324    
      162200   1.615737    
      162201   1.609205    
      162202   1.602728    
      162203   1.596299    
      162204   1.589913    
      162205   1.583561    
      162206   1.577230    
      162207   1.570897    
      162208   1.564510    
      162209   1.557985    
      162210   1.551187    
      162211   1.543984    
      162212   1.536395    
      162213   1.528564    
      162214   1.520610    
      162215   1.512596    
      162216   1.504555    
      162217   1.496501    
      162218   1.488441    
      162219   1.480377    
      162220   1.472312    
      162221   1.464246    
      162222   1.456179    
      162223   1.448113    
      162224   1.440049    
      162225   1.431985    
      162226   1.423924    
      162227   1.415865    
      162228   1.407808    
      162229   1.399755    
      162230   1.391705    
      162231   1.383659    
      162232   1.375617    
      162233   1.367580    
      162234   1.359548    
      162235   1.351521    
      162236   1.343501    
      162237   1.335487    
      162238   1.327480    
      162239   1.319480    
      162240   1.311488    
      162241   1.303505    
      162242   1.295531    
      162243   1.287567    
      162244   1.279614    
      162245   1.271672    
      162246   1.263742    
      162247   1.255826    
      162248   1.247925    
      162249   1.240039    
      162250   1.232171    
      162251   1.224321    
      162252   1.216492    
      162253   1.208685    
      162254   1.200902    
      162255   1.193147    
      162256   1.185420    
      162257   1.177726    
      162258   1.170068    
      162259   1.162450    
      162260   1.154877    
      162261   1.147354    
      162262   1.139887    
      162263   1.132484    
      162264   1.125146    
      162265   1.117875    
      162266   1.110669    
      162267   1.103524    
      162268   1.096432    
      162269   1.089374    
      162270   1.082315    
      162271   1.075195    
      162272   1.067923    
      162273   1.060417    
      162274   1.052686    
      162275   1.044812    
      162276   1.036862    
      162277   1.028874    
      162278   1.020869    
      162279   1.012855    
      162280   1.004839    
      162281  0.9968230    
      162282  0.9888083    
      162283  0.9807962    
      162284  0.9727880    
      162285  0.9647843    
      162286  0.9567862    
      162287  0.9487946    
      162288  0.9408109    
      162289  0.9328364    
      162290  0.9248725    
      162291  0.9169207    
      162292  0.9089824    
      162293  0.9010592    
      162294  0.8931526    
      162295  0.8852646    
      162296  0.8773972    
      162297  0.8695525    
      162298  0.8617330    
      162299  0.8539413    
      162300  0.8461809    
      162301  0.8384552    
      162302  0.8307688    
      162303  0.8231270    
      162304  0.8155363    
      162305  0.8080044    
      162306  0.8005399    
      162307  0.7931515    
      162308  0.7858453    
      162309  0.7786248    
      162310  0.7714936    
      162311  0.7644565    
      162312  0.7575194    
      162313  0.7506876    
      162314  0.7439649    
      162315  0.7373532    
      162316  0.7308512    
      162317  0.7244545    
      162318  0.7181582    
      162319  0.7119577    
      162320  0.7058454    
      162321  0.6998125    
      162322  0.6938510    
      162323  0.6879524    
      162324  0.6821063    
      162325  0.6762928    
      162326  0.6704687    
      162327  0.6645459    
      162328  0.6583792    
      162329  0.6517999    
      162330  0.6447769    
      162331  0.6374399    
      162332  0.6299246    
      162333  0.6223148    
      162334  0.6146559    
      162335  0.6069721    
      162336  0.5992776    
      162337  0.5915813    
      162338  0.5838893    
      162339  0.5762066    
      162340  0.5685372    
      162341  0.5608848    
      162342  0.5532525    
      162343  0.5456433    
      162344  0.5380601    
      162345  0.5305058    
      162346  0.5229828    
      162347  0.5154926    
      162348  0.5080340    
      162349  0.5006031    
      162350  0.4931904    
      162351  0.4857755    
      162352  0.4783221    
      162353  0.4707760    
      162354  0.4630713    
      162355  0.4551698    
      162356  0.4471132    
      162357  0.4389620    
      162358  0.4307554    
      162359  0.4225172    
      162360  0.4142610    
      162361  0.4059945    
      162362  0.3977224    
      162363  0.3894470    
      162364  0.3811697    
      162365  0.3728914    
      162366  0.3646125    
      162367  0.3563331    
      162368  0.3480535    
      162369  0.3397737    
      162370  0.3314938    
      162371  0.3232139    
      162372  0.3149340    
      162373  0.3066540    
      162374  0.2983740    
      162375  0.2900941    
      162376  0.2818142    
      162377  0.2735342    
      162378  0.2652542    
      162379  0.2569741    
      162380  0.2486940    
      162381  0.2404139    
      162382  0.2321336    
      162383  0.2238533    
      162384  0.2155729    
      162385  0.2072924    
      162386  0.1990117    
      162387  0.1907310    
      162388  0.1824502    
      162389  0.1741694    
      162390  0.1658887    
      162391  0.1576080    
      162392  0.1493275    
      162393  0.1410474    
      162394  0.1327678    
      162395  0.1244889    
      162396  0.1162110    
      162397  0.1079344    
      162398  9.9659629E-02
      162399  9.1387250E-02
      162400  8.3118208E-02
      162401  7.4853987E-02
      162402  6.6597201E-02
      162403  5.8352888E-02
      162404  5.0131623E-02
      162405  4.1957043E-02
      162406  3.3884495E-02
      162407  2.6047818E-02
      162408  1.8774552E-02
      162409  1.2862600E-02
      162410  1.0157327E-02
      162411  1.2862522E-02
      162412  1.8774357E-02
      162413  2.6047433E-02
      162414  3.3883821E-02
      162415  4.1955922E-02
      162416  5.0129823E-02
      162417  5.8350068E-02
      162418  6.6592827E-02
      162419  7.4847266E-02
      162420  8.3107941E-02
      162421  9.1371603E-02
      162422  9.9635839E-02
      162423  0.1078983    
      162424  0.1161564    
      162425  0.1244069    
      162426  0.1326461    
      162427  0.1408698    
      162428  0.1490741    
      162429  0.1572542    
      162430  0.1654037    
      162431  0.1735137    
      162432  0.1815719    
      162433  0.1895596    
      162434  0.1974449    
      162435  0.2051665    
      162436  0.2126171    
      162437  0.2196647    
      162438  0.2262441    
      162439  0.2324585    
      162440  0.2384959    
      162441  0.2444979    
      162442  0.2505471    
      162443  0.2566802    
      162444  0.2629101    
      162445  0.2692401    
      162446  0.2756687    
      162447  0.2821910    
      162448  0.2888021    
      162449  0.2954968    
      162450  0.3022711    
      162451  0.3091218    
      162452  0.3160470    
      162453  0.3230453    
      162454  0.3301157    
      162455  0.3372580    
      162456  0.3444737    
      162457  0.3517665    
      162458  0.3591400    
      162459  0.3665935    
      162460  0.3741210    
      162461  0.3817130    
      162462  0.3893622    
      162463  0.3970637    
      162464  0.4048132    
      162465  0.4126066    
      162466  0.4204400    
      162467  0.4283093    
      162468  0.4362105    
      162469  0.4441403    
      162470  0.4520956    
      162471  0.4600734    
      162472  0.4680715    
      162473  0.4760876    
      162474  0.4841197    
      162475  0.4921664    
      162476  0.5002260    
      162477  0.5082971    
      162478  0.5163788    
      162479  0.5244700    
      162480  0.5325695    
      162481  0.5406768    
      162482  0.5487908    
      162483  0.5569110    
      162484  0.5650367    
      162485  0.5731670    
      162486  0.5813014    
      162487  0.5894390    
      162488  0.5975788    
      162489  0.6057196    
      162490  0.6138598    
      162491  0.6219971    
      162492  0.6301283    
      162493  0.6382489    
      162494  0.6463521    
      162495  0.6544278    
      162496  0.6624616    
      162497  0.6704324    
      162498  0.6783128    
      162499  0.6860687    
      162500  0.6936599    
      162501  0.7010407    
      162502  0.7081701    
      162503  0.7150314    
      162504  0.7216481    
      162505  0.7280809    
      162506  0.7343962    
      162507  0.7406452    
      162508  0.7468593    
      162509  0.7530549    
      162510  0.7592404    
      162511  0.7654202    
      162512  0.7715980    
      162513  0.7777776    
      162514  0.7839643    
      162515  0.7901660    
      162516  0.7963935    
      162517  0.8026608    
      162518  0.8089817    
      162519  0.8153665    
      162520  0.8218236    
      162521  0.8283588    
      162522  0.8349761    
      162523  0.8416764    
      162524  0.8484588    
      162525  0.8553219    
      162526  0.8622630    
      162527  0.8692777    
      162528  0.8763621    
      162529  0.8835143    
      162530  0.8907340    
      162531  0.8980216    
      162532  0.9053783    
      162533  0.9128046    
      162534  0.9202986    
      162535  0.9278558    
      162536  0.9354703    
      162537  0.9431373    
      162538  0.9508530    
      162539  0.9586141    
      162540  0.9664174    
      162541  0.9742594    
      162542  0.9821363    
      162543  0.9900447    
      162544  0.9979810    
      162545   1.005942    
      162546   1.013926    
      162547   1.021929    
      162548   1.029950    
      162549   1.037987    
      162550   1.046038    
      162551   1.054102    
      162552   1.062177    
      162553   1.070263    
      162554   1.078358    
      162555   1.086462    
      162556   1.094573    
      162557   1.102692    
      162558   1.110816    
      162559   1.118947    
      162560   1.127083    
      162561   1.135223    
      162562   1.143368    
      162563   1.151518    
      162564   1.159670    
      162565   1.167827    
      162566   1.175986    
      162567   1.184148    
      162568   1.192313    
      162569   1.200481    
      162570   1.208650    
      162571   1.216822    
      162572   1.224995    
      162573   1.233171    
      162574   1.241347    
      162575   1.249525    
      162576   1.257705    
      162577   1.265886    
      162578   1.274067    
      162579   1.282250    
      162580   1.290434    
      162581   1.298618    
      162582   1.306804    
      162583   1.314990    
      162584   1.323176    
      162585   1.331363    
      162586   1.339551    
      162587   1.347739    
      162588   1.355927    
      162589   1.364116    
      162590   1.372305    
      162591   1.380495    
      162592   1.388684    
      162593   1.396874    
      162594   1.405065    
      162595   1.413255    
      162596   1.421446    
      162597   1.429636    
      162598   1.437827    
      162599   1.446018    
      162600   1.454209    
      162601   1.462400    
      162602   1.470591    
      162603   1.478782    
      162604   1.486973    
      162605   1.495164    
      162606   1.503356    
      162607   1.511547    
      162608   1.519738    
      162609   1.527929    
      162610   1.536121    
      162611   1.544312    
      162612   1.552503    
      162613   1.560694    
      162614   1.568886    
      162615   1.577077    
      162616   1.585268    
      162617   1.593459    
      162618   1.601650    
      162619   1.609842    
      162620   1.618033    
      162621   1.626224    
