      211498   2.128745    
      211499   2.120680    
      211500   2.112615    
      211501   2.104548    
      211502   2.096482    
      211503   2.088416    
      211504   2.080351    
      211505   2.072288    
      211506   2.064226    
      211507   2.056167    
      211508   2.048111    
      211509   2.040057    
      211510   2.032007    
      211511   2.023961    
      211512   2.015919    
      211513   2.007882    
      211514   1.999850    
      211515   1.991823    
      211516   1.983803    
      211517   1.975789    
      211518   1.967782    
      211519   1.959782    
      211520   1.951791    
      211521   1.943807    
      211522   1.935833    
      211523   1.927869    
      211524   1.919916    
      211525   1.911974    
      211526   1.904045    
      211527   1.896129    
      211528   1.888227    
      211529   1.880342    
      211530   1.872473    
      211531   1.864623    
      211532   1.856794    
      211533   1.848987    
      211534   1.841205    
      211535   1.833449    
      211536   1.825723    
      211537   1.818029    
      211538   1.810370    
      211539   1.802752    
      211540   1.795179    
      211541   1.787657    
      211542   1.780190    
      211543   1.772786    
      211544   1.765449    
      211545   1.758178    
      211546   1.750972    
      211547   1.743827    
      211548   1.736736    
      211549   1.729678    
      211550   1.722619    
      211551   1.715499    
      211552   1.708226    
      211553   1.700720    
      211554   1.692989    
      211555   1.685115    
      211556   1.677164    
      211557   1.669177    
      211558   1.661171    
      211559   1.653158    
      211560   1.645142    
      211561   1.637125    
      211562   1.629111    
      211563   1.621099    
      211564   1.613091    
      211565   1.605087    
      211566   1.597089    
      211567   1.589097    
      211568   1.581114    
      211569   1.573139    
      211570   1.565175    
      211571   1.557223    
      211572   1.549285    
      211573   1.541362    
      211574   1.533455    
      211575   1.525567    
      211576   1.517700    
      211577   1.509855    
      211578   1.502036    
      211579   1.494244    
      211580   1.486484    
      211581   1.478758    
      211582   1.471072    
      211583   1.463430    
      211584   1.455839    
      211585   1.448308    
      211586   1.440843    
      211587   1.433455    
      211588   1.426149    
      211589   1.418929    
      211590   1.411798    
      211591   1.404762    
      211592   1.397825    
      211593   1.390994    
      211594   1.384272    
      211595   1.377661    
      211596   1.371159    
      211597   1.364763    
      211598   1.358467    
      211599   1.352268    
      211600   1.346156    
      211601   1.340124    
      211602   1.334163    
      211603   1.328266    
      211604   1.322421    
      211605   1.316610    
      211606   1.310789    
      211607   1.304872    
      211608   1.298714    
      211609   1.292148    
      211610   1.285137    
      211611   1.277810    
      211612   1.270303    
      211613   1.262700    
      211614   1.255048    
      211615   1.247370    
      211616   1.239682    
      211617   1.231992    
      211618   1.224306    
      211619   1.216630    
      211620   1.208968    
      211621   1.201323    
      211622   1.193698    
      211623   1.186098    
      211624   1.178524    
      211625   1.170981    
      211626   1.163471    
      211627   1.155999    
      211628   1.148571    
      211629   1.141190    
      211630   1.133861    
      211631   1.126588    
      211632   1.119373    
      211633   1.112217    
      211634   1.105123    
      211635   1.098094    
      211636   1.091133    
      211637   1.084244    
      211638   1.077432    
      211639   1.070699    
      211640   1.064049    
      211641   1.057486    
      211642   1.051010    
      211643   1.044621    
      211644   1.038318    
      211645   1.032101    
      211646   1.025956    
      211647   1.019853    
      211648   1.013720    
      211649   1.007430    
      211650   1.000771    
      211651  0.9935597    
      211652  0.9858884    
      211653  0.9779582    
      211654  0.9699041    
      211655  0.9617945    
      211656  0.9536613    
      211657  0.9455187    
      211658  0.9373725    
      211659  0.9292256    
      211660  0.9210789    
      211661  0.9129332    
      211662  0.9047886    
      211663  0.8966455    
      211664  0.8885040    
      211665  0.8803642    
      211666  0.8722267    
      211667  0.8640915    
      211668  0.8559588    
      211669  0.8478291    
      211670  0.8397026    
      211671  0.8315797    
      211672  0.8234606    
      211673  0.8153458    
      211674  0.8072357    
      211675  0.7991308    
      211676  0.7910316    
      211677  0.7829386    
      211678  0.7748525    
      211679  0.7667738    
      211680  0.7587034    
      211681  0.7506419    
      211682  0.7425904    
      211683  0.7345499    
      211684  0.7265213    
      211685  0.7185060    
      211686  0.7105052    
      211687  0.7025206    
      211688  0.6945537    
      211689  0.6866065    
      211690  0.6786808    
      211691  0.6707790    
      211692  0.6629037    
      211693  0.6550577    
      211694  0.6472439    
      211695  0.6394655    
      211696  0.6317258    
      211697  0.6240283    
      211698  0.6163765    
      211699  0.6087739    
      211700  0.6012241    
      211701  0.5937297    
      211702  0.5862932    
      211703  0.5789163    
      211704  0.5716001    
      211705  0.5643466    
      211706  0.5571591    
      211707  0.5500413    
      211708  0.5429989    
      211709  0.5360397    
      211710  0.5291739    
      211711  0.5224127    
      211712  0.5157692    
      211713  0.5092563    
      211714  0.5028846    
      211715  0.4966588    
      211716  0.4905756    
      211717  0.4846250    
      211718  0.4787872    
      211719  0.4730338    
      211720  0.4673245    
      211721  0.4615981    
      211722  0.4557623    
      211723  0.4496881    
      211724  0.4432098    
      211725  0.4362077    
      211726  0.4287440    
      211727  0.4209763    
      211728  0.4130297    
      211729  0.4049796    
      211730  0.3968678    
      211731  0.3887147    
      211732  0.3805309    
      211733  0.3723230    
      211734  0.3640954    
      211735  0.3558523    
      211736  0.3475976    
      211737  0.3393347    
      211738  0.3310661    
      211739  0.3227938    
      211740  0.3145187    
      211741  0.3062419    
      211742  0.2979639    
      211743  0.2896850    
      211744  0.2814056    
      211745  0.2731257    
      211746  0.2648456    
      211747  0.2565652    
      211748  0.2482847    
      211749  0.2400040    
      211750  0.2317233    
      211751  0.2234426    
      211752  0.2151618    
      211753  0.2068810    
      211754  0.1986002    
      211755  0.1903195    
      211756  0.1820388    
      211757  0.1737581    
      211758  0.1654777    
      211759  0.1571974    
      211760  0.1489175    
      211761  0.1406380    
      211762  0.1323590    
      211763  0.1240810    
      211764  0.1158040    
      211765  0.1075287    
      211766  9.9255495E-02
      211767  9.0985358E-02
      211768  8.2719475E-02
      211769  7.4459761E-02
      211770  6.6209450E-02
      211771  5.7974465E-02
      211772  4.9766548E-02
      211773  4.1610830E-02
      211774  3.3564433E-02
      211775  2.5762510E-02
      211776  1.8531062E-02
      211777  1.2656907E-02
      211778  9.9477284E-03
      211779  1.2539400E-02
      211780  1.8245270E-02
      211781  2.5241673E-02
      211782  3.2735050E-02
      211783  4.0398415E-02
      211784  4.8100173E-02
      211785  5.5786163E-02
      211786  6.3423730E-02
      211787  7.0971660E-02
      211788  7.8369997E-02
      211789  8.5567303E-02
      211790  9.2548117E-02
      211791  9.9335149E-02
      211792  0.1059714    
      211793  0.1125030    
      211794  0.1189688    
      211795  0.1253992    
      211796  0.1318181    
      211797  0.1382478    
      211798  0.1447083    
      211799  0.1512156    
      211800  0.1577819    
      211801  0.1644160    
      211802  0.1711229    
      211803  0.1779044    
      211804  0.1847604    
      211805  0.1916895    
      211806  0.1986876    
      211807  0.2057497    
      211808  0.2128707    
      211809  0.2200471    
      211810  0.2272776    
      211811  0.2345608    
      211812  0.2418969    
      211813  0.2492867    
      211814  0.2567297    
      211815  0.2642242    
      211816  0.2717679    
      211817  0.2793573    
      211818  0.2869894    
      211819  0.2946630    
      211820  0.3023767    
      211821  0.3101285    
      211822  0.3179162    
      211823  0.3257375    
      211824  0.3335896    
      211825  0.3414698    
      211826  0.3493756    
      211827  0.3573046    
      211828  0.3652546    
      211829  0.3732238    
      211830  0.3812103    
      211831  0.3892126    
      211832  0.3972293    
      211833  0.4052589    
      211834  0.4133005    
      211835  0.4213530    
      211836  0.4294154    
      211837  0.4374868    
      211838  0.4455666    
      211839  0.4536539    
      211840  0.4617481    
      211841  0.4698487    
      211842  0.4779552    
      211843  0.4860671    
      211844  0.4941840    
      211845  0.5023054    
      211846  0.5104309    
      211847  0.5185604    
      211848  0.5266935    
      211849  0.5348299    
      211850  0.5429692    
      211851  0.5511115    
      211852  0.5592564    
      211853  0.5674037    
      211854  0.5755532    
      211855  0.5837047    
      211856  0.5918581    
      211857  0.6000133    
      211858  0.6081700    
      211859  0.6163282    
      211860  0.6244878    
      211861  0.6326486    
      211862  0.6408105    
      211863  0.6489735    
      211864  0.6571374    
      211865  0.6653021    
      211866  0.6734676    
      211867  0.6816339    
      211868  0.6898007    
      211869  0.6979681    
      211870  0.7061360    
      211871  0.7143044    
      211872  0.7224731    
      211873  0.7306421    
      211874  0.7388114    
      211875  0.7469809    
      211876  0.7551506    
      211877  0.7633203    
      211878  0.7714902    
      211879  0.7796602    
      211880  0.7878301    
      211881  0.7959999    
      211882  0.8041697    
      211883  0.8123393    
      211884  0.8205089    
      211885  0.8286783    
      211886  0.8368474    
      211887  0.8450164    
      211888  0.8531849    
      211889  0.8613533    
      211890  0.8695211    
      211891  0.8776887    
      211892  0.8858558    
      211893  0.8940225    
      211894  0.9021887    
      211895  0.9103543    
      211896  0.9185194    
      211897  0.9266838    
      211898  0.9348477    
      211899  0.9430110    
      211900  0.9511735    
      211901  0.9593353    
