       85961   1.207038    
       85962   1.198970    
       85963   1.190903    
       85964   1.182837    
       85965   1.174772    
       85966   1.166707    
       85967   1.158644    
       85968   1.150582    
       85969   1.142522    
       85970   1.134463    
       85971   1.126406    
       85972   1.118350    
       85973   1.110296    
       85974   1.102244    
       85975   1.094195    
       85976   1.086147    
       85977   1.078102    
       85978   1.070059    
       85979   1.062019    
       85980   1.053981    
       85981   1.045947    
       85982   1.037916    
       85983   1.029888    
       85984   1.021864    
       85985   1.013844    
       85986   1.005827    
       85987  0.9978155    
       85988  0.9898082    
       85989  0.9818057    
       85990  0.9738084    
       85991  0.9658166    
       85992  0.9578308    
       85993  0.9498512    
       85994  0.9418781    
       85995  0.9339122    
       85996  0.9259537    
       85997  0.9180033    
       85998  0.9100614    
       85999  0.9021286    
       86000  0.8942056    
       86001  0.8862928    
       86002  0.8783911    
       86003  0.8705015    
       86004  0.8626245    
       86005  0.8547614    
       86006  0.8469130    
       86007  0.8390805    
       86008  0.8312651    
       86009  0.8234683    
       86010  0.8156914    
       86011  0.8079358    
       86012  0.8002037    
       86013  0.7924968    
       86014  0.7848175    
       86015  0.7771682    
       86016  0.7695519    
       86017  0.7619721    
       86018  0.7544327    
       86019  0.7469383    
       86020  0.7394942    
       86021  0.7321051    
       86022  0.7247741    
       86023  0.7175014    
       86024  0.7102854    
       86025  0.7031231    
       86026  0.6960114    
       86027  0.6889468    
       86028  0.6819249    
       86029  0.6749411    
       86030  0.6679912    
       86031  0.6610730    
       86032  0.6541864    
       86033  0.6473325    
       86034  0.6405144    
       86035  0.6337358    
       86036  0.6270009    
       86037  0.6203142    
       86038  0.6136802    
       86039  0.6071022    
       86040  0.6005814    
       86041  0.5941133    
       86042  0.5876827    
       86043  0.5812573    
       86044  0.5747836    
       86045  0.5681652    
       86046  0.5612540    
       86047  0.5539113    
       86048  0.5461597    
       86049  0.5381523    
       86050  0.5300082    
       86051  0.5217963    
       86052  0.5135523    
       86053  0.5052932    
       86054  0.4970270    
       86055  0.4887575    
       86056  0.4804863    
       86057  0.4722141    
       86058  0.4639413    
       86059  0.4556679    
       86060  0.4473940    
       86061  0.4391195    
       86062  0.4308444    
       86063  0.4225687    
       86064  0.4142925    
       86065  0.4060158    
       86066  0.3977386    
       86067  0.3894609    
       86068  0.3811827    
       86069  0.3729040    
       86070  0.3646249    
       86071  0.3563455    
       86072  0.3480659    
       86073  0.3397860    
       86074  0.3315060    
       86075  0.3232257    
       86076  0.3149454    
       86077  0.3066650    
       86078  0.2983845    
       86079  0.2901039    
       86080  0.2818232    
       86081  0.2735424    
       86082  0.2652615    
       86083  0.2569806    
       86084  0.2486996    
       86085  0.2404186    
       86086  0.2321374    
       86087  0.2238563    
       86088  0.2155751    
       86089  0.2072938    
       86090  0.1990125    
       86091  0.1907313    
       86092  0.1824500    
       86093  0.1741688    
       86094  0.1658877    
       86095  0.1576067    
       86096  0.1493260    
       86097  0.1410457    
       86098  0.1327659    
       86099  0.1244869    
       86100  0.1162089    
       86101  0.1079323    
       86102  9.9657506E-02
       86103  9.1385111E-02
       86104  8.3116069E-02
       86105  7.4851856E-02
       86106  6.6595100E-02
       86107  5.8350824E-02
       86108  5.0129622E-02
       86109  4.1955143E-02
       86110  3.3882730E-02
       86111  2.6046228E-02
       86112  1.8773172E-02
       86113  1.2861381E-02
       86114  1.0155987E-02
       86115  1.2860316E-02
       86116  1.8770555E-02
       86117  2.6041409E-02
       86118  3.3875003E-02
       86119  4.1943833E-02
       86120  5.0114129E-02
       86121  5.8330614E-02
       86122  6.6569798E-02
       86123  7.4821331E-02
       86124  8.3080418E-02
       86125  9.1344699E-02
       86126  9.9612877E-02
       86127  0.1078842    
       86128  0.1161581    
       86129  0.1244339    
       86130  0.1327113    
       86131  0.1409898    
       86132  0.1492691    
       86133  0.1575489    
       86134  0.1658291    
       86135  0.1741096    
       86136  0.1823902    
       86137  0.1906710    
       86138  0.1989518    
       86139  0.2072327    
       86140  0.2155135    
       86141  0.2237944    
       86142  0.2320753    
       86143  0.2403561    
       86144  0.2486368    
       86145  0.2569175    
       86146  0.2651982    
       86147  0.2734787    
       86148  0.2817591    
       86149  0.2900393    
       86150  0.2983194    
       86151  0.3065991    
       86152  0.3148784    
       86153  0.3231572    
       86154  0.3314351    
       86155  0.3397118    
       86156  0.3479869    
       86157  0.3562596    
       86158  0.3645293    
       86159  0.3727952    
       86160  0.3810569    
       86161  0.3893143    
       86162  0.3975675    
       86163  0.4058169    
       86164  0.4140622    
       86165  0.4223028    
       86166  0.4305358    
       86167  0.4387546    
       86168  0.4469442    
       86169  0.4550729    
       86170  0.4630765    
       86171  0.4708409    
       86172  0.4782194    
       86173  0.4851818    
       86174  0.4918504    
       86175  0.4983719    
       86176  0.5048450    
       86177  0.5113295    
       86178  0.5178631    
       86179  0.5244654    
       86180  0.5311443    
       86181  0.5379013    
       86182  0.5447353    
       86183  0.5516438    
       86184  0.5586239    
       86185  0.5656739    
       86186  0.5727926    
       86187  0.5799797    
       86188  0.5872373    
       86189  0.5945678    
       86190  0.6019696    
       86191  0.6094355    
       86192  0.6169565    
       86193  0.6245266    
       86194  0.6321412    
       86195  0.6397970    
       86196  0.6474904    
       86197  0.6552184    
       86198  0.6629779    
       86199  0.6707664    
       86200  0.6785812    
       86201  0.6864203    
       86202  0.6942815    
       86203  0.7021626    
       86204  0.7100620    
       86205  0.7179781    
       86206  0.7259095    
       86207  0.7338550    
       86208  0.7418134    
       86209  0.7497836    
       86210  0.7577647    
       86211  0.7657559    
       86212  0.7737563    
       86213  0.7817651    
       86214  0.7897817    
       86215  0.7978054    
       86216  0.8058358    
       86217  0.8138723    
       86218  0.8219143    
       86219  0.8299613    
       86220  0.8380128    
       86221  0.8460687    
       86222  0.8541284    
       86223  0.8621914    
       86224  0.8702573    
       86225  0.8783253    
       86226  0.8863939    
       86227  0.8944603    
       86228  0.9025178    
       86229  0.9105516    
       86230  0.9185282    
       86231  0.9263769    
       86232  0.9339663    
       86233  0.9411262    
       86234  0.9478312    
       86235  0.9542507    
       86236  0.9605462    
       86237  0.9668134    
       86238  0.9731038    
       86239  0.9794394    
       86240  0.9858266    
       86241  0.9922675    
       86242  0.9987625    
       86243   1.005311    
       86244   1.011913    
       86245   1.018568    
       86246   1.025275    
       86247   1.032034    
       86248   1.038845    
       86249   1.045708    
       86250   1.052621    
       86251   1.059586    
       86252   1.066601    
       86253   1.073667    
       86254   1.080784    
       86255   1.087953    
       86256   1.095176    
       86257   1.102450    
       86258   1.109771    
       86259   1.117133    
       86260   1.124528    
       86261   1.131952    
       86262   1.139400    
       86263   1.146863    
       86264   1.154334    
       86265   1.161800    
       86266   1.169243    
       86267   1.176640    
       86268   1.183955    
       86269   1.191134    
       86270   1.198104    
       86271   1.204761    
       86272   1.211011    
       86273   1.216840    
       86274   1.222339    
       86275   1.227639    
       86276   1.232858    
       86277   1.238088    
       86278   1.243398    
       86279   1.248826    
       86280   1.254389    
       86281   1.260098    
       86282   1.265954    
       86283   1.271949    
       86284   1.278074    
       86285   1.284318    
       86286   1.290676    
       86287   1.297139    
       86288   1.303700    
       86289   1.310352    
       86290   1.317089    
       86291   1.323909    
       86292   1.330807    
       86293   1.337784    
       86294   1.344836    
       86295   1.351962    
       86296   1.359165    
       86297   1.366446    
       86298   1.373808    
       86299   1.381253    
       86300   1.388772    
       86301   1.396358    
       86302   1.404002    
       86303   1.411699    
       86304   1.419444    
       86305   1.427233    
       86306   1.435062    
       86307   1.442927    
       86308   1.450824    
       86309   1.458750    
       86310   1.466700    
       86311   1.474673    
       86312   1.482666    
       86313   1.490677    
       86314   1.498703    
       86315   1.506744    
       86316   1.514798    
       86317   1.522863    
       86318   1.530939    
       86319   1.539023    
       86320   1.547117    
       86321   1.555218    
       86322   1.563325    
       86323   1.571439    
       86324   1.579558    
       86325   1.587682    
       86326   1.595810    
       86327   1.603942    
       86328   1.612075    
       86329   1.620209    
       86330   1.628343    
       86331   1.636474    
       86332   1.644599    
       86333   1.652713    
       86334   1.660810    
       86335   1.668878    
       86336   1.676905    
       86337   1.684867    
       86338   1.692738    
       86339   1.700483    
       86340   1.708062    
       86341   1.715429    
       86342   1.722544    
       86343   1.729391    
       86344   1.735997    
       86345   1.742423    
       86346   1.748734    
       86347   1.754979    
       86348   1.761191    
       86349   1.767385    
       86350   1.773569    
       86351   1.779748    
       86352   1.785925    
       86353   1.792104    
       86354   1.798290    
       86355   1.804491    
       86356   1.810718    
       86357   1.816985    
       86358   1.823305    
       86359   1.829690    
       86360   1.836146    
       86361   1.842681    
       86362   1.849298    
       86363   1.855999    
       86364   1.862781    
       86365   1.869644    
       86366   1.876585    
       86367   1.883600    
       86368   1.890684    
       86369   1.897836    
       86370   1.905056    
       86371   1.912343    
       86372   1.919699    
       86373   1.927125    
       86374   1.934618    
       86375   1.942175    
       86376   1.949789    
       86377   1.957455    
       86378   1.965170    
       86379   1.972931    
       86380   1.980733    
       86381   1.988575    
       86382   1.996451    
       86383   2.004359    
       86384   2.012295    
       86385   2.020256    
       86386   2.028239    
       86387   2.036242    
       86388   2.044263    
       86389   2.052299    
       86390   2.060349    
       86391   2.068408    
       86392   2.076473    
       86393   2.084530    
       86394   2.092550    
