       66361  0.9364963    
       66362  0.9284282    
       66363  0.9203609    
       66364  0.9122946    
       66365  0.9042293    
       66366  0.8961650    
       66367  0.8881019    
       66368  0.8800401    
       66369  0.8719797    
       66370  0.8639208    
       66371  0.8558635    
       66372  0.8478078    
       66373  0.8397540    
       66374  0.8317020    
       66375  0.8236520    
       66376  0.8156044    
       66377  0.8075591    
       66378  0.7995162    
       66379  0.7914760    
       66380  0.7834386    
       66381  0.7754043    
       66382  0.7673731    
       66383  0.7593454    
       66384  0.7513212    
       66385  0.7433009    
       66386  0.7352847    
       66387  0.7272727    
       66388  0.7192653    
       66389  0.7112628    
       66390  0.7032655    
       66391  0.6952738    
       66392  0.6872879    
       66393  0.6793082    
       66394  0.6713352    
       66395  0.6633692    
       66396  0.6554108    
       66397  0.6474602    
       66398  0.6395183    
       66399  0.6315854    
       66400  0.6236622    
       66401  0.6157494    
       66402  0.6078476    
       66403  0.5999578    
       66404  0.5920807    
       66405  0.5842173    
       66406  0.5763687    
       66407  0.5685359    
       66408  0.5607203    
       66409  0.5529232    
       66410  0.5451459    
       66411  0.5373900    
       66412  0.5296574    
       66413  0.5219499    
       66414  0.5142698    
       66415  0.5066198    
       66416  0.4990027    
       66417  0.4914218    
       66418  0.4838810    
       66419  0.4763851    
       66420  0.4689390    
       66421  0.4615474    
       66422  0.4542135    
       66423  0.4469371    
       66424  0.4397166    
       66425  0.4325489    
       66426  0.4254308    
       66427  0.4183582    
       66428  0.4113267    
       66429  0.4043304    
       66430  0.3973623    
       66431  0.3904113    
       66432  0.3834608    
       66433  0.3764865    
       66434  0.3694463    
       66435  0.3622727    
       66436  0.3548756    
       66437  0.3471912    
       66438  0.3392650    
       66439  0.3311827    
       66440  0.3230110    
       66441  0.3147898    
       66442  0.3065417    
       66443  0.2982794    
       66444  0.2900097    
       66445  0.2817361    
       66446  0.2734606    
       66447  0.2651842    
       66448  0.2569075    
       66449  0.2486306    
       66450  0.2403539    
       66451  0.2320773    
       66452  0.2238007    
       66453  0.2155242    
       66454  0.2072477    
       66455  0.1989711    
       66456  0.1906945    
       66457  0.1824178    
       66458  0.1741410    
       66459  0.1658642    
       66460  0.1575872    
       66461  0.1493101    
       66462  0.1410330    
       66463  0.1327561    
       66464  0.1244796    
       66465  0.1162038    
       66466  0.1079290    
       66467  9.9655710E-02
       66468  9.1384523E-02
       66469  8.3116382E-02
       66470  7.4852802E-02
       66471  6.6596463E-02
       66472  5.8352448E-02
       66473  5.0131381E-02
       66474  4.1956931E-02
       66475  3.3884458E-02
       66476  2.6047830E-02
       66477  1.8774591E-02
       66478  1.2862653E-02
       66479  1.0157404E-02
       66480  1.2862667E-02
       66481  1.8774629E-02
       66482  2.6047906E-02
       66483  3.3884596E-02
       66484  4.1957151E-02
       66485  5.0131738E-02
       66486  5.8353011E-02
       66487  6.6597335E-02
       66488  7.4854136E-02
       66489  8.3118372E-02
       66490  9.1387436E-02
       66491  9.9659845E-02
       66492  0.1079347    
       66493  0.1162113    
       66494  0.1244893    
       66495  0.1327683    
       66496  0.1410481    
       66497  0.1493284    
       66498  0.1576091    
       66499  0.1658900    
       66500  0.1741711    
       66501  0.1824524    
       66502  0.1907336    
       66503  0.1990149    
       66504  0.2072961    
       66505  0.2155773    
       66506  0.2238585    
       66507  0.2321396    
       66508  0.2404206    
       66509  0.2487015    
       66510  0.2569823    
       66511  0.2652628    
       66512  0.2735432    
       66513  0.2818232    
       66514  0.2901028    
       66515  0.2983817    
       66516  0.3066599    
       66517  0.3149373    
       66518  0.3232137    
       66519  0.3314892    
       66520  0.3397639    
       66521  0.3480378    
       66522  0.3563111    
       66523  0.3645841    
       66524  0.3728570    
       66525  0.3811300    
       66526  0.3894033    
       66527  0.3976772    
       66528  0.4059514    
       66529  0.4142258    
       66530  0.4225000    
       66531  0.4307730    
       66532  0.4390436    
       66533  0.4473098    
       66534  0.4555683    
       66535  0.4638130    
       66536  0.4720339    
       66537  0.4802136    
       66538  0.4883234    
       66539  0.4963157    
       66540  0.5041582    
       66541  0.5118824    
       66542  0.5195384    
       66543  0.5271651    
       66544  0.5347892    
       66545  0.5424271    
       66546  0.5500875    
       66547  0.5577745    
       66548  0.5654903    
       66549  0.5732348    
       66550  0.5810067    
       66551  0.5888038    
       66552  0.5966239    
       66553  0.6044646    
       66554  0.6123234    
       66555  0.6201979    
       66556  0.6280854    
       66557  0.6359829    
       66558  0.6438870    
       66559  0.6517941    
       66560  0.6597004    
       66561  0.6676016    
       66562  0.6754918    
       66563  0.6833620    
       66564  0.6911966    
       66565  0.6989648    
       66566  0.7066091    
       66567  0.7140285    
       66568  0.7210996    
       66569  0.7277828    
       66570  0.7341852    
       66571  0.7404419    
       66572  0.7466457    
       66573  0.7528521    
       66574  0.7590913    
       66575  0.7653809    
       66576  0.7717319    
       66577  0.7781513    
       66578  0.7846460    
       66579  0.7912208    
       66580  0.7978773    
       66581  0.8046150    
       66582  0.8114318    
       66583  0.8183243    
       66584  0.8252898    
       66585  0.8323254    
       66586  0.8394297    
       66587  0.8466024    
       66588  0.8538448    
       66589  0.8611584    
       66590  0.8685424    
       66591  0.8759905    
       66592  0.8834938    
       66593  0.8910456    
       66594  0.8986418    
       66595  0.9062791    
       66596  0.9139544    
       66597  0.9216649    
       66598  0.9294078    
       66599  0.9371808    
       66600  0.9449813    
       66601  0.9528069    
       66602  0.9606556    
       66603  0.9685254    
       66604  0.9764146    
       66605  0.9843216    
       66606  0.9922447    
       66607   1.000183    
       66608   1.008135    
       66609   1.016099    
       66610   1.024075    
       66611   1.032062    
       66612   1.040059    
       66613   1.048065    
       66614   1.056079    
       66615   1.064101    
       66616   1.072130    
       66617   1.080165    
       66618   1.088207    
       66619   1.096254    
       66620   1.104306    
       66621   1.112362    
       66622   1.120423    
       66623   1.128488    
       66624   1.136556    
       66625   1.144627    
       66626   1.152700    
       66627   1.160775    
       66628   1.168850    
       66629   1.176922    
       66630   1.184982    
       66631   1.193013    
       66632   1.200977    
       66633   1.208796    
       66634   1.216332    
       66635   1.223440    
       66636   1.230147    
       66637   1.236624    
       66638   1.243011    
       66639   1.249386    
       66640   1.255787    
       66641   1.262233    
       66642   1.268730    
       66643   1.275280    
       66644   1.281882    
       66645   1.288536    
       66646   1.295243    
       66647   1.302002    
       66648   1.308813    
       66649   1.315676    
       66650   1.322590    
       66651   1.329554    
       66652   1.336569    
       66653   1.343635    
       66654   1.350752    
       66655   1.357922    
       66656   1.365144    
       66657   1.372418    
       66658   1.379740    
       66659   1.387101    
       66660   1.394496    
       66661   1.401920    
       66662   1.409368    
       66663   1.416831    
       66664   1.424302    
       66665   1.431768    
       66666   1.439211    
       66667   1.446608    
       66668   1.453923    
       66669   1.461103    
       66670   1.468072    
       66671   1.474730    
       66672   1.480980    
       66673   1.486808    
       66674   1.492308    
       66675   1.497608    
       66676   1.502827    
       66677   1.508058    
       66678   1.513367    
       66679   1.518795    
       66680   1.524358    
       66681   1.530067    
       66682   1.535922    
       66683   1.541918    
       66684   1.548042    
       66685   1.554287    
       66686   1.560645    
       66687   1.567108    
       66688   1.573669    
       66689   1.580320    
       66690   1.587057    
       66691   1.593877    
       66692   1.600776    
       66693   1.607752    
       66694   1.614804    
       66695   1.621931    
       66696   1.629134    
       66697   1.636414    
       66698   1.643777    
       66699   1.651221    
       66700   1.658741    
       66701   1.666327    
       66702   1.673971    
       66703   1.681668    
       66704   1.689413    
       66705   1.697202    
       66706   1.705031    
       66707   1.712896    
       66708   1.720793    
       66709   1.728719    
       66710   1.736669    
       66711   1.744642    
       66712   1.752635    
       66713   1.760645    
       66714   1.768672    
       66715   1.776713    
       66716   1.784766    
       66717   1.792832    
       66718   1.800907    
       66719   1.808992    
       66720   1.817085    
       66721   1.825186    
       66722   1.833294    
       66723   1.841407    
       66724   1.849527    
       66725   1.857651    
       66726   1.865779    
       66727   1.873910    
       66728   1.882043    
       66729   1.890178    
       66730   1.898312    
       66731   1.906443    
       66732   1.914568    
       66733   1.922682    
       66734   1.930778    
       66735   1.938847    
       66736   1.946873    
       66737   1.954836    
       66738   1.962707    
       66739   1.970452    
       66740   1.978031    
       66741   1.985397    
       66742   1.992512    
       66743   1.999360    
       66744   2.005966    
       66745   2.012391    
       66746   2.018702    
       66747   2.024948    
       66748   2.031159    
       66749   2.037353    
       66750   2.043538    
       66751   2.049716    
       66752   2.055893    
       66753   2.062072    
       66754   2.068258    
       66755   2.074458    
       66756   2.080682    
       66757   2.086940    
       66758   2.093236    
       66759   2.099558    
