       89321   1.255183    
       89322   1.247115    
       89323   1.239048    
       89324   1.230982    
       89325   1.222917    
       89326   1.214852    
       89327   1.206789    
       89328   1.198728    
       89329   1.190667    
       89330   1.182608    
       89331   1.174551    
       89332   1.166496    
       89333   1.158442    
       89334   1.150390    
       89335   1.142340    
       89336   1.134292    
       89337   1.126247    
       89338   1.118204    
       89339   1.110164    
       89340   1.102127    
       89341   1.094092    
       89342   1.086061    
       89343   1.078033    
       89344   1.070009    
       89345   1.061989    
       89346   1.053973    
       89347   1.045961    
       89348   1.037954    
       89349   1.029951    
       89350   1.021954    
       89351   1.013962    
       89352   1.005976    
       89353  0.9979966    
       89354  0.9900236    
       89355  0.9820577    
       89356  0.9740993    
       89357  0.9661489    
       89358  0.9582070    
       89359  0.9502742    
       89360  0.9423510    
       89361  0.9344383    
       89362  0.9265367    
       89363  0.9186470    
       89364  0.9107700    
       89365  0.9029067    
       89366  0.8950584    
       89367  0.8872259    
       89368  0.8794106    
       89369  0.8716137    
       89370  0.8638368    
       89371  0.8560814    
       89372  0.8483492    
       89373  0.8406424    
       89374  0.8329631    
       89375  0.8253139    
       89376  0.8176978    
       89377  0.8101180    
       89378  0.8025786    
       89379  0.7950844    
       89380  0.7876403    
       89381  0.7802514    
       89382  0.7729206    
       89383  0.7656481    
       89384  0.7584321    
       89385  0.7512703    
       89386  0.7441591    
       89387  0.7370951    
       89388  0.7300738    
       89389  0.7230905    
       89390  0.7161412    
       89391  0.7092236    
       89392  0.7023375    
       89393  0.6954841    
       89394  0.6886665    
       89395  0.6818885    
       89396  0.6751541    
       89397  0.6684684    
       89398  0.6618356    
       89399  0.6552597    
       89400  0.6487427    
       89401  0.6422827    
       89402  0.6358715    
       89403  0.6294881    
       89404  0.6230937    
       89405  0.6166196    
       89406  0.6099507    
       89407  0.6029264    
       89408  0.5954413    
       89409  0.5875916    
       89410  0.5795348    
       89411  0.5713723    
       89412  0.5631576    
       89413  0.5549165    
       89414  0.5466617    
       89415  0.5383989    
       89416  0.5301312    
       89417  0.5218612    
       89418  0.5135899    
       89419  0.5053179    
       89420  0.4970452    
       89421  0.4887717    
       89422  0.4804977    
       89423  0.4722230    
       89424  0.4639478    
       89425  0.4556720    
       89426  0.4473956    
       89427  0.4391187    
       89428  0.4308413    
       89429  0.4225634    
       89430  0.4142850    
       89431  0.4060063    
       89432  0.3977273    
       89433  0.3894481    
       89434  0.3811687    
       89435  0.3728890    
       89436  0.3646093    
       89437  0.3563294    
       89438  0.3480494    
       89439  0.3397693    
       89440  0.3314891    
       89441  0.3232088    
       89442  0.3149284    
       89443  0.3066480    
       89444  0.2983674    
       89445  0.2900868    
       89446  0.2818061    
       89447  0.2735254    
       89448  0.2652445    
       89449  0.2569636    
       89450  0.2486826    
       89451  0.2404016    
       89452  0.2321205    
       89453  0.2238393    
       89454  0.2155581    
       89455  0.2072769    
       89456  0.1989956    
       89457  0.1907144    
       89458  0.1824332    
       89459  0.1741520    
       89460  0.1658709    
       89461  0.1575900    
       89462  0.1493093    
       89463  0.1410290    
       89464  0.1327493    
       89465  0.1244703    
       89466  0.1161924    
       89467  0.1079158    
       89468  9.9641122E-02
       89469  9.1368854E-02
       89470  8.3099976E-02
       89471  7.4836031E-02
       89472  6.6579625E-02
       89473  5.8335874E-02
       89474  5.0115429E-02
       89475  4.1942015E-02
       89476  3.3871084E-02
       89477  2.6036486E-02
       89478  1.8765621E-02
       89479  1.2855914E-02
       89480  1.0151578E-02
       89481  1.2854842E-02
       89482  1.8763021E-02
       89483  2.6031844E-02
       89484  3.3863999E-02
       89485  4.1932300E-02
       89486  5.0103143E-02
       89487  5.8321327E-02
       89488  6.6563264E-02
       89489  7.4818328E-02
       89490  8.3081342E-02
       89491  9.1349542E-02
       89492  9.9621333E-02
       89493  0.1078957    
       89494  0.1161720    
       89495  0.1244498    
       89496  0.1327286    
       89497  0.1410082    
       89498  0.1492883    
       89499  0.1575689    
       89500  0.1658497    
       89501  0.1741306    
       89502  0.1824117    
       89503  0.1906928    
       89504  0.1989740    
       89505  0.2072551    
       89506  0.2155362    
       89507  0.2238172    
       89508  0.2320981    
       89509  0.2403788    
       89510  0.2486593    
       89511  0.2569396    
       89512  0.2652194    
       89513  0.2734987    
       89514  0.2817772    
       89515  0.2900545    
       89516  0.2983302    
       89517  0.3066035    
       89518  0.3148739    
       89519  0.3231405    
       89520  0.3314031    
       89521  0.3396615    
       89522  0.3479160    
       89523  0.3561670    
       89524  0.3644145    
       89525  0.3726582    
       89526  0.3808966    
       89527  0.3891258    
       89528  0.3973363    
       89529  0.4055082    
       89530  0.4136004    
       89531  0.4215360    
       89532  0.4291875    
       89533  0.4364371    
       89534  0.4433165    
       89535  0.4499704    
       89536  0.4565222    
       89537  0.4630536    
       89538  0.4696140    
       89539  0.4762326    
       89540  0.4829223    
       89541  0.4896877    
       89542  0.4965290    
       89543  0.5034442    
       89544  0.5104307    
       89545  0.5174869    
       89546  0.5246115    
       89547  0.5318044    
       89548  0.5390676    
       89549  0.5464035    
       89550  0.5538105    
       89551  0.5612807    
       89552  0.5688056    
       89553  0.5763794    
       89554  0.5839978    
       89555  0.5916572    
       89556  0.5993542    
       89557  0.6070857    
       89558  0.6148486    
       89559  0.6226401    
       89560  0.6304578    
       89561  0.6382992    
       89562  0.6461622    
       89563  0.6540447    
       89564  0.6619451    
       89565  0.6698619    
       89566  0.6777936    
       89567  0.6857389    
       89568  0.6936967    
       89569  0.7016662    
       89570  0.7096462    
       89571  0.7176361    
       89572  0.7256349    
       89573  0.7336420    
       89574  0.7416567    
       89575  0.7496784    
       89576  0.7577065    
       89577  0.7657406    
       89578  0.7737802    
       89579  0.7818247    
       89580  0.7898738    
       89581  0.7979271    
       89582  0.8059843    
       89583  0.8140447    
       89584  0.8221080    
       89585  0.8301734    
       89586  0.8382393    
       89587  0.8463032    
       89588  0.8543580    
       89589  0.8623890    
       89590  0.8703622    
       89591  0.8782066    
       89592  0.8857898    
       89593  0.8929423    
       89594  0.8996411    
       89595  0.9060569    
       89596  0.9123504    
       89597  0.9186168    
       89598  0.9249068    
       89599  0.9312425    
       89600  0.9376297    
       89601  0.9440706    
       89602  0.9505657    
       89603  0.9571146    
       89604  0.9637165    
       89605  0.9703711    
       89606  0.9770781    
       89607  0.9838372    
       89608  0.9906483    
       89609  0.9975111    
       89610   1.004425    
       89611   1.011389    
       89612   1.018404    
       89613   1.025470    
       89614   1.032587    
       89615   1.039757    
       89616   1.046979    
       89617   1.054254    
       89618   1.061575    
       89619   1.068936    
       89620   1.076332    
       89621   1.083756    
       89622   1.091203    
       89623   1.098667    
       89624   1.106138    
       89625   1.113604    
       89626   1.121047    
       89627   1.128444    
       89628   1.135759    
       89629   1.142938    
       89630   1.149908    
       89631   1.156565    
       89632   1.162815    
       89633   1.168643    
       89634   1.174143    
       89635   1.179443    
       89636   1.184662    
       89637   1.189893    
       89638   1.195202    
       89639   1.200630    
       89640   1.206193    
       89641   1.211902    
       89642   1.217757    
       89643   1.223753    
       89644   1.229877    
       89645   1.236122    
       89646   1.242480    
       89647   1.248943    
       89648   1.255504    
       89649   1.262156    
       89650   1.268893    
       89651   1.275713    
       89652   1.282612    
       89653   1.289588    
       89654   1.296640    
       89655   1.303767    
       89656   1.310969    
       89657   1.318250    
       89658   1.325612    
       89659   1.333057    
       89660   1.340577    
       89661   1.348163    
       89662   1.355806    
       89663   1.363503    
       89664   1.371248    
       89665   1.379037    
       89666   1.386866    
       89667   1.394731    
       89668   1.402628    
       89669   1.410554    
       89670   1.418504    
       89671   1.426477    
       89672   1.434470    
       89673   1.442481    
       89674   1.450507    
       89675   1.458548    
       89676   1.466602    
       89677   1.474667    
       89678   1.482743    
       89679   1.490828    
       89680   1.498921    
       89681   1.507022    
       89682   1.515130    
       89683   1.523243    
       89684   1.531363    
       89685   1.539487    
       89686   1.547615    
       89687   1.555746    
       89688   1.563879    
       89689   1.572014    
       89690   1.580148    
       89691   1.588279    
       89692   1.596403    
       89693   1.604517    
       89694   1.612614    
       89695   1.620683    
       89696   1.628709    
       89697   1.636672    
       89698   1.644542    
       89699   1.652287    
       89700   1.659866    
       89701   1.667233    
       89702   1.674348    
       89703   1.681195    
       89704   1.687801    
       89705   1.694227    
       89706   1.700537    
       89707   1.706783    
       89708   1.712995    
       89709   1.719189    
       89710   1.725373    
       89711   1.731552    
       89712   1.737729    
       89713   1.743907    
       89714   1.750094    
       89715   1.756295    
       89716   1.762522    
       89717   1.768789    
       89718   1.775109    
       89719   1.781494    
       89720   1.787950    
       89721   1.794485    
       89722   1.801102    
       89723   1.807802    
       89724   1.814584    
       89725   1.821448    
       89726   1.828389    
       89727   1.835403    
       89728   1.842488    
       89729   1.849640    
       89730   1.856859    
       89731   1.864147    
       89732   1.871503    
       89733   1.878929    
       89734   1.886422    
       89735   1.893979    
       89736   1.901593    
       89737   1.909259    
       89738   1.916974    
       89739   1.924735    
       89740   1.932537    
       89741   1.940379    
       89742   1.948255    
       89743   1.956163    
       89744   1.964099    
       89745   1.972060    
       89746   1.980043    
       89747   1.988046    
       89748   1.996067    
       89749   2.004104    
       89750   2.012155    
       89751   2.020218    
       89752   2.028293    
       89753   2.036379    
       89754   2.044474    
       89755   2.052577    
       89756   2.060687    
       89757   2.068801    
       89758   2.076915    
       89759   2.085017    
       89760   2.093076    
