      249085   2.098698    
      249086   2.090700    
      249087   2.082708    
      249088   2.074724    
      249089   2.066750    
      249090   2.058785    
      249091   2.050833    
      249092   2.042895    
      249093   2.034972    
      249094   2.027065    
      249095   2.019177    
      249096   2.011310    
      249097   2.003465    
      249098   1.995645    
      249099   1.987854    
      249100   1.980094    
      249101   1.972368    
      249102   1.964682    
      249103   1.957040    
      249104   1.949449    
      249105   1.941918    
      249106   1.934453    
      249107   1.927065    
      249108   1.919759    
      249109   1.912539    
      249110   1.905408    
      249111   1.898372    
      249112   1.891436    
      249113   1.884604    
      249114   1.877882    
      249115   1.871271    
      249116   1.864770    
      249117   1.858374    
      249118   1.852079    
      249119   1.845879    
      249120   1.839767    
      249121   1.833735    
      249122   1.827775    
      249123   1.821877    
      249124   1.816033    
      249125   1.810222    
      249126   1.804401    
      249127   1.798484    
      249128   1.792326    
      249129   1.785758    
      249130   1.778748    
      249131   1.771420    
      249132   1.763913    
      249133   1.756310    
      249134   1.748658    
      249135   1.740980    
      249136   1.733292    
      249137   1.725602    
      249138   1.717916    
      249139   1.710240    
      249140   1.702578    
      249141   1.694933    
      249142   1.687308    
      249143   1.679708    
      249144   1.672134    
      249145   1.664591    
      249146   1.657081    
      249147   1.649610    
      249148   1.642181    
      249149   1.634800    
      249150   1.627471    
      249151   1.620198    
      249152   1.612984    
      249153   1.605828    
      249154   1.598734    
      249155   1.591705    
      249156   1.584745    
      249157   1.577857    
      249158   1.571044    
      249159   1.564312    
      249160   1.557662    
      249161   1.551098    
      249162   1.544620    
      249163   1.538225    
      249164   1.531906    
      249165   1.525643    
      249166   1.519387    
      249167   1.513043    
      249168   1.506443    
      249169   1.499377    
      249170   1.491821    
      249171   1.483946    
      249172   1.475909    
      249173   1.467796    
      249174   1.459649    
      249175   1.451489    
      249176   1.443323    
      249177   1.435155    
      249178   1.426987    
      249179   1.418819    
      249180   1.410652    
      249181   1.402486    
      249182   1.394322    
      249183   1.386159    
      249184   1.377998    
      249185   1.369838    
      249186   1.361680    
      249187   1.353524    
      249188   1.345371    
      249189   1.337220    
      249190   1.329072    
      249191   1.320927    
      249192   1.312786    
      249193   1.304648    
      249194   1.296514    
      249195   1.288385    
      249196   1.280261    
      249197   1.272142    
      249198   1.264030    
      249199   1.255923    
      249200   1.247824    
      249201   1.239733    
      249202   1.231650    
      249203   1.223577    
      249204   1.215516    
      249205   1.207465    
      249206   1.199429    
      249207   1.191407    
      249208   1.183401    
      249209   1.175414    
      249210   1.167448    
      249211   1.159504    
      249212   1.151587    
      249213   1.143700    
      249214   1.135845    
      249215   1.128028    
      249216   1.120251    
      249217   1.112520    
      249218   1.104838    
      249219   1.097209    
      249220   1.089636    
      249221   1.082121    
      249222   1.074666    
      249223   1.067272    
      249224   1.059940    
      249225   1.052670    
      249226   1.045467    
      249227   1.038332    
      249228   1.031273    
      249229   1.024297    
      249230   1.017413    
      249231   1.010633    
      249232   1.003969    
      249233  0.9974345    
      249234  0.9910396    
      249235  0.9847890    
      249236  0.9786780    
      249237  0.9726958    
      249238  0.9668227    
      249239  0.9610314    
      249240  0.9552854    
      249241  0.9495361    
      249242  0.9437178    
      249243  0.9377396    
      249244  0.9314864    
      249245  0.9248441    
      249246  0.9177791    
      249247  0.9103566    
      249248  0.9026818    
      249249  0.8948431    
      249250  0.8868980    
      249251  0.8788813    
      249252  0.8708135    
      249253  0.8627076    
      249254  0.8545725    
      249255  0.8464159    
      249256  0.8382439    
      249257  0.8300616    
      249258  0.8218726    
      249259  0.8136793    
      249260  0.8054836    
      249261  0.7972866    
      249262  0.7890896    
      249263  0.7808928    
      249264  0.7726971    
      249265  0.7645026    
      249266  0.7563099    
      249267  0.7481193    
      249268  0.7399311    
      249269  0.7317457    
      249270  0.7235634    
      249271  0.7153845    
      249272  0.7072096    
      249273  0.6990390    
      249274  0.6908736    
      249275  0.6827136    
      249276  0.6745600    
      249277  0.6664134    
      249278  0.6582750    
      249279  0.6501458    
      249280  0.6420270    
      249281  0.6339203    
      249282  0.6258273    
      249283  0.6177504    
      249284  0.6096920    
      249285  0.6016553    
      249286  0.5936441    
      249287  0.5856630    
      249288  0.5777178    
      249289  0.5698155    
      249290  0.5619650    
      249291  0.5541772    
      249292  0.5464651    
      249293  0.5388430    
      249294  0.5313263    
      249295  0.5239295    
      249296  0.5166647    
      249297  0.5095414    
      249298  0.5025665    
      249299  0.4957419    
      249300  0.4890639    
      249301  0.4825239    
      249302  0.4761099    
      249303  0.4698057    
      249304  0.4635935    
      249305  0.4574560    
      249306  0.4513794    
      249307  0.4453538    
      249308  0.4393743    
      249309  0.4334391    
      249310  0.4275494    
      249311  0.4217079    
      249312  0.4159189    
      249313  0.4101869    
      249314  0.4045144    
      249315  0.3988960    
      249316  0.3933102    
      249317  0.3877034    
      249318  0.3819733    
      249319  0.3759587    
      249320  0.3694484    
      249321  0.3623459    
      249322  0.3547867    
      249323  0.3469537    
      249324  0.3389706    
      249325  0.3309016    
      249326  0.3227780    
      249327  0.3146166    
      249328  0.3064270    
      249329  0.2982154    
      249330  0.2899864    
      249331  0.2817432    
      249332  0.2734889    
      249333  0.2652262    
      249334  0.2569577    
      249335  0.2486851    
      249336  0.2404096    
      249337  0.2321323    
      249338  0.2238536    
      249339  0.2155741    
      249340  0.2072940    
      249341  0.1990135    
      249342  0.1907327    
      249343  0.1824517    
      249344  0.1741707    
      249345  0.1658898    
      249346  0.1576089    
      249347  0.1493283    
      249348  0.1410480    
      249349  0.1327683    
      249350  0.1244893    
      249351  0.1162113    
      249352  0.1079347    
      249353  9.9659860E-02
      249354  9.1387466E-02
      249355  8.3118409E-02
      249356  7.4854165E-02
      249357  6.6597372E-02
      249358  5.8353044E-02
      249359  5.0131764E-02
      249360  4.1957177E-02
      249361  3.3884622E-02
      249362  2.6047930E-02
      249363  1.8774647E-02
      249364  1.2862684E-02
      249365  1.0157422E-02
      249366  1.2862682E-02
      249367  1.8774645E-02
      249368  2.6047925E-02
      249369  3.3884618E-02
      249370  4.1957177E-02
      249371  5.0131768E-02
      249372  5.8353044E-02
      249373  6.6597372E-02
      249374  7.4854173E-02
      249375  8.3118409E-02
      249376  9.1387480E-02
      249377  9.9659875E-02
      249378  0.1079347    
      249379  0.1162113    
      249380  0.1244893    
      249381  0.1327684    
      249382  0.1410481    
      249383  0.1493285    
      249384  0.1576092    
      249385  0.1658901    
      249386  0.1741712    
      249387  0.1824525    
      249388  0.1907337    
      249389  0.1990150    
      249390  0.2072963    
      249391  0.2155775    
      249392  0.2238588    
      249393  0.2321400    
      249394  0.2404211    
      249395  0.2487021    
      249396  0.2569832    
      249397  0.2652641    
      249398  0.2735450    
      249399  0.2818258    
      249400  0.2901065    
      249401  0.2983871    
      249402  0.3066677    
      249403  0.3149481    
      249404  0.3232285    
      249405  0.3315089    
      249406  0.3397891    
      249407  0.3480693    
      249408  0.3563493    
      249409  0.3646292    
      249410  0.3729090    
      249411  0.3811887    
      249412  0.3894683    
      249413  0.3977478    
      249414  0.4060272    
      249415  0.4143064    
      249416  0.4225855    
      249417  0.4308645    
      249418  0.4391433    
      249419  0.4474220    
      249420  0.4557006    
      249421  0.4639790    
