      104441   1.458141    
      104442   1.450072    
      104443   1.442004    
      104444   1.433937    
      104445   1.425871    
      104446   1.417806    
      104447   1.409741    
      104448   1.401678    
      104449   1.393617    
      104450   1.385556    
      104451   1.377498    
      104452   1.369440    
      104453   1.361385    
      104454   1.353331    
      104455   1.345280    
      104456   1.337230    
      104457   1.329183    
      104458   1.321138    
      104459   1.313096    
      104460   1.305057    
      104461   1.297020    
      104462   1.288986    
      104463   1.280956    
      104464   1.272929    
      104465   1.264906    
      104466   1.256887    
      104467   1.248873    
      104468   1.240862    
      104469   1.232857    
      104470   1.224856    
      104471   1.216861    
      104472   1.208871    
      104473   1.200888    
      104474   1.192911    
      104475   1.184941    
      104476   1.176978    
      104477   1.169023    
      104478   1.161077    
      104479   1.153139    
      104480   1.145211    
      104481   1.137293    
      104482   1.129386    
      104483   1.121491    
      104484   1.113608    
      104485   1.105739    
      104486   1.097885    
      104487   1.090046    
      104488   1.082224    
      104489   1.074421    
      104490   1.066637    
      104491   1.058874    
      104492   1.051135    
      104493   1.043421    
      104494   1.035735    
      104495   1.028079    
      104496   1.020456    
      104497   1.012870    
      104498   1.005324    
      104499  0.9978238    
      104500  0.9903747    
      104501  0.9829816    
      104502  0.9756478    
      104503  0.9683738    
      104504  0.9611579    
      104505  0.9539974    
      104506  0.9468888    
      104507  0.9398289    
      104508  0.9328128    
      104509  0.9258356    
      104510  0.9188929    
      104511  0.9119818    
      104512  0.9051018    
      104513  0.8982540    
      104514  0.8914416    
      104515  0.8846685    
      104516  0.8779392    
      104517  0.8712589    
      104518  0.8646324    
      104519  0.8580639    
      104520  0.8515567    
      104521  0.8451117    
      104522  0.8387278    
      104523  0.8324025    
      104524  0.8261324    
      104525  0.8199108    
      104526  0.8137268    
      104527  0.8075628    
      104528  0.8013849    
      104529  0.7951313    
      104530  0.7886976    
      104531  0.7819257    
      104532  0.7746885    
      104533  0.7670588    
      104534  0.7592012    
      104535  0.7512317    
      104536  0.7432105    
      104537  0.7351657    
      104538  0.7271100    
      104539  0.7190491    
      104540  0.7109856    
      104541  0.7029210    
      104542  0.6948562    
      104543  0.6867917    
      104544  0.6787281    
      104545  0.6706660    
      104546  0.6626055    
      104547  0.6545473    
      104548  0.6464917    
      104549  0.6384391    
      104550  0.6303899    
      104551  0.6223446    
      104552  0.6143036    
      104553  0.6062671    
      104554  0.5982357    
      104555  0.5902098    
      104556  0.5821898    
      104557  0.5741761    
      104558  0.5661691    
      104559  0.5581695    
      104560  0.5501777    
      104561  0.5421940    
      104562  0.5342190    
      104563  0.5262532    
      104564  0.5182964    
      104565  0.5103481    
      104566  0.5024076    
      104567  0.4944735    
      104568  0.4865438    
      104569  0.4786147    
      104570  0.4706807    
      104571  0.4627326    
      104572  0.4547576    
      104573  0.4467382    
      104574  0.4386556    
      104575  0.4305070    
      104576  0.4223134    
      104577  0.4140919    
      104578  0.4058521    
      104579  0.3976000    
      104580  0.3893394    
      104581  0.3810731    
      104582  0.3728027    
      104583  0.3645296    
      104584  0.3562545    
      104585  0.3479781    
      104586  0.3397007    
      104587  0.3314227    
      104588  0.3231441    
      104589  0.3148653    
      104590  0.3065863    
      104591  0.2983072    
      104592  0.2900282    
      104593  0.2817492    
      104594  0.2734706    
      104595  0.2651923    
      104596  0.2569146    
      104597  0.2486375    
      104598  0.2403610    
      104599  0.2320852    
      104600  0.2238099    
      104601  0.2155349    
      104602  0.2072601    
      104603  0.1989853    
      104604  0.1907101    
      104605  0.1824344    
      104606  0.1741579    
      104607  0.1658806    
      104608  0.1576025    
      104609  0.1493239    
      104610  0.1410449    
      104611  0.1327661    
      104612  0.1244878    
      104613  0.1162102    
      104614  0.1079338    
      104615  9.9659212E-02
      104616  9.1386937E-02
      104617  8.3117962E-02
      104618  7.4853793E-02
      104619  6.6597030E-02
      104620  5.8352739E-02
      104621  5.0131489E-02
      104622  4.1956924E-02
      104623  3.3884384E-02
      104624  2.6047720E-02
      104625  1.8774468E-02
      104626  1.2862525E-02
      104627  1.0157244E-02
      104628  1.2862382E-02
      104629  1.8774107E-02
      104630  2.6047016E-02
      104631  3.3883147E-02
      104632  4.1954864E-02
      104633  5.0128192E-02
      104634  5.8347568E-02
      104635  6.6589043E-02
      104636  7.4841611E-02
      104637  8.3099656E-02
      104638  9.1359824E-02
      104639  9.9620052E-02
      104640  0.1078791    
      104641  0.1161363    
      104642  0.1243915    
      104643  0.1326449    
      104644  0.1408966    
      104645  0.1491472    
      104646  0.1573968    
      104647  0.1656458    
      104648  0.1738943    
      104649  0.1821424    
      104650  0.1903898    
      104651  0.1986357    
      104652  0.2068782    
      104653  0.2151131    
      104654  0.2233313    
      104655  0.2315160    
      104656  0.2396360    
      104657  0.2476388    
      104658  0.2554436    
      104659  0.2629763    
      104660  0.2702611    
      104661  0.2773931    
      104662  0.2844599    
      104663  0.2915174    
      104664  0.2985980    
      104665  0.3057198    
      104666  0.3128944    
      104667  0.3201281    
      104668  0.3274255    
      104669  0.3347886    
      104670  0.3422151    
      104671  0.3496976    
      104672  0.3572291    
      104673  0.3648049    
      104674  0.3724217    
      104675  0.3800766    
      104676  0.3877670    
      104677  0.3954900    
      104678  0.4032432    
      104679  0.4110242    
      104680  0.4188308    
      104681  0.4266609    
      104682  0.4345127    
      104683  0.4423843    
      104684  0.4502742    
      104685  0.4581807    
      104686  0.4661026    
      104687  0.4740388    
      104688  0.4819881    
      104689  0.4899495    
      104690  0.4979220    
      104691  0.5059048    
      104692  0.5138972    
      104693  0.5218984    
      104694  0.5299076    
      104695  0.5379243    
      104696  0.5459480    
      104697  0.5539779    
      104698  0.5620137    
      104699  0.5700548    
      104700  0.5781008    
      104701  0.5861514    
      104702  0.5942060    
      104703  0.6022642    
      104704  0.6103255    
      104705  0.6183892    
      104706  0.6264539    
      104707  0.6345165    
      104708  0.6425705    
      104709  0.6506010    
      104710  0.6585748    
      104711  0.6664215    
      104712  0.6740099    
      104713  0.6811701    
      104714  0.6878756    
      104715  0.6942955    
      104716  0.7005913    
      104717  0.7068590    
      104718  0.7131498    
      104719  0.7194859    
      104720  0.7258735    
      104721  0.7323147    
      104722  0.7388101    
      104723  0.7453593    
      104724  0.7519616    
      104725  0.7586166    
      104726  0.7653239    
      104727  0.7720832    
      104728  0.7788945    
      104729  0.7857575    
      104730  0.7926717    
      104731  0.7996364    
      104732  0.8066515    
      104733  0.8137174    
      104734  0.8208347    
      104735  0.8280043    
      104736  0.8352269    
      104737  0.8425012    
      104738  0.8498225    
      104739  0.8571841    
      104740  0.8645797    
      104741  0.8720042    
      104742  0.8794516    
      104743  0.8869154    
      104744  0.8943864    
      104745  0.9018521    
      104746  0.9092956    
      104747  0.9166925    
      104748  0.9240070    
      104749  0.9311869    
      104750  0.9381559    
      104751  0.9448133    
      104752  0.9510627    
      104753  0.9568908    
      104754  0.9623903    
      104755  0.9676905    
      104756  0.9729090    
      104757  0.9781398    
      104758  0.9834496    
      104759  0.9888769    
      104760  0.9944407    
      104761   1.000150    
      104762   1.006005    
      104763   1.012001    
      104764   1.018125    
      104765   1.024370    
      104766   1.030728    
      104767   1.037191    
      104768   1.043752    
      104769   1.050404    
      104770   1.057141    
      104771   1.063961    
      104772   1.070859    
      104773   1.077836    
      104774   1.084888    
      104775   1.092015    
      104776   1.099217    
      104777   1.106498    
      104778   1.113860    
      104779   1.121305    
      104780   1.128824    
      104781   1.136410    
      104782   1.144054    
      104783   1.151751    
      104784   1.159496    
      104785   1.167285    
      104786   1.175115    
      104787   1.182980    
      104788   1.190876    
      104789   1.198802    
      104790   1.206752    
      104791   1.214725    
      104792   1.222718    
      104793   1.230729    
      104794   1.238755    
      104795   1.246796    
      104796   1.254850    
      104797   1.262915    
      104798   1.270990    
      104799   1.279075    
      104800   1.287169    
      104801   1.295269    
      104802   1.303377    
      104803   1.311491    
      104804   1.319611    
      104805   1.327735    
      104806   1.335863    
      104807   1.343994    
      104808   1.352127    
      104809   1.360262    
      104810   1.368396    
      104811   1.376527    
      104812   1.384651    
      104813   1.392766    
      104814   1.400862    
      104815   1.408931    
      104816   1.416957    
      104817   1.424920    
      104818   1.432791    
      104819   1.440536    
      104820   1.448115    
      104821   1.455481    
      104822   1.462596    
      104823   1.469443    
      104824   1.476049    
      104825   1.482474    
      104826   1.488785    
      104827   1.495031    
      104828   1.501243    
      104829   1.507437    
      104830   1.513621    
      104831   1.519799    
      104832   1.525976    
      104833   1.532155    
      104834   1.538341    
      104835   1.544543    
      104836   1.550770    
      104837   1.557036    
      104838   1.563357    
      104839   1.569741    
      104840   1.576198    
      104841   1.582733    
      104842   1.589350    
      104843   1.596050    
      104844   1.602833    
      104845   1.609696    
      104846   1.616637    
      104847   1.623651    
      104848   1.630736    
      104849   1.637888    
      104850   1.645107    
      104851   1.652395    
      104852   1.659751    
      104853   1.667177    
      104854   1.674670    
      104855   1.682227    
      104856   1.689841    
      104857   1.697507    
      104858   1.705222    
      104859   1.712983    
      104860   1.720785    
      104861   1.728627    
      104862   1.736503    
      104863   1.744411    
      104864   1.752347    
      104865   1.760308    
      104866   1.768291    
      104867   1.776294    
      104868   1.784315    
      104869   1.792352    
      104870   1.800403    
      104871   1.808467    
      104872   1.816542    
      104873   1.824628    
      104874   1.832723    
      104875   1.840826    
      104876   1.848938    
      104877   1.857056    
      104878   1.865180    
      104879   1.873311    
      104880   1.881446    
      104881   1.889587    
      104882   1.897732    
      104883   1.905881    
      104884   1.914034    
      104885   1.922190    
      104886   1.930349    
      104887   1.938512    
      104888   1.946676    
      104889   1.954844    
      104890   1.963013    
      104891   1.971185    
      104892   1.979358    
      104893   1.987533    
      104894   1.995710    
      104895   2.003888    
      104896   2.012068    
      104897   2.020248    
      104898   2.028430    
      104899   2.036613    
      104900   2.044796    
      104901   2.052980    
      104902   2.061165    
      104903   2.069350    
      104904   2.077532    
      104905   2.085709    
      104906   2.093868    
      104907   2.101979    
