      224962   2.092412    
      224963   2.084448    
      224964   2.076495    
      224965   2.068553    
      224966   2.060623    
      224967   2.052707    
      224968   2.044806    
      224969   2.036920    
      224970   2.029051    
      224971   2.021202    
      224972   2.013372    
      224973   2.005565    
      224974   1.997783    
      224975   1.990027    
      224976   1.982301    
      224977   1.974607    
      224978   1.966949    
      224979   1.959330    
      224980   1.951757    
      224981   1.944234    
      224982   1.936768    
      224983   1.929364    
      224984   1.922027    
      224985   1.914756    
      224986   1.907550    
      224987   1.900405    
      224988   1.893313    
      224989   1.886255    
      224990   1.879197    
      224991   1.872077    
      224992   1.864804    
      224993   1.857298    
      224994   1.849567    
      224995   1.841693    
      224996   1.833742    
      224997   1.825755    
      224998   1.817749    
      224999   1.809736    
      225000   1.801720    
      225001   1.793703    
      225002   1.785689    
      225003   1.777677    
      225004   1.769668    
      225005   1.761665    
      225006   1.753666    
      225007   1.745675    
      225008   1.737691    
      225009   1.729717    
      225010   1.721753    
      225011   1.713801    
      225012   1.705863    
      225013   1.697939    
      225014   1.690033    
      225015   1.682145    
      225016   1.674277    
      225017   1.666432    
      225018   1.658613    
      225019   1.650821    
      225020   1.643061    
      225021   1.635336    
      225022   1.627649    
      225023   1.620008    
      225024   1.612417    
      225025   1.604885    
      225026   1.597421    
      225027   1.590033    
      225028   1.582727    
      225029   1.575507    
      225030   1.568376    
      225031   1.561340    
      225032   1.554403    
      225033   1.547572    
      225034   1.540850    
      225035   1.534239    
      225036   1.527738    
      225037   1.521342    
      225038   1.515046    
      225039   1.508846    
      225040   1.502735    
      225041   1.496703    
      225042   1.490742    
      225043   1.484844    
      225044   1.479000    
      225045   1.473188    
      225046   1.467368    
      225047   1.461450    
      225048   1.455293    
      225049   1.448726    
      225050   1.441715    
      225051   1.434388    
      225052   1.426881    
      225053   1.419278    
      225054   1.411626    
      225055   1.403949    
      225056   1.396260    
      225057   1.388570    
      225058   1.380885    
      225059   1.373209    
      225060   1.365546    
      225061   1.357901    
      225062   1.350277    
      225063   1.342676    
      225064   1.335102    
      225065   1.327559    
      225066   1.320049    
      225067   1.312578    
      225068   1.305149    
      225069   1.297768    
      225070   1.290440    
      225071   1.283167    
      225072   1.275952    
      225073   1.268796    
      225074   1.261702    
      225075   1.254673    
      225076   1.247713    
      225077   1.240824    
      225078   1.234012    
      225079   1.227279    
      225080   1.220630    
      225081   1.214067    
      225082   1.207591    
      225083   1.201202    
      225084   1.194899    
      225085   1.188681    
      225086   1.182534    
      225087   1.176425    
      225088   1.170280    
      225089   1.163965    
      225090   1.157265    
      225091   1.150009    
      225092   1.142308    
      225093   1.134361    
      225094   1.126297    
      225095   1.118179    
      225096   1.110040    
      225097   1.101892    
      225098   1.093742    
      225099   1.085590    
      225100   1.077440    
      225101   1.069290    
      225102   1.061142    
      225103   1.052996    
      225104   1.044852    
      225105   1.036710    
      225106   1.028570    
      225107   1.020433    
      225108   1.012299    
      225109   1.004168    
      225110  0.9960402    
      225111  0.9879164    
      225112  0.9797966    
      225113  0.9716814    
      225114  0.9635710    
      225115  0.9554660    
      225116  0.9473669    
      225117  0.9392742    
      225118  0.9311886    
      225119  0.9231105    
      225120  0.9150409    
      225121  0.9069804    
      225122  0.8989300    
      225123  0.8908908    
      225124  0.8828639    
      225125  0.8748503    
      225126  0.8668516    
      225127  0.8588692    
      225128  0.8509051    
      225129  0.8429608    
      225130  0.8350385    
      225131  0.8271407    
      225132  0.8192697    
      225133  0.8114284    
      225134  0.8036196    
      225135  0.7958463    
      225136  0.7881115    
      225137  0.7804184    
      225138  0.7727703    
      225139  0.7651707    
      225140  0.7576231    
      225141  0.7501307    
      225142  0.7426959    
      225143  0.7353207    
      225144  0.7280063    
      225145  0.7207548    
      225146  0.7135692    
      225147  0.7064536    
      225148  0.6994135    
      225149  0.6924571    
      225150  0.6855939    
      225151  0.6788357    
      225152  0.6721957    
      225153  0.6656866    
      225154  0.6593192    
      225155  0.6530986    
      225156  0.6470217    
      225157  0.6410794    
      225158  0.6352532    
      225159  0.6295174    
      225160  0.6238385    
      225161  0.6181713    
      225162  0.6124541    
      225163  0.6065956    
      225164  0.6004699    
      225165  0.5939305    
      225166  0.5869174    
      225167  0.5795097    
      225168  0.5718338    
      225169  0.5639893    
      225170  0.5560381    
      225171  0.5480157    
      225172  0.5399429    
      225173  0.5318326    
      225174  0.5236939    
      225175  0.5155339    
      225176  0.5073587    
      225177  0.4991733    
      225178  0.4909814    
      225179  0.4827853    
      225180  0.4745869    
      225181  0.4663874    
      225182  0.4581878    
      225183  0.4499885    
      225184  0.4417903    
      225185  0.4335934    
      225186  0.4253982    
      225187  0.4172052    
      225188  0.4090145    
      225189  0.4008265    
      225190  0.3926417    
      225191  0.3844603    
      225192  0.3762827    
      225193  0.3681096    
      225194  0.3599412    
      225195  0.3517784    
      225196  0.3436218    
      225197  0.3354721    
      225198  0.3273303    
      225199  0.3191974    
      225200  0.3110749    
      225201  0.3029639    
      225202  0.2948665    
      225203  0.2867846    
      225204  0.2787206    
      225205  0.2706777    
      225206  0.2626595    
      225207  0.2546702    
      225208  0.2467155    
      225209  0.2388018    
      225210  0.2309376    
      225211  0.2231328    
      225212  0.2153996    
      225213  0.2077511    
      225214  0.2002014    
      225215  0.1927640    
      225216  0.1854500    
      225217  0.1782675    
      225218  0.1712206    
      225219  0.1643083    
      225220  0.1575234    
      225221  0.1508539    
      225222  0.1442827    
      225223  0.1377883    
      225224  0.1313459    
      225225  0.1249298    
      225226  0.1185152    
      225227  0.1120762    
      225228  0.1055806    
      225229  9.8986775E-02
      225230  9.2244267E-02
      225231  8.5303642E-02
      225232  7.8138709E-02
      225233  7.0763797E-02
      225234  6.3233823E-02
      225235  5.5613268E-02
      225236  4.7944151E-02
      225237  4.0258951E-02
      225238  3.2612678E-02
      225239  2.5138894E-02
      225240  1.8164352E-02
      225241  1.2477003E-02
      225242  9.8880958E-03
      225243  1.2569072E-02
      225244  1.8392477E-02
      225245  2.5564410E-02
      225246  3.3306278E-02
      225247  4.1296639E-02
      225248  4.9402758E-02
      225249  5.7568647E-02
      225250  6.5769359E-02
      225251  7.3992692E-02
      225252  8.2231775E-02
      225253  9.0482041E-02
      225254  9.8740235E-02
      225255  0.1070041    
      225256  0.1152719    
      225257  0.1235428    
      225258  0.1318157    
      225259  0.1400903    
      225260  0.1483661    
      225261  0.1566428    
      225262  0.1649202    
      225263  0.1731982    
      225264  0.1814766    
      225265  0.1897553    
      225266  0.1980343    
      225267  0.2063136    
      225268  0.2145930    
      225269  0.2228726    
      225270  0.2311522    
      225271  0.2394319    
      225272  0.2477117    
      225273  0.2559916    
      225274  0.2642714    
      225275  0.2725513    
      225276  0.2808311    
      225277  0.2891110    
      225278  0.2973908    
      225279  0.3056706    
      225280  0.3139502    
      225281  0.3222298    
      225282  0.3305094    
      225283  0.3387888    
      225284  0.3470682    
      225285  0.3553475    
      225286  0.3636266    
      225287  0.3719056    
      225288  0.3801845    
      225289  0.3884633    
      225290  0.3967418    
      225291  0.4050203    
      225292  0.4132986    
      225293  0.4215767    
      225294  0.4298547    
      225295  0.4381325    
      225296  0.4464101    
      225297  0.4546875    
      225298  0.4629647    
      225299  0.4712417    
      225300  0.4795182    
      225301  0.4877943    
      225302  0.4960692    
      225303  0.5043417    
      225304  0.5126116    
      225305  0.5208789    
      225306  0.5291440    
      225307  0.5374069    
      225308  0.5456677    
      225309  0.5539266    
      225310  0.5621837    
      225311  0.5704391    
      225312  0.5786927    
      225313  0.5869447    
      225314  0.5951951    
      225315  0.6034440    
      225316  0.6116912    
      225317  0.6199371    
      225318  0.6281814    
      225319  0.6364242    
      225320  0.6446656    
      225321  0.6529055    
      225322  0.6611439    
      225323  0.6693808    
      225324  0.6776162    
      225325  0.6858501    
      225326  0.6940826    
      225327  0.7023134    
      225328  0.7105427    
      225329  0.7187705    
      225330  0.7269967    
      225331  0.7352213    
      225332  0.7434441    
      225333  0.7516651    
      225334  0.7598844    
      225335  0.7681018    
      225336  0.7763172    
      225337  0.7845307    
      225338  0.7927420    
      225339  0.8009510    
      225340  0.8091578    
      225341  0.8173620    
