       33321  0.4888132    
       33322  0.4805353    
       33323  0.4722572    
       33324  0.4639789    
       33325  0.4557006    
       33326  0.4474220    
       33327  0.4391433    
       33328  0.4308645    
       33329  0.4225855    
       33330  0.4143064    
       33331  0.4060271    
       33332  0.3977478    
       33333  0.3894683    
       33334  0.3811887    
       33335  0.3729090    
       33336  0.3646291    
       33337  0.3563492    
       33338  0.3480692    
       33339  0.3397891    
       33340  0.3315089    
       33341  0.3232286    
       33342  0.3149482    
       33343  0.3066677    
       33344  0.2983871    
       33345  0.2901065    
       33346  0.2818258    
       33347  0.2735450    
       33348  0.2652641    
       33349  0.2569832    
       33350  0.2487022    
       33351  0.2404211    
       33352  0.2321399    
       33353  0.2238588    
       33354  0.2155776    
       33355  0.2072963    
       33356  0.1990150    
       33357  0.1907337    
       33358  0.1824525    
       33359  0.1741712    
       33360  0.1658901    
       33361  0.1576092    
       33362  0.1493285    
       33363  0.1410481    
       33364  0.1327683    
       33365  0.1244893    
       33366  0.1162113    
       33367  0.1079347    
       33368  9.9659875E-02
       33369  9.1387466E-02
       33370  8.3118409E-02
       33371  7.4854165E-02
       33372  6.6597372E-02
       33373  5.8353044E-02
       33374  5.0131764E-02
       33375  4.1957177E-02
       33376  3.3884622E-02
       33377  2.6047930E-02
       33378  1.8774647E-02
       33379  1.2862684E-02
       33380  1.0157421E-02
       33381  1.2862682E-02
       33382  1.8774644E-02
       33383  2.6047923E-02
       33384  3.3884615E-02
       33385  4.1957170E-02
       33386  5.0131753E-02
       33387  5.8353018E-02
       33388  6.6597335E-02
       33389  7.4854121E-02
       33390  8.3118327E-02
       33391  9.1387346E-02
       33392  9.9659689E-02
       33393  0.1079344    
       33394  0.1162109    
       33395  0.1244887    
       33396  0.1327674    
       33397  0.1410468    
       33398  0.1493264    
       33399  0.1576063    
       33400  0.1658862    
       33401  0.1741661    
       33402  0.1824460    
       33403  0.1907257    
       33404  0.1990052    
       33405  0.2072845    
       33406  0.2155635    
       33407  0.2238421    
       33408  0.2321204    
       33409  0.2403982    
       33410  0.2486756    
       33411  0.2569525    
       33412  0.2652291    
       33413  0.2735054    
       33414  0.2817814    
       33415  0.2900571    
       33416  0.2983325    
       33417  0.3066073    
       33418  0.3148814    
       33419  0.3231539    
       33420  0.3314230    
       33421  0.3396853    
       33422  0.3479331    
       33423  0.3561507    
       33424  0.3643083    
       33425  0.3723477    
       33426  0.3801717    
       33427  0.3876509    
       33428  0.3947205    
       33429  0.4014916    
       33430  0.4081070    
       33431  0.4146676    
       33432  0.4212341    
       33433  0.4278402    
       33434  0.4345040    
       33435  0.4412324    
       33436  0.4480283    
       33437  0.4548930    
       33438  0.4618270    
       33439  0.4688303    
       33440  0.4759024    
       33441  0.4830429    
       33442  0.4902531    
       33443  0.4975350    
       33444  0.5048881    
       33445  0.5123058    
       33446  0.5197797    
       33447  0.5273030    
       33448  0.5348704    
       33449  0.5424778    
       33450  0.5501216    
       33451  0.5577987    
       33452  0.5655062    
       33453  0.5732417    
       33454  0.5810027    
       33455  0.5887872    
       33456  0.5965934    
       33457  0.6044196    
       33458  0.6122642    
       33459  0.6201258    
       33460  0.6280031    
       33461  0.6358950    
       33462  0.6438002    
       33463  0.6517179    
       33464  0.6596472    
       33465  0.6675873    
       33466  0.6755374    
       33467  0.6834967    
       33468  0.6914649    
       33469  0.6994411    
       33470  0.7074246    
       33471  0.7154152    
       33472  0.7234122    
       33473  0.7314149    
       33474  0.7394228    
       33475  0.7474351    
       33476  0.7554511    
       33477  0.7634702    
       33478  0.7714913    
       33479  0.7795140    
       33480  0.7875374    
       33481  0.7955610    
       33482  0.8035836    
       33483  0.8116043    
       33484  0.8196210    
       33485  0.8276304    
       33486  0.8356259    
       33487  0.8435932    
       33488  0.8515031    
       33489  0.8592987    
       33490  0.8668871    
       33491  0.8741879    
       33492  0.8812375    
       33493  0.8881525    
       33494  0.8950313    
       33495  0.9019332    
       33496  0.9088900    
       33497  0.9159174    
       33498  0.9230217    
       33499  0.9302059    
       33500  0.9374727    
       33501  0.9448215    
       33502  0.9522443    
       33503  0.9597291    
       33504  0.9672667    
       33505  0.9748510    
       33506  0.9824772    
       33507  0.9901413    
       33508  0.9978401    
       33509   1.005570    
       33510   1.013328    
       33511   1.021112    
       33512   1.028920    
       33513   1.036748    
       33514   1.044594    
       33515   1.052456    
       33516   1.060331    
       33517   1.068216    
       33518   1.076108    
       33519   1.084003    
       33520   1.091897    
       33521   1.099784    
       33522   1.107660    
       33523   1.115514    
       33524   1.123329    
       33525   1.131073    
       33526   1.138682    
       33527   1.146053    
       33528   1.153067    
       33529   1.159700    
       33530   1.166070    
       33531   1.172309    
       33532   1.178502    
       33533   1.184703    
       33534   1.190938    
       33535   1.197225    
       33536   1.203574    
       33537   1.209991    
       33538   1.216485    
       33539   1.223058    
       33540   1.229713    
       33541   1.236450    
       33542   1.243266    
       33543   1.250158    
       33544   1.257122    
       33545   1.264157    
       33546   1.271261    
       33547   1.278433    
       33548   1.285675    
       33549   1.292988    
       33550   1.300372    
       33551   1.307820    
       33552   1.315323    
       33553   1.322874    
       33554   1.330470    
       33555   1.338107    
       33556   1.345783    
       33557   1.353493    
       33558   1.361236    
       33559   1.369009    
       33560   1.376809    
       33561   1.384635    
       33562   1.392483    
       33563   1.400353    
       33564   1.408242    
       33565   1.416149    
       33566   1.424072    
       33567   1.432010    
       33568   1.439962    
       33569   1.447927    
       33570   1.455903    
       33571   1.463890    
       33572   1.471886    
       33573   1.479892    
       33574   1.487906    
       33575   1.495928    
       33576   1.503957    
       33577   1.511993    
       33578   1.520034    
       33579   1.528081    
       33580   1.536133    
       33581   1.544189    
       33582   1.552250    
       33583   1.560314    
       33584   1.568382    
       33585   1.576453    
       33586   1.584527    
       33587   1.592604    
       33588   1.600682    
       33589   1.608762    
       33590   1.616844    
       33591   1.624926    
       33592   1.633009    
       33593   1.641093    
       33594   1.649176    
       33595   1.657257    
       33596   1.665335    
       33597   1.673409    
       33598   1.681476    
       33599   1.689531    
       33600   1.697565    
       33601   1.705569    
       33602   1.713526    
       33603   1.721431    
       33604   1.729287    
       33605   1.737112    
       33606   1.744920    
       33607   1.752722    
       33608   1.760525    
       33609   1.768333    
       33610   1.776150    
       33611   1.783977    
       33612   1.791815    
       33613   1.799664    
       33614   1.807523    
       33615   1.815392    
       33616   1.823267    
       33617   1.831145    
       33618   1.839017    
       33619   1.846867    
       33620   1.854668    
       33621   1.862389    
       33622   1.870023    
       33623   1.877593    
       33624   1.885122    
       33625   1.892617    
       33626   1.900073    
       33627   1.907476    
       33628   1.914792    
       33629   1.921973    
       33630   1.928943    
       33631   1.935601    
       33632   1.941851    
       33633   1.947680    
       33634   1.953179    
       33635   1.958480    
       33636   1.963698    
       33637   1.968929    
       33638   1.974238    
       33639   1.979665    
       33640   1.985229    
       33641   1.990938    
       33642   1.996793    
       33643   2.002788    
       33644   2.008913    
       33645   2.015157    
       33646   2.021515    
       33647   2.027978    
       33648   2.034539    
       33649   2.041190    
       33650   2.047927    
       33651   2.054747    
       33652   2.061646    
       33653   2.068622    
       33654   2.075673    
       33655   2.082799    
       33656   2.090000    
       33657   2.097277    
       33658   2.104630    
       33659   2.112048    
       33660   2.119495    
