       97161   1.362902    
       97162   1.354833    
       97163   1.346765    
       97164   1.338698    
       97165   1.330632    
       97166   1.322567    
       97167   1.314503    
       97168   1.306441    
       97169   1.298379    
       97170   1.290319    
       97171   1.282261    
       97172   1.274204    
       97173   1.266149    
       97174   1.258096    
       97175   1.250044    
       97176   1.241995    
       97177   1.233948    
       97178   1.225904    
       97179   1.217862    
       97180   1.209823    
       97181   1.201786    
       97182   1.193753    
       97183   1.185723    
       97184   1.177697    
       97185   1.169674    
       97186   1.161656    
       97187   1.153641    
       97188   1.145631    
       97189   1.137626    
       97190   1.129626    
       97191   1.121631    
       97192   1.113642    
       97193   1.105659    
       97194   1.097683    
       97195   1.089713    
       97196   1.081751    
       97197   1.073796    
       97198   1.065850    
       97199   1.057913    
       97200   1.049986    
       97201   1.042068    
       97202   1.034162    
       97203   1.026267    
       97204   1.018385    
       97205   1.010516    
       97206   1.002662    
       97207  0.9948233    
       97208  0.9870018    
       97209  0.9791986    
       97210  0.9714153    
       97211  0.9636534    
       97212  0.9559145    
       97213  0.9482008    
       97214  0.9405147    
       97215  0.9328586    
       97216  0.9252356    
       97217  0.9176493    
       97218  0.9101036    
       97219  0.9026034    
       97220  0.8951542    
       97221  0.8877611    
       97222  0.8804272    
       97223  0.8731531    
       97224  0.8659371    
       97225  0.8587763    
       97226  0.8516675    
       97227  0.8446073    
       97228  0.8375909    
       97229  0.8306134    
       97230  0.8236701    
       97231  0.8167585    
       97232  0.8098778    
       97233  0.8030294    
       97234  0.7962164    
       97235  0.7894428    
       97236  0.7827131    
       97237  0.7760322    
       97238  0.7694053    
       97239  0.7628365    
       97240  0.7563289    
       97241  0.7498835    
       97242  0.7434989    
       97243  0.7371724    
       97244  0.7308996    
       97245  0.7246718    
       97246  0.7184720    
       97247  0.7122675    
       97248  0.7060037    
       97249  0.6995900    
       97250  0.6928831    
       97251  0.6857191    
       97252  0.6780889    
       97253  0.6701543    
       97254  0.6620607    
       97255  0.6538888    
       97256  0.6456793    
       97257  0.6374516    
       97258  0.6292146    
       97259  0.6209723    
       97260  0.6127263    
       97261  0.6044773    
       97262  0.5962256    
       97263  0.5879713    
       97264  0.5797145    
       97265  0.5714551    
       97266  0.5631930    
       97267  0.5549281    
       97268  0.5466604    
       97269  0.5383899    
       97270  0.5301163    
       97271  0.5218410    
       97272  0.5135648    
       97273  0.5052881    
       97274  0.4970110    
       97275  0.4887336    
       97276  0.4804561    
       97277  0.4721783    
       97278  0.4639004    
       97279  0.4556223    
       97280  0.4473439    
       97281  0.4390655    
       97282  0.4307869    
       97283  0.4225081    
       97284  0.4142292    
       97285  0.4059502    
       97286  0.3976710    
       97287  0.3893918    
       97288  0.3811124    
       97289  0.3728329    
       97290  0.3645532    
       97291  0.3562735    
       97292  0.3479937    
       97293  0.3397138    
       97294  0.3314338    
       97295  0.3231537    
       97296  0.3148735    
       97297  0.3065933    
       97298  0.2983129    
       97299  0.2900326    
       97300  0.2817521    
       97301  0.2734717    
       97302  0.2651911    
       97303  0.2569106    
       97304  0.2486300    
       97305  0.2403493    
       97306  0.2320687    
       97307  0.2237881    
       97308  0.2155075    
       97309  0.2072269    
       97310  0.1989464    
       97311  0.1906661    
       97312  0.1823860    
       97313  0.1741061    
       97314  0.1658267    
       97315  0.1575479    
       97316  0.1492699    
       97317  0.1409930    
       97318  0.1327172    
       97319  0.1244427    
       97320  0.1161696    
       97321  0.1078983    
       97322  9.9629000E-02
       97323  9.1362119E-02
       97324  8.3098337E-02
       97325  7.4838892E-02
       97326  6.6586249E-02
       97327  5.8345288E-02
       97328  5.0126545E-02
       97329  4.1953754E-02
       97330  3.3882432E-02
       97331  2.6046578E-02
       97332  1.8773858E-02
       97333  1.2862246E-02
       97334  1.0157162E-02
       97335  1.2862451E-02
       97336  1.8774383E-02
       97337  2.6047621E-02
       97338  3.3884276E-02
       97339  4.1956805E-02
       97340  5.0131366E-02
       97341  5.8352612E-02
       97342  6.6596910E-02
       97343  7.4853674E-02
       97344  8.3117865E-02
       97345  9.1386870E-02
       97346  9.9659190E-02
       97347  0.1079339    
       97348  0.1162103    
       97349  0.1244880    
       97350  0.1327666    
       97351  0.1410457    
       97352  0.1493251    
       97353  0.1576043    
       97354  0.1658830    
       97355  0.1741608    
       97356  0.1824371    
       97357  0.1907112    
       97358  0.1989824    
       97359  0.2072499    
       97360  0.2155136    
       97361  0.2237735    
       97362  0.2320299    
       97363  0.2402834    
       97364  0.2485344    
       97365  0.2567831    
       97366  0.2650296    
       97367  0.2732732    
       97368  0.2815119    
       97369  0.2897412    
       97370  0.2979512    
       97371  0.3061221    
       97372  0.3142155    
       97373  0.3221587    
       97374  0.3298417    
       97375  0.3371669    
       97376  0.3441680    
       97377  0.3509748    
       97378  0.3576989    
       97379  0.3644139    
       97380  0.3711614    
       97381  0.3779649    
       97382  0.3848348    
       97383  0.3917746    
       97384  0.3987847    
       97385  0.4058635    
       97386  0.4130090    
       97387  0.4202215    
       97388  0.4275037    
       97389  0.4348572    
       97390  0.4422788    
       97391  0.4497597    
       97392  0.4572919    
       97393  0.4648699    
       97394  0.4724897    
       97395  0.4801480    
       97396  0.4878418    
       97397  0.4955681    
       97398  0.5033242    
       97399  0.5111077    
       97400  0.5189164    
       97401  0.5267482    
       97402  0.5346013    
       97403  0.5424739    
       97404  0.5503644    
       97405  0.5582713    
       97406  0.5661935    
       97407  0.5741296    
       97408  0.5820786    
       97409  0.5900397    
       97410  0.5980117    
       97411  0.6059941    
       97412  0.6139859    
       97413  0.6219864    
       97414  0.6299950    
       97415  0.6380110    
       97416  0.6460339    
       97417  0.6540630    
       97418  0.6620981    
       97419  0.6701384    
       97420  0.6781837    
       97421  0.6862333    
       97422  0.6942872    
       97423  0.7023447    
       97424  0.7104052    
       97425  0.7184681    
       97426  0.7265320    
       97427  0.7345937    
       97428  0.7426469    
       97429  0.7506762    
       97430  0.7586480    
       97431  0.7664914    
       97432  0.7740738    
       97433  0.7812260    
       97434  0.7879246    
       97435  0.7943404    
       97436  0.8006340    
       97437  0.8069004    
       97438  0.8131905    
       97439  0.8195261    
       97440  0.8259134    
       97441  0.8323545    
       97442  0.8388497    
       97443  0.8453987    
       97444  0.8520008    
       97445  0.8586556    
       97446  0.8653626    
       97447  0.8721218    
       97448  0.8789331    
       97449  0.8857960    
       97450  0.8927100    
       97451  0.8996745    
       97452  0.9066895    
       97453  0.9137552    
       97454  0.9208725    
       97455  0.9280421    
       97456  0.9352645    
       97457  0.9425387    
       97458  0.9498600    
       97459  0.9572216    
       97460  0.9646172    
       97461  0.9720415    
       97462  0.9794887    
       97463  0.9869525    
       97464  0.9944234    
       97465   1.001889    
       97466   1.009333    
       97467   1.016730    
       97468   1.024044    
       97469   1.031224    
       97470   1.038193    
       97471   1.044851    
       97472   1.051100    
       97473   1.056928    
       97474   1.062428    
       97475   1.067728    
       97476   1.072946    
       97477   1.078177    
       97478   1.083487    
       97479   1.088914    
       97480   1.094478    
       97481   1.100187    
       97482   1.106042    
       97483   1.112038    
       97484   1.118162    
       97485   1.124407    
       97486   1.130765    
       97487   1.137228    
       97488   1.143789    
       97489   1.150440    
       97490   1.157178    
       97491   1.163997    
       97492   1.170896    
       97493   1.177872    
       97494   1.184924    
       97495   1.192051    
       97496   1.199254    
       97497   1.206535    
       97498   1.213897    
       97499   1.221341    
       97500   1.228861    
       97501   1.236447    
       97502   1.244091    
       97503   1.251788    
       97504   1.259533    
       97505   1.267322    
       97506   1.275151    
       97507   1.283017    
       97508   1.290914    
       97509   1.298839    
       97510   1.306790    
       97511   1.314762    
       97512   1.322755    
       97513   1.330766    
       97514   1.338793    
       97515   1.346834    
       97516   1.354887    
       97517   1.362952    
       97518   1.371028    
       97519   1.379113    
       97520   1.387206    
       97521   1.395307    
       97522   1.403415    
       97523   1.411529    
       97524   1.419648    
       97525   1.427772    
       97526   1.435900    
       97527   1.444031    
       97528   1.452165    
       97529   1.460299    
       97530   1.468433    
       97531   1.476564    
       97532   1.484689    
       97533   1.492803    
       97534   1.500899    
       97535   1.508968    
       97536   1.516994    
       97537   1.524956    
       97538   1.532827    
       97539   1.540572    
       97540   1.548151    
       97541   1.555518    
       97542   1.562633    
       97543   1.569480    
       97544   1.576086    
       97545   1.582511    
       97546   1.588822    
       97547   1.595068    
       97548   1.601280    
       97549   1.607474    
       97550   1.613658    
       97551   1.619837    
       97552   1.626014    
       97553   1.632193    
       97554   1.638379    
       97555   1.644580    
       97556   1.650807    
       97557   1.657074    
       97558   1.663394    
       97559   1.669779    
       97560   1.676235    
       97561   1.682770    
       97562   1.689387    
       97563   1.696087    
       97564   1.702870    
       97565   1.709733    
       97566   1.716674    
       97567   1.723689    
       97568   1.730773    
       97569   1.737925    
       97570   1.745144    
       97571   1.752432    
       97572   1.759788    
       97573   1.767214    
       97574   1.774707    
       97575   1.782263    
       97576   1.789877    
       97577   1.797544    
       97578   1.805259    
       97579   1.813019    
       97580   1.820822    
       97581   1.828663    
       97582   1.836540    
       97583   1.844448    
       97584   1.852384    
       97585   1.860344    
       97586   1.868328    
       97587   1.876331    
       97588   1.884352    
       97589   1.892388    
       97590   1.900439    
       97591   1.908503    
       97592   1.916578    
       97593   1.924664    
       97594   1.932759    
       97595   1.940863    
       97596   1.948974    
       97597   1.957092    
       97598   1.965217    
       97599   1.973347    
       97600   1.981483    
       97601   1.989624    
       97602   1.997769    
       97603   2.005918    
       97604   2.014071    
       97605   2.022227    
       97606   2.030386    
       97607   2.038548    
       97608   2.046713    
       97609   2.054880    
       97610   2.063048    
       97611   2.071215    
       97612   2.079378    
       97613   2.087525    
       97614   2.095625    
