      239548   2.091415    
      239549   2.084358    
      239550   2.077300    
      239551   2.070180    
      239552   2.062907    
      239553   2.055401    
      239554   2.047669    
      239555   2.039795    
      239556   2.031844    
      239557   2.023857    
      239558   2.015851    
      239559   2.007838    
      239560   1.999822    
      239561   1.991805    
      239562   1.983791    
      239563   1.975779    
      239564   1.967770    
      239565   1.959767    
      239566   1.951769    
      239567   1.943777    
      239568   1.935793    
      239569   1.927819    
      239570   1.919855    
      239571   1.911903    
      239572   1.903965    
      239573   1.896042    
      239574   1.888135    
      239575   1.880247    
      239576   1.872380    
      239577   1.864535    
      239578   1.856715    
      239579   1.848924    
      239580   1.841164    
      239581   1.833438    
      239582   1.825752    
      239583   1.818110    
      239584   1.810519    
      239585   1.802988    
      239586   1.795523    
      239587   1.788135    
      239588   1.780829    
      239589   1.773609    
      239590   1.766478    
      239591   1.759442    
      239592   1.752505    
      239593   1.745674    
      239594   1.738952    
      239595   1.732341    
      239596   1.725840    
      239597   1.719444    
      239598   1.713148    
      239599   1.706949    
      239600   1.700837    
      239601   1.694805    
      239602   1.688844    
      239603   1.682947    
      239604   1.677102    
      239605   1.671291    
      239606   1.665470    
      239607   1.659553    
      239608   1.653395    
      239609   1.646828    
      239610   1.639817    
      239611   1.632490    
      239612   1.624983    
      239613   1.617380    
      239614   1.609728    
      239615   1.602050    
      239616   1.594362    
      239617   1.586672    
      239618   1.578986    
      239619   1.571310    
      239620   1.563647    
      239621   1.556002    
      239622   1.548378    
      239623   1.540777    
      239624   1.533204    
      239625   1.525660    
      239626   1.518151    
      239627   1.510679    
      239628   1.503251    
      239629   1.495870    
      239630   1.488541    
      239631   1.481269    
      239632   1.474054    
      239633   1.466898    
      239634   1.459805    
      239635   1.452776    
      239636   1.445815    
      239637   1.438927    
      239638   1.432114    
      239639   1.425382    
      239640   1.418732    
      239641   1.412169    
      239642   1.405692    
      239643   1.399301    
      239644   1.392994    
      239645   1.386762    
      239646   1.380580    
      239647   1.374389    
      239648   1.368079    
      239649   1.361462    
      239650   1.354338    
      239651   1.346726    
      239652   1.338820    
      239653   1.330766    
      239654   1.322646    
      239655   1.314496    
      239656   1.306334    
      239657   1.298168    
      239658   1.290000    
      239659   1.281832    
      239660   1.273665    
      239661   1.265499    
      239662   1.257335    
      239663   1.249171    
      239664   1.241009    
      239665   1.232849    
      239666   1.224691    
      239667   1.216534    
      239668   1.208380    
      239669   1.200229    
      239670   1.192081    
      239671   1.183935    
      239672   1.175793    
      239673   1.167655    
      239674   1.159521    
      239675   1.151391    
      239676   1.143266    
      239677   1.135147    
      239678   1.127033    
      239679   1.118926    
      239680   1.110827    
      239681   1.102735    
      239682   1.094652    
      239683   1.086579    
      239684   1.078516    
      239685   1.070465    
      239686   1.062428    
      239687   1.054406    
      239688   1.046400    
      239689   1.038413    
      239690   1.030446    
      239691   1.022503    
      239692   1.014586    
      239693   1.006698    
      239694  0.9988431    
      239695  0.9910254    
      239696  0.9832489    
      239697  0.9755177    
      239698  0.9678355    
      239699  0.9602060    
      239700  0.9526324    
      239701  0.9451171    
      239702  0.9376615    
      239703  0.9302667    
      239704  0.9229335    
      239705  0.9156635    
      239706  0.9084594    
      239707  0.9013249    
      239708  0.8942655    
      239709  0.8872888    
      239710  0.8804045    
      239711  0.8736240    
      239712  0.8669602    
      239713  0.8604254    
      239714  0.8540303    
      239715  0.8477796    
      239716  0.8416685    
      239717  0.8356861    
      239718  0.8298129    
      239719  0.8240213    
      239720  0.8182750    
      239721  0.8125250    
      239722  0.8067061    
      239723  0.8007269    
      239724  0.7944726    
      239725  0.7878292    
      239726  0.7807634    
      239727  0.7733405    
      239728  0.7656654    
      239729  0.7578264    
      239730  0.7498813    
      239731  0.7418644    
      239732  0.7337964    
      239733  0.7256904    
      239734  0.7175554    
      239735  0.7093987    
      239736  0.7012267    
      239737  0.6930443    
      239738  0.6848552    
      239739  0.6766619    
      239740  0.6684662    
      239741  0.6602692    
      239742  0.6520720    
      239743  0.6438752    
      239744  0.6356794    
      239745  0.6274849    
      239746  0.6192923    
      239747  0.6111016    
      239748  0.6029134    
      239749  0.5947279    
      239750  0.5865454    
      239751  0.5783665    
      239752  0.5701916    
      239753  0.5620211    
      239754  0.5538555    
      239755  0.5456955    
      239756  0.5375419    
      239757  0.5293953    
      239758  0.5212569    
      239759  0.5131276    
      239760  0.5050088    
      239761  0.4969019    
      239762  0.4888089    
      239763  0.4807318    
      239764  0.4726734    
      239765  0.4646366    
      239766  0.4566253    
      239767  0.4486440    
      239768  0.4406987    
      239769  0.4327961    
      239770  0.4249454    
      239771  0.4171572    
      239772  0.4094446    
      239773  0.4018220    
      239774  0.3943045    
      239775  0.3869068    
      239776  0.3796409    
      239777  0.3725163    
      239778  0.3655398    
      239779  0.3587132    
      239780  0.3520326    
      239781  0.3454897    
      239782  0.3390719    
      239783  0.3327632    
      239784  0.3265457    
      239785  0.3204017    
      239786  0.3143174    
      239787  0.3082829    
      239788  0.3022921    
      239789  0.2963433    
      239790  0.2904366    
      239791  0.2845739    
      239792  0.2787574    
      239793  0.2729883    
      239794  0.2672614    
      239795  0.2615554    
      239796  0.2558129    
      239797  0.2499234    
      239798  0.2437133    
      239799  0.2369944    
      239800  0.2297473    
      239801  0.2221235    
      239802  0.2142803    
      239803  0.2063124    
      239804  0.1982666    
      239805  0.1901670    
      239806  0.1820274    
      239807  0.1738569    
      239808  0.1656619    
      239809  0.1574471    
      239810  0.1492159    
      239811  0.1409715    
      239812  0.1327168    
      239813  0.1244549    
      239814  0.1161884    
      239815  0.1079195    
      239816  9.9649787E-02
      239817  9.1380775E-02
      239818  8.3113968E-02
      239819  7.4851245E-02
      239820  6.6595443E-02
      239821  5.8351785E-02
      239822  5.0130948E-02
      239823  4.1956656E-02
      239824  3.3884287E-02
      239825  2.6047725E-02
      239826  1.8774532E-02
      239827  1.2862619E-02
      239828  1.0157384E-02
      239829  1.2862649E-02
      239830  1.8774608E-02
      239831  2.6047882E-02
      239832  3.3884570E-02
      239833  4.1957125E-02
      239834  5.0131708E-02
      239835  5.8352977E-02
      239836  6.6597298E-02
      239837  7.4854098E-02
      239838  8.3118334E-02
      239839  9.1387406E-02
      239840  9.9659801E-02
      239841  0.1079346    
      239842  0.1162113    
      239843  0.1244892    
      239844  0.1327683    
      239845  0.1410480    
      239846  0.1493284    
      239847  0.1576091    
      239848  0.1658900    
      239849  0.1741711    
      239850  0.1824524    
      239851  0.1907336    
      239852  0.1990149    
      239853  0.2072962    
      239854  0.2155775    
      239855  0.2238587    
      239856  0.2321399    
      239857  0.2404210    
      239858  0.2487021    
      239859  0.2569831    
      239860  0.2652640    
      239861  0.2735449    
      239862  0.2818257    
      239863  0.2901064    
      239864  0.2983871    
      239865  0.3066676    
      239866  0.3149481    
      239867  0.3232284    
      239868  0.3315088    
      239869  0.3397890    
      239870  0.3480691    
      239871  0.3563492    
      239872  0.3646291    
      239873  0.3729089    
      239874  0.3811886    
      239875  0.3894682    
      239876  0.3977477    
      239877  0.4060271    
      239878  0.4143063    
      239879  0.4225854    
      239880  0.4308644    
      239881  0.4391432    
      239882  0.4474219    
      239883  0.4557005    
      239884  0.4639789    
      239885  0.4722571    
      239886  0.4805351    
      239887  0.4888131    
      239888  0.4970908    
      239889  0.5053684    
      239890  0.5136457    
      239891  0.5219228    
      239892  0.5301996    
      239893  0.5384760    
      239894  0.5467514    
      239895  0.5550249    
      239896  0.5632957    
      239897  0.5715641    
      239898  0.5798302    
      239899  0.5880942    
      239900  0.5963562    
      239901  0.6046163    
