      159325   2.160236    
      159326   2.152153    
      159327   2.144071    
      159328   2.135991    
      159329   2.127911    
      159330   2.119833    
      159331   2.111756    
      159332   2.103681    
      159333   2.095608    
      159334   2.087536    
      159335   2.079466    
      159336   2.071399    
      159337   2.063333    
      159338   2.055269    
      159339   2.047208    
      159340   2.039149    
      159341   2.031093    
      159342   2.023040    
      159343   2.014990    
      159344   2.006943    
      159345   1.998900    
      159346   1.990860    
      159347   1.982824    
      159348   1.974792    
      159349   1.966764    
      159350   1.958741    
      159351   1.950723    
      159352   1.942710    
      159353   1.934703    
      159354   1.926702    
      159355   1.918707    
      159356   1.910718    
      159357   1.902737    
      159358   1.894763    
      159359   1.886798    
      159360   1.878841    
      159361   1.870894    
      159362   1.862957    
      159363   1.855030    
      159364   1.847114    
      159365   1.839211    
      159366   1.831321    
      159367   1.823445    
      159368   1.815584    
      159369   1.807740    
      159370   1.799913    
      159371   1.792106    
      159372   1.784320    
      159373   1.776556    
      159374   1.768815    
      159375   1.761101    
      159376   1.753414    
      159377   1.745757    
      159378   1.738132    
      159379   1.730541    
      159380   1.722986    
      159381   1.715469    
      159382   1.707992    
      159383   1.700559    
      159384   1.693172    
      159385   1.685834    
      159386   1.678545    
      159387   1.671306    
      159388   1.664114    
      159389   1.656970    
      159390   1.649872    
      159391   1.642819    
      159392   1.635813    
      159393   1.628854    
      159394   1.621942    
      159395   1.615078    
      159396   1.608266    
      159397   1.601508    
      159398   1.594805    
      159399   1.588159    
      159400   1.581571    
      159401   1.575040    
      159402   1.568562    
      159403   1.562133    
      159404   1.555746    
      159405   1.549394    
      159406   1.543063    
      159407   1.536729    
      159408   1.530342    
      159409   1.523816    
      159410   1.517019    
      159411   1.509816    
      159412   1.502227    
      159413   1.494396    
      159414   1.486441    
      159415   1.478428    
      159416   1.470387    
      159417   1.462333    
      159418   1.454272    
      159419   1.446208    
      159420   1.438143    
      159421   1.430077    
      159422   1.422010    
      159423   1.413944    
      159424   1.405880    
      159425   1.397816    
      159426   1.389755    
      159427   1.381696    
      159428   1.373639    
      159429   1.365586    
      159430   1.357536    
      159431   1.349489    
      159432   1.341448    
      159433   1.333411    
      159434   1.325378    
      159435   1.317352    
      159436   1.309331    
      159437   1.301317    
      159438   1.293310    
      159439   1.285311    
      159440   1.277319    
      159441   1.269336    
      159442   1.261362    
      159443   1.253398    
      159444   1.245445    
      159445   1.237503    
      159446   1.229573    
      159447   1.221657    
      159448   1.213756    
      159449   1.205870    
      159450   1.198002    
      159451   1.190152    
      159452   1.182322    
      159453   1.174515    
      159454   1.166733    
      159455   1.158977    
      159456   1.151251    
      159457   1.143557    
      159458   1.135899    
      159459   1.128281    
      159460   1.120707    
      159461   1.113185    
      159462   1.105718    
      159463   1.098314    
      159464   1.090976    
      159465   1.083705    
      159466   1.076499    
      159467   1.069354    
      159468   1.062262    
      159469   1.055204    
      159470   1.048145    
      159471   1.041025    
      159472   1.033753    
      159473   1.026247    
      159474   1.018516    
      159475   1.010642    
      159476   1.002692    
      159477  0.9947045    
      159478  0.9866991    
      159479  0.9786857    
      159480  0.9706696    
      159481  0.9626534    
      159482  0.9546387    
      159483  0.9466267    
      159484  0.9386184    
      159485  0.9306148    
      159486  0.9226167    
      159487  0.9146252    
      159488  0.9066414    
      159489  0.8986668    
      159490  0.8907028    
      159491  0.8827510    
      159492  0.8748127    
      159493  0.8668896    
      159494  0.8589830    
      159495  0.8510950    
      159496  0.8432275    
      159497  0.8353826    
      159498  0.8275631    
      159499  0.8197715    
      159500  0.8120111    
      159501  0.8042854    
      159502  0.7965990    
      159503  0.7889572    
      159504  0.7813665    
      159505  0.7738345    
      159506  0.7663699    
      159507  0.7589815    
      159508  0.7516753    
      159509  0.7444547    
      159510  0.7373233    
      159511  0.7302861    
      159512  0.7233489    
      159513  0.7165169    
      159514  0.7097942    
      159515  0.7031823    
      159516  0.6966802    
      159517  0.6902833    
      159518  0.6839868    
      159519  0.6777860    
      159520  0.6716734    
      159521  0.6656402    
      159522  0.6596781    
      159523  0.6537789    
      159524  0.6479318    
      159525  0.6421168    
      159526  0.6362900    
      159527  0.6303618    
      159528  0.6241862    
      159529  0.6175945    
      159530  0.6105594    
      159531  0.6032130    
      159532  0.5956903    
      159533  0.5880744    
      159534  0.5804099    
      159535  0.5727209    
      159536  0.5650210    
      159537  0.5573187    
      159538  0.5496194    
      159539  0.5419257    
      159540  0.5342383    
      159541  0.5265564    
      159542  0.5188758    
      159543  0.5111886    
      159544  0.5034802    
      159545  0.4957277    
      159546  0.4878993    
      159547  0.4799590    
      159548  0.4718984    
      159549  0.4637525    
      159550  0.4555548    
      159551  0.4473257    
      159552  0.4390774    
      159553  0.4308173    
      159554  0.4225500    
      159555  0.4142782    
      159556  0.4060035    
      159557  0.3977270    
      159558  0.3894493    
      159559  0.3811709    
      159560  0.3728920    
      159561  0.3646127    
      159562  0.3563331    
      159563  0.3480534    
      159564  0.3397735    
      159565  0.3314935    
      159566  0.3232133    
      159567  0.3149331    
      159568  0.3066528    
      159569  0.2983725    
      159570  0.2900922    
      159571  0.2818118    
      159572  0.2735314    
      159573  0.2652510    
      159574  0.2569706    
      159575  0.2486903    
      159576  0.2404100    
      159577  0.2321297    
      159578  0.2238493    
      159579  0.2155690    
      159580  0.2072886    
      159581  0.1990082    
      159582  0.1907278    
      159583  0.1824473    
      159584  0.1741669    
      159585  0.1658865    
      159586  0.1576062    
      159587  0.1493260    
      159588  0.1410462    
      159589  0.1327668    
      159590  0.1244881    
      159591  0.1162104    
      159592  0.1079340    
      159593  9.9659353E-02
      159594  9.1387093E-02
      159595  8.3118141E-02
      159596  7.4853987E-02
      159597  6.6597238E-02
      159598  5.8352947E-02
      159599  5.0131701E-02
      159600  4.1957129E-02
      159601  3.3884577E-02
      159602  2.6047897E-02
      159603  1.8774625E-02
      159604  1.2862667E-02
      159605  1.0157406E-02
      159606  1.2862660E-02
      159607  1.8774606E-02
      159608  2.6047857E-02
      159609  3.3884507E-02
      159610  4.1957002E-02
      159611  5.0131500E-02
      159612  5.8352627E-02
      159613  6.6596739E-02
      159614  7.4853227E-02
      159615  8.3116971E-02
      159616  9.1385305E-02
      159617  9.9656612E-02
      159618  0.1079298    
      159619  0.1162039    
      159620  0.1244781    
      159621  0.1327513    
      159622  0.1410224    
      159623  0.1492896    
      159624  0.1575508    
      159625  0.1658031    
      159626  0.1740432    
      159627  0.1822678    
      159628  0.1904727    
      159629  0.1986526    
      159630  0.2067999    
      159631  0.2149048    
      159632  0.2229527    
      159633  0.2309188    
      159634  0.2387577    
      159635  0.2463797    
      159636  0.2536427    
      159637  0.2604094    
      159638  0.2666935    
      159639  0.2726895    
      159640  0.2785850    
      159641  0.2844978    
      159642  0.2904892    
      159643  0.2965822    
      159644  0.3027817    
      159645  0.3090876    
      159646  0.3154963    
      159647  0.3220023    
      159648  0.3285994    
      159649  0.3352821    
      159650  0.3420461    
      159651  0.3488881    
      159652  0.3558060    
      159653  0.3627983    
      159654  0.3698639    
      159655  0.3770021    
      159656  0.3842140    
      159657  0.3915031    
      159658  0.3988730    
      159659  0.4063237    
      159660  0.4138489    
      159661  0.4214391    
      159662  0.4290868    
      159663  0.4367869    
      159664  0.4445351    
      159665  0.4523273    
      159666  0.4601593    
      159667  0.4680271    
      159668  0.4759267    
      159669  0.4838547    
      159670  0.4918078    
      159671  0.4997834    
      159672  0.5077790    
      159673  0.5157924    
      159674  0.5238218    
      159675  0.5318655    
      159676  0.5399220    
      159677  0.5479900    
      159678  0.5560684    
      159679  0.5641562    
      159680  0.5722522    
      159681  0.5803559    
      159682  0.5884665    
      159683  0.5965831    
      159684  0.6047051    
      159685  0.6128317    
      159686  0.6209623    
      159687  0.6290962    
      159688  0.6372321    
      159689  0.6453691    
      159690  0.6535053    
      159691  0.6616387    
      159692  0.6697659    
      159693  0.6778826    
      159694  0.6859814    
      159695  0.6940527    
      159696  0.7020817    
      159697  0.7100472    
      159698  0.7179213    
      159699  0.7256699    
      159700  0.7332525    
      159701  0.7406237    
      159702  0.7477433    
      159703  0.7545956    
      159704  0.7612048    
      159705  0.7676324    
      159706  0.7739443    
      159707  0.7801912    
      159708  0.7864037    
      159709  0.7925981    
      159710  0.7987828    
      159711  0.8049620    
      159712  0.8111392    
      159713  0.8173184    
      159714  0.8235047    
      159715  0.8297060    
      159716  0.8359331    
      159717  0.8422000    
      159718  0.8485206    
      159719  0.8549052    
      159720  0.8613621    
      159721  0.8678972    
      159722  0.8745143    
      159723  0.8812145    
      159724  0.8879969    
      159725  0.8948600    
      159726  0.9018010    
      159727  0.9088156    
      159728  0.9159001    
      159729  0.9230523    
      159730  0.9302719    
      159731  0.9375594    
      159732  0.9449159    
      159733  0.9523418    
      159734  0.9598353    
      159735  0.9673920    
      159736  0.9750062    
      159737  0.9826727    
      159738  0.9903880    
      159739  0.9981488    
      159740   1.005952    
      159741   1.013793    
      159742   1.021670    
      159743   1.029578    
      159744   1.037514    
      159745   1.045475    
      159746   1.053458    
      159747   1.061462    
      159748   1.069483    
      159749   1.077519    
      159750   1.085570    
      159751   1.093634    
      159752   1.101709    
      159753   1.109795    
      159754   1.117890    
      159755   1.125993    
      159756   1.134105    
      159757   1.142223    
      159758   1.150348    
      159759   1.158478    
      159760   1.166614    
      159761   1.174755    
      159762   1.182900    
      159763   1.191049    
      159764   1.199202    
      159765   1.207358    
      159766   1.215517    
      159767   1.223679    
      159768   1.231844    
      159769   1.240012    
      159770   1.248181    
      159771   1.256353    
      159772   1.264526    
      159773   1.272701    
      159774   1.280878    
      159775   1.289056    
      159776   1.297235    
      159777   1.305416    
      159778   1.313598    
      159779   1.321781    
      159780   1.329964    
      159781   1.338149    
      159782   1.346334    
      159783   1.354520    
      159784   1.362706    
      159785   1.370893    
      159786   1.379081    
      159787   1.387269    
      159788   1.395458    
      159789   1.403646    
      159790   1.411836    
      159791   1.420025    
      159792   1.428215    
      159793   1.436404    
      159794   1.444595    
      159795   1.452785    
      159796   1.460975    
      159797   1.469166    
      159798   1.477357    
      159799   1.485547    
      159800   1.493738    
      159801   1.501929    
      159802   1.510120    
      159803   1.518312    
      159804   1.526503    
      159805   1.534694    
      159806   1.542885    
      159807   1.551076    
      159808   1.559268    
      159809   1.567459    
      159810   1.575650    
      159811   1.583841    
      159812   1.592032    
      159813   1.600224    
      159814   1.608415    
      159815   1.616606    
      159816   1.624798    
      159817   1.632989    
      159818   1.641180    
      159819   1.649371    
      159820   1.657563    
      159821   1.665754    
