      175033   2.133383    
      175034   2.125381    
      175035   2.117386    
      175036   2.109398    
      175037   2.101416    
      175038   2.093442    
      175039   2.085477    
      175040   2.077520    
      175041   2.069573    
      175042   2.061635    
      175043   2.053709    
      175044   2.045793    
      175045   2.037890    
      175046   2.030000    
      175047   2.022124    
      175048   2.014263    
      175049   2.006419    
      175050   1.998592    
      175051   1.990785    
      175052   1.982999    
      175053   1.975235    
      175054   1.967494    
      175055   1.959780    
      175056   1.952094    
      175057   1.944437    
      175058   1.936813    
      175059   1.929222    
      175060   1.921668    
      175061   1.914151    
      175062   1.906675    
      175063   1.899243    
      175064   1.891856    
      175065   1.884518    
      175066   1.877229    
      175067   1.869990    
      175068   1.862799    
      175069   1.855654    
      175070   1.848556    
      175071   1.841504    
      175072   1.834498    
      175073   1.827538    
      175074   1.820626    
      175075   1.813763    
      175076   1.806951    
      175077   1.800192    
      175078   1.793490    
      175079   1.786845    
      175080   1.780257    
      175081   1.773726    
      175082   1.767249    
      175083   1.760821    
      175084   1.754435    
      175085   1.748083    
      175086   1.741753    
      175087   1.735419    
      175088   1.729032    
      175089   1.722507    
      175090   1.715710    
      175091   1.708507    
      175092   1.700918    
      175093   1.693087    
      175094   1.685133    
      175095   1.677119    
      175096   1.669079    
      175097   1.661025    
      175098   1.652964    
      175099   1.644900    
      175100   1.636835    
      175101   1.628769    
      175102   1.620703    
      175103   1.612637    
      175104   1.604572    
      175105   1.596509    
      175106   1.588447    
      175107   1.580388    
      175108   1.572331    
      175109   1.564278    
      175110   1.556228    
      175111   1.548182    
      175112   1.540140    
      175113   1.532103    
      175114   1.524071    
      175115   1.516044    
      175116   1.508024    
      175117   1.500010    
      175118   1.492003    
      175119   1.484003    
      175120   1.476011    
      175121   1.468028    
      175122   1.460054    
      175123   1.452090    
      175124   1.444137    
      175125   1.436195    
      175126   1.428266    
      175127   1.420350    
      175128   1.412448    
      175129   1.404562    
      175130   1.396694    
      175131   1.388844    
      175132   1.381015    
      175133   1.373208    
      175134   1.365425    
      175135   1.357670    
      175136   1.349943    
      175137   1.342249    
      175138   1.334591    
      175139   1.326973    
      175140   1.319400    
      175141   1.311877    
      175142   1.304411    
      175143   1.297007    
      175144   1.289669    
      175145   1.282398    
      175146   1.275192    
      175147   1.268048    
      175148   1.260956    
      175149   1.253898    
      175150   1.246839    
      175151   1.239719    
      175152   1.232447    
      175153   1.224941    
      175154   1.217210    
      175155   1.209336    
      175156   1.201386    
      175157   1.193398    
      175158   1.185393    
      175159   1.177379    
      175160   1.169363    
      175161   1.161347    
      175162   1.153332    
      175163   1.145320    
      175164   1.137312    
      175165   1.129308    
      175166   1.121310    
      175167   1.113319    
      175168   1.105335    
      175169   1.097360    
      175170   1.089396    
      175171   1.081445    
      175172   1.073506    
      175173   1.065583    
      175174   1.057677    
      175175   1.049789    
      175176   1.041921    
      175177   1.034076    
      175178   1.026257    
      175179   1.018465    
      175180   1.010705    
      175181   1.002979    
      175182  0.9952929    
      175183  0.9876512    
      175184  0.9800606    
      175185  0.9725287    
      175186  0.9650642    
      175187  0.9576759    
      175188  0.9503700    
      175189  0.9431497    
      175190  0.9360186    
      175191  0.9289818    
      175192  0.9220449    
      175193  0.9152133    
      175194  0.9084909    
      175195  0.9018795    
      175196  0.8953778    
      175197  0.8889814    
      175198  0.8826855    
      175199  0.8764853    
      175200  0.8703735    
      175201  0.8643413    
      175202  0.8583803    
      175203  0.8524826    
      175204  0.8466377    
      175205  0.8408262    
      175206  0.8350055    
      175207  0.8290883    
      175208  0.8229312    
      175209  0.8163654    
      175210  0.8093554    
      175211  0.8020287    
      175212  0.7945216    
      175213  0.7869186    
      175214  0.7792660    
      175215  0.7715882    
      175216  0.7638997    
      175217  0.7562093    
      175218  0.7485234    
      175219  0.7408471    
      175220  0.7331843    
      175221  0.7255390    
      175222  0.7179142    
      175223  0.7103132    
      175224  0.7027391    
      175225  0.6951951    
      175226  0.6876849    
      175227  0.6802126    
      175228  0.6727831    
      175229  0.6654012    
      175230  0.6580716    
      175231  0.6507975    
      175232  0.6435812    
      175233  0.6364241    
      175234  0.6293284    
      175235  0.6222975    
      175236  0.6153348    
      175237  0.6084442    
      175238  0.6016294    
      175239  0.5948940    
      175240  0.5882411    
      175241  0.5816723    
      175242  0.5751860    
      175243  0.5687740    
      175244  0.5624149    
      175245  0.5560681    
      175246  0.5496538    
      175247  0.5430314    
      175248  0.5360103    
      175249  0.5284948    
      175250  0.5206143    
      175251  0.5125318    
      175252  0.5043468    
      175253  0.4961120    
      175254  0.4878541    
      175255  0.4795860    
      175256  0.4713133    
      175257  0.4630384    
      175258  0.4547626    
      175259  0.4464863    
      175260  0.4382096    
      175261  0.4299327    
      175262  0.4216555    
      175263  0.4133781    
      175264  0.4051005    
      175265  0.3968227    
      175266  0.3885446    
      175267  0.3802662    
      175268  0.3719877    
      175269  0.3637090    
      175270  0.3554301    
      175271  0.3471510    
      175272  0.3388718    
      175273  0.3305924    
      175274  0.3223129    
      175275  0.3140332    
      175276  0.3057535    
      175277  0.2974736    
      175278  0.2891937    
      175279  0.2809138    
      175280  0.2726338    
      175281  0.2643538    
      175282  0.2560738    
      175283  0.2477937    
      175284  0.2395138    
      175285  0.2312338    
      175286  0.2229540    
      175287  0.2146741    
      175288  0.2063945    
      175289  0.1981149    
      175290  0.1898355    
      175291  0.1815564    
      175292  0.1732775    
      175293  0.1649989    
      175294  0.1567208    
      175295  0.1484433    
      175296  0.1401666    
      175297  0.1318908    
      175298  0.1236163    
      175299  0.1153435    
      175300  0.1070731    
      175301  9.8805934E-02
      175302  9.0543374E-02
      175303  8.2287371E-02
      175304  7.4040890E-02
      175305  6.5808564E-02
      175306  5.7597846E-02
      175307  4.9421683E-02
      175308  4.1305751E-02
      175309  3.3306755E-02
      175310  2.5558028E-02
      175311  1.8381413E-02
      175312  1.2555483E-02
      175313  9.8711383E-03
      175314  1.2447188E-02
      175315  1.8116126E-02
      175316  2.5069512E-02
      175317  3.2524049E-02
      175318  4.0163130E-02
      175319  4.7864594E-02
      175320  5.5583507E-02
      175321  6.3299723E-02
      175322  7.0988581E-02
      175323  7.8611270E-02
      175324  8.6135507E-02
      175325  9.3554772E-02
      175326  0.1008889    
      175327  0.1081654    
      175328  0.1154091    
      175329  0.1226396    
      175330  0.1298716    
      175331  0.1371170    
      175332  0.1443840    
      175333  0.1516788    
      175334  0.1590073    
      175335  0.1663759    
      175336  0.1737907    
      175337  0.1812561    
      175338  0.1887743    
      175339  0.1963448    
      175340  0.2039644    
      175341  0.2116307    
      175342  0.2193417    
      175343  0.2270952    
      175344  0.2348886    
      175345  0.2427189    
      175346  0.2505828    
      175347  0.2584772    
      175348  0.2663990    
      175349  0.2743455    
      175350  0.2823141    
      175351  0.2903027    
      175352  0.2983091    
      175353  0.3063317    
      175354  0.3143689    
      175355  0.3224191    
      175356  0.3304812    
      175357  0.3385540    
      175358  0.3466364    
      175359  0.3547276    
      175360  0.3628267    
      175361  0.3709330    
      175362  0.3790457    
      175363  0.3871642    
      175364  0.3952878    
      175365  0.4034159    
      175366  0.4115479    
      175367  0.4196829    
      175368  0.4278199    
      175369  0.4359577    
      175370  0.4440949    
      175371  0.4522290    
      175372  0.4603570    
      175373  0.4684742    
      175374  0.4765738    
      175375  0.4846458    
      175376  0.4926755    
      175377  0.5006419    
      175378  0.5085170    
      175379  0.5162671    
      175380  0.5238515    
      175381  0.5312251    
      175382  0.5383475    
      175383  0.5452028    
      175384  0.5518149    
      175385  0.5582450    
      175386  0.5645589    
      175387  0.5708071    
      175388  0.5770208    
      175389  0.5832161    
      175390  0.5894015    
      175391  0.5955814    
      175392  0.6017592    
      175393  0.6079388    
      175394  0.6141257    
      175395  0.6203274    
      175396  0.6265550    
      175397  0.6328223    
      175398  0.6391431    
      175399  0.6455281    
      175400  0.6519852    
      175401  0.6585203    
      175402  0.6651376    
      175403  0.6718380    
      175404  0.6786205    
      175405  0.6854837    
      175406  0.6924250    
      175407  0.6994398    
      175408  0.7065247    
      175409  0.7136781    
      175410  0.7208992    
      175411  0.7281886    
      175412  0.7355468    
      175413  0.7429740    
      175414  0.7504682    
      175415  0.7580251    
      175416  0.7656389    
      175417  0.7733052    
      175418  0.7810203    
      175419  0.7887809    
      175420  0.7965840    
      175421  0.8044257    
      175422  0.8123026    
      175423  0.8202109    
      175424  0.8281472    
      175425  0.8361085    
      175426  0.8440921    
      175427  0.8520955    
      175428  0.8601167    
      175429  0.8681538    
      175430  0.8762051    
      175431  0.8842691    
      175432  0.8923447    
      175433  0.9004306    
      175434  0.9085258    
      175435  0.9166296    
      175436  0.9247411    
      175437  0.9328595    
      175438  0.9409844    
      175439  0.9491149    
      175440  0.9572510    
      175441  0.9653919    
      175442  0.9735371    
      175443  0.9816864    
      175444  0.9898394    
      175445  0.9979959    
      175446   1.006155    
      175447   1.014318    
      175448   1.022483    
      175449   1.030650    
      175450   1.038820    
      175451   1.046992    
      175452   1.055166    
      175453   1.063341    
      175454   1.071518    
      175455   1.079696    
      175456   1.087876    
      175457   1.096056    
      175458   1.104238    
      175459   1.112421    
      175460   1.120605    
      175461   1.128790    
      175462   1.136975    
      175463   1.145161    
      175464   1.153348    
      175465   1.161535    
      175466   1.169723    
      175467   1.177911    
      175468   1.186099    
      175469   1.194288    
      175470   1.202477    
      175471   1.210667    
      175472   1.218857    
      175473   1.227047    
      175474   1.235237    
      175475   1.243428    
      175476   1.251618    
      175477   1.259809    
      175478   1.268000    
      175479   1.276191    
      175480   1.284382    
      175481   1.292573    
      175482   1.300764    
      175483   1.308955    
      175484   1.317147    
      175485   1.325338    
      175486   1.333529    
      175487   1.341720    
      175488   1.349912    
      175489   1.358103    
      175490   1.366294    
      175491   1.374485    
      175492   1.382677    
      175493   1.390868    
      175494   1.399059    
      175495   1.407251    
      175496   1.415442    
      175497   1.423633    
      175498   1.431824    
      175499   1.440016    
      175500   1.448207    
      175501   1.456398    
