       74201   1.040962    
       74202   1.032894    
       74203   1.024827    
       74204   1.016761    
       74205   1.008695    
       74206   1.000631    
       74207  0.9925683    
       74208  0.9845065    
       74209  0.9764462    
       74210  0.9683871    
       74211  0.9603298    
       74212  0.9522741    
       74213  0.9442203    
       74214  0.9361684    
       74215  0.9281185    
       74216  0.9200709    
       74217  0.9120255    
       74218  0.9039826    
       74219  0.8959426    
       74220  0.8879052    
       74221  0.8798709    
       74222  0.8718398    
       74223  0.8638120    
       74224  0.8557879    
       74225  0.8477676    
       74226  0.8397514    
       74227  0.8317395    
       74228  0.8237323    
       74229  0.8157299    
       74230  0.8077327    
       74231  0.7997410    
       74232  0.7917552    
       74233  0.7837754    
       74234  0.7758024    
       74235  0.7678365    
       74236  0.7598779    
       74237  0.7519275    
       74238  0.7439857    
       74239  0.7360528    
       74240  0.7281296    
       74241  0.7202169    
       74242  0.7123153    
       74243  0.7044256    
       74244  0.6965486    
       74245  0.6886853    
       74246  0.6808368    
       74247  0.6730043    
       74248  0.6651889    
       74249  0.6573920    
       74250  0.6496149    
       74251  0.6418594    
       74252  0.6341271    
       74253  0.6264201    
       74254  0.6187406    
       74255  0.6110911    
       74256  0.6034746    
       74257  0.5958945    
       74258  0.5883547    
       74259  0.5808599    
       74260  0.5734152    
       74261  0.5660255    
       74262  0.5586936    
       74263  0.5514197    
       74264  0.5442022    
       74265  0.5370382    
       74266  0.5299245    
       74267  0.5228574    
       74268  0.5158327    
       74269  0.5088457    
       74270  0.5018929    
       74271  0.4949720    
       74272  0.4880824    
       74273  0.4812254    
       74274  0.4744034    
       74275  0.4676193    
       74276  0.4608756    
       74277  0.4541724    
       74278  0.4475019    
       74279  0.4408439    
       74280  0.4341600    
       74281  0.4273762    
       74282  0.4203769    
       74283  0.4130310    
       74284  0.4053172    
       74285  0.3973467    
       74286  0.3892274    
       74287  0.3810298    
       74288  0.3727924    
       74289  0.3645354    
       74290  0.3562689    
       74291  0.3479978    
       74292  0.3397246    
       74293  0.3314504    
       74294  0.3231755    
       74295  0.3149004    
       74296  0.3066250    
       74297  0.2983494    
       74298  0.2900734    
       74299  0.2817972    
       74300  0.2735207    
       74301  0.2652437    
       74302  0.2569663    
       74303  0.2486885    
       74304  0.2404101    
       74305  0.2321315    
       74306  0.2238523    
       74307  0.2155728    
       74308  0.2072929    
       74309  0.1990126    
       74310  0.1907321    
       74311  0.1824513    
       74312  0.1741705    
       74313  0.1658896    
       74314  0.1576088    
       74315  0.1493282    
       74316  0.1410480    
       74317  0.1327682    
       74318  0.1244892    
       74319  0.1162113    
       74320  0.1079347    
       74321  9.9659845E-02
       74322  9.1387443E-02
       74323  8.3118387E-02
       74324  7.4854158E-02
       74325  6.6597357E-02
       74326  5.8353037E-02
       74327  5.0131764E-02
       74328  4.1957177E-02
       74329  3.3884622E-02
       74330  2.6047930E-02
       74331  1.8774647E-02
       74332  1.2862684E-02
       74333  1.0157422E-02
       74334  1.2862682E-02
       74335  1.8774645E-02
       74336  2.6047925E-02
       74337  3.3884618E-02
       74338  4.1957177E-02
       74339  5.0131761E-02
       74340  5.8353022E-02
       74341  6.6597342E-02
       74342  7.4854136E-02
       74343  8.3118364E-02
       74344  9.1387406E-02
       74345  9.9659786E-02
       74346  0.1079345    
       74347  0.1162111    
       74348  0.1244890    
       74349  0.1327679    
       74350  0.1410474    
       74351  0.1493274    
       74352  0.1576076    
       74353  0.1658878    
       74354  0.1741678    
       74355  0.1824474    
       74356  0.1907263    
       74357  0.1990045    
       74358  0.2072819    
       74359  0.2155585    
       74360  0.2238343    
       74361  0.2321094    
       74362  0.2403841    
       74363  0.2486585    
       74364  0.2569330    
       74365  0.2652077    
       74366  0.2734830    
       74367  0.2817589    
       74368  0.2900356    
       74369  0.2983130    
       74370  0.3065909    
       74371  0.3148690    
       74372  0.3231472    
       74373  0.3314253    
       74374  0.3397032    
       74375  0.3479805    
       74376  0.3562569    
       74377  0.3645320    
       74378  0.3728051    
       74379  0.3810750    
       74380  0.3893403    
       74381  0.3975986    
       74382  0.4058461    
       74383  0.4140773    
       74384  0.4222832    
       74385  0.4304496    
       74386  0.4385515    
       74387  0.4465688    
       74388  0.4545145    
       74389  0.4624138    
       74390  0.4702881    
       74391  0.4781522    
       74392  0.4860158    
       74393  0.4938844    
       74394  0.5017609    
       74395  0.5096462    
       74396  0.5175400    
       74397  0.5254415    
       74398  0.5333482    
       74399  0.5412571    
       74400  0.5491648    
       74401  0.5570666    
       74402  0.5649568    
       74403  0.5728266    
       74404  0.5806597    
       74405  0.5884250    
       74406  0.5960638    
       74407  0.6034741    
       74408  0.6105334    
       74409  0.6172062    
       74410  0.6236020    
       74411  0.6298555    
       74412  0.6360576    
       74413  0.6422633    
       74414  0.6485022    
       74415  0.6547918    
       74416  0.6611428    
       74417  0.6675622    
       74418  0.6740571    
       74419  0.6806319    
       74420  0.6872885    
       74421  0.6940263    
       74422  0.7008431    
       74423  0.7077358    
       74424  0.7147013    
       74425  0.7217370    
       74426  0.7288414    
       74427  0.7360142    
       74428  0.7432567    
       74429  0.7505704    
       74430  0.7579544    
       74431  0.7654026    
       74432  0.7729058    
       74433  0.7804576    
       74434  0.7880538    
       74435  0.7956911    
       74436  0.8033665    
       74437  0.8110771    
       74438  0.8188202    
       74439  0.8265932    
       74440  0.8343935    
       74441  0.8422192    
       74442  0.8500680    
       74443  0.8579378    
       74444  0.8658270    
       74445  0.8737339    
       74446  0.8816572    
       74447  0.8895953    
       74448  0.8975471    
       74449  0.9055116    
       74450  0.9134877    
       74451  0.9214745    
       74452  0.9294711    
       74453  0.9374771    
       74454  0.9454913    
       74455  0.9535131    
       74456  0.9615421    
       74457  0.9695777    
       74458  0.9776191    
       74459  0.9856661    
       74460  0.9937181    
       74461   1.001775    
       74462   1.009835    
       74463   1.017900    
       74464   1.025968    
       74465   1.034039    
       74466   1.042112    
       74467   1.050186    
       74468   1.058259    
       74469   1.066326    
       74470   1.074376    
       74471   1.082383    
       74472   1.090294    
       74473   1.098005    
       74474   1.105354    
       74475   1.112251    
       74476   1.118813    
       74477   1.125212    
       74478   1.131561    
       74479   1.137919    
       74480   1.144314    
       74481   1.150758    
       74482   1.157254    
       74483   1.163804    
       74484   1.170406    
       74485   1.177060    
       74486   1.183767    
       74487   1.190526    
       74488   1.197337    
       74489   1.204199    
       74490   1.211113    
       74491   1.218078    
       74492   1.225093    
       74493   1.232158    
       74494   1.239275    
       74495   1.246445    
       74496   1.253667    
       74497   1.260942    
       74498   1.268263    
       74499   1.275624    
       74500   1.283020    
       74501   1.290444    
       74502   1.297891    
       74503   1.305355    
       74504   1.312826    
       74505   1.320291    
       74506   1.327735    
       74507   1.335132    
       74508   1.342446    
       74509   1.349626    
       74510   1.356596    
       74511   1.363253    
       74512   1.369503    
       74513   1.375332    
       74514   1.380831    
       74515   1.386132    
       74516   1.391350    
       74517   1.396581    
       74518   1.401891    
       74519   1.407318    
       74520   1.412881    
       74521   1.418590    
       74522   1.424445    
       74523   1.430441    
       74524   1.436566    
       74525   1.442810    
       74526   1.449168    
       74527   1.455631    
       74528   1.462192    
       74529   1.468843    
       74530   1.475581    
       74531   1.482400    
       74532   1.489299    
       74533   1.496275    
       74534   1.503327    
       74535   1.510454    
       74536   1.517657    
       74537   1.524938    
       74538   1.532300    
       74539   1.539744    
       74540   1.547264    
       74541   1.554850    
       74542   1.562494    
       74543   1.570191    
       74544   1.577936    
       74545   1.585725    
       74546   1.593554    
       74547   1.601419    
       74548   1.609316    
       74549   1.617241    
       74550   1.625192    
       74551   1.633165    
       74552   1.641158    
       74553   1.649168    
       74554   1.657195    
       74555   1.665236    
       74556   1.673290    
       74557   1.681355    
       74558   1.689430    
       74559   1.697515    
       74560   1.705608    
       74561   1.713709    
       74562   1.721817    
       74563   1.729931    
       74564   1.738050    
       74565   1.746174    
       74566   1.754302    
       74567   1.762433    
       74568   1.770567    
       74569   1.778701    
       74570   1.786835    
       74571   1.794966    
       74572   1.803091    
       74573   1.811205    
       74574   1.819302    
       74575   1.827370    
       74576   1.835397    
       74577   1.843359    
       74578   1.851230    
       74579   1.858975    
       74580   1.866554    
       74581   1.873921    
       74582   1.881035    
       74583   1.887883    
       74584   1.894489    
       74585   1.900914    
       74586   1.907225    
       74587   1.913471    
       74588   1.919682    
       74589   1.925876    
       74590   1.932061    
       74591   1.938240    
       74592   1.944417    
       74593   1.950595    
       74594   1.956782    
       74595   1.962983    
       74596   1.969210    
       74597   1.975477    
       74598   1.981797    
       74599   1.988181    
       74600   1.994638    
       74601   2.001173    
       74602   2.007790    
       74603   2.014490    
       74604   2.021272    
       74605   2.028135    
       74606   2.035076    
       74607   2.042091    
       74608   2.049174    
       74609   2.056325    
       74610   2.063541    
       74611   2.070818    
       74612   2.078148    
       74613   2.085502    
