      240109   2.092477    
      240110   2.085419    
      240111   2.078299    
      240112   2.071027    
      240113   2.063521    
      240114   2.055789    
      240115   2.047915    
      240116   2.039965    
      240117   2.031977    
      240118   2.023971    
      240119   2.015958    
      240120   2.007942    
      240121   1.999925    
      240122   1.991911    
      240123   1.983899    
      240124   1.975890    
      240125   1.967887    
      240126   1.959888    
      240127   1.951897    
      240128   1.943913    
      240129   1.935939    
      240130   1.927975    
      240131   1.920023    
      240132   1.912085    
      240133   1.904161    
      240134   1.896255    
      240135   1.888367    
      240136   1.880499    
      240137   1.872654    
      240138   1.864835    
      240139   1.857043    
      240140   1.849283    
      240141   1.841558    
      240142   1.833871    
      240143   1.826230    
      240144   1.818639    
      240145   1.811107    
      240146   1.803643    
      240147   1.796255    
      240148   1.788949    
      240149   1.781729    
      240150   1.774598    
      240151   1.767562    
      240152   1.760625    
      240153   1.753794    
      240154   1.747072    
      240155   1.740461    
      240156   1.733960    
      240157   1.727564    
      240158   1.721268    
      240159   1.715068    
      240160   1.708957    
      240161   1.702925    
      240162   1.696964    
      240163   1.691067    
      240164   1.685222    
      240165   1.679411    
      240166   1.673590    
      240167   1.667673    
      240168   1.661515    
      240169   1.654948    
      240170   1.647937    
      240171   1.640610    
      240172   1.633103    
      240173   1.625500    
      240174   1.617848    
      240175   1.610170    
      240176   1.602482    
      240177   1.594792    
      240178   1.587106    
      240179   1.579430    
      240180   1.571768    
      240181   1.564123    
      240182   1.556498    
      240183   1.548898    
      240184   1.541324    
      240185   1.533780    
      240186   1.526271    
      240187   1.518799    
      240188   1.511371    
      240189   1.503990    
      240190   1.496662    
      240191   1.489389    
      240192   1.482174    
      240193   1.475019    
      240194   1.467925    
      240195   1.460896    
      240196   1.453935    
      240197   1.447047    
      240198   1.440234    
      240199   1.433501    
      240200   1.426852    
      240201   1.420289    
      240202   1.413812    
      240203   1.407421    
      240204   1.401113    
      240205   1.394879    
      240206   1.388693    
      240207   1.382492    
      240208   1.376162    
      240209   1.369513    
      240210   1.362349    
      240211   1.354711    
      240212   1.346790    
      240213   1.338730    
      240214   1.330606    
      240215   1.322456    
      240216   1.314293    
      240217   1.306127    
      240218   1.297959    
      240219   1.289791    
      240220   1.281624    
      240221   1.273458    
      240222   1.265294    
      240223   1.257130    
      240224   1.248968    
      240225   1.240808    
      240226   1.232650    
      240227   1.224494    
      240228   1.216340    
      240229   1.208189    
      240230   1.200040    
      240231   1.191895    
      240232   1.183753    
      240233   1.175614    
      240234   1.167480    
      240235   1.159351    
      240236   1.151226    
      240237   1.143107    
      240238   1.134993    
      240239   1.126887    
      240240   1.118787    
      240241   1.110695    
      240242   1.102612    
      240243   1.094539    
      240244   1.086477    
      240245   1.078426    
      240246   1.070389    
      240247   1.062367    
      240248   1.054361    
      240249   1.046374    
      240250   1.038407    
      240251   1.030464    
      240252   1.022547    
      240253   1.014659    
      240254   1.006804    
      240255  0.9989867    
      240256  0.9912102    
      240257  0.9834789    
      240258  0.9757967    
      240259  0.9681673    
      240260  0.9605937    
      240261  0.9530784    
      240262  0.9456229    
      240263  0.9382282    
      240264  0.9308951    
      240265  0.9236251    
      240266  0.9164209    
      240267  0.9092866    
      240268  0.9022272    
      240269  0.8952504    
      240270  0.8883662    
      240271  0.8815858    
      240272  0.8749219    
      240273  0.8683872    
      240274  0.8619922    
      240275  0.8557414    
      240276  0.8496304    
      240277  0.8436480    
      240278  0.8377748    
      240279  0.8319832    
      240280  0.8262369    
      240281  0.8204871    
      240282  0.8146682    
      240283  0.8086892    
      240284  0.8024349    
      240285  0.7957916    
      240286  0.7887261    
      240287  0.7813032    
      240288  0.7736280    
      240289  0.7657890    
      240290  0.7578440    
      240291  0.7498271    
      240292  0.7417592    
      240293  0.7336531    
      240294  0.7255181    
      240295  0.7173615    
      240296  0.7091895    
      240297  0.7010071    
      240298  0.6928180    
      240299  0.6846247    
      240300  0.6764289    
      240301  0.6682320    
      240302  0.6600349    
      240303  0.6518382    
      240304  0.6436423    
      240305  0.6354479    
      240306  0.6272551    
      240307  0.6190645    
      240308  0.6108763    
      240309  0.6026908    
      240310  0.5945084    
      240311  0.5863295    
      240312  0.5781546    
      240313  0.5699841    
      240314  0.5618185    
      240315  0.5536585    
      240316  0.5455048    
      240317  0.5373582    
      240318  0.5292197    
      240319  0.5210904    
      240320  0.5129716    
      240321  0.5048648    
      240322  0.4967718    
      240323  0.4886947    
      240324  0.4806363    
      240325  0.4725995    
      240326  0.4645882    
      240327  0.4566070    
      240328  0.4486616    
      240329  0.4407591    
      240330  0.4329084    
      240331  0.4251203    
      240332  0.4174078    
      240333  0.4097851    
      240334  0.4022677    
      240335  0.3948701    
      240336  0.3876044    
      240337  0.3804800    
      240338  0.3735036    
      240339  0.3666773    
      240340  0.3599970    
      240341  0.3534544    
      240342  0.3470370    
      240343  0.3407288    
      240344  0.3345118    
      240345  0.3283686    
      240346  0.3222852    
      240347  0.3162516    
      240348  0.3102621    
      240349  0.3043148    
      240350  0.2984100    
      240351  0.2925496    
      240352  0.2867362    
      240353  0.2809713    
      240354  0.2752510    
      240355  0.2695559    
      240356  0.2638333    
      240357  0.2579782    
      240358  0.2518221    
      240359  0.2451687    
      240360  0.2379723    
      240361  0.2303774    
      240362  0.2225479    
      240363  0.2145862    
      240364  0.2065434    
      240365  0.1984453    
      240366  0.1903065    
      240367  0.1821364    
      240368  0.1739416    
      240369  0.1657269    
      240370  0.1574956    
      240371  0.1492511    
      240372  0.1409961    
      240373  0.1327336    
      240374  0.1244662    
      240375  0.1161960    
      240376  0.1079245    
      240377  9.9653102E-02
      240378  9.1382980E-02
      240379  8.3115429E-02
      240380  7.4852206E-02
      240381  6.6596076E-02
      240382  5.8352195E-02
      240383  5.0131220E-02
      240384  4.1956827E-02
      240385  3.3884399E-02
      240386  2.6047792E-02
      240387  1.8774569E-02
      240388  1.2862640E-02
      240389  1.0157396E-02
      240390  1.2862661E-02
      240391  1.8774621E-02
      240392  2.6047900E-02
      240393  3.3884589E-02
      240394  4.1957144E-02
      240395  5.0131727E-02
      240396  5.8352996E-02
      240397  6.6597328E-02
      240398  7.4854121E-02
      240399  8.3118357E-02
      240400  9.1387421E-02
      240401  9.9659815E-02
      240402  0.1079347    
      240403  0.1162113    
      240404  0.1244893    
      240405  0.1327683    
      240406  0.1410481    
      240407  0.1493284    
      240408  0.1576091    
      240409  0.1658900    
      240410  0.1741712    
      240411  0.1824524    
      240412  0.1907337    
      240413  0.1990149    
      240414  0.2072962    
      240415  0.2155775    
      240416  0.2238587    
      240417  0.2321399    
      240418  0.2404210    
      240419  0.2487021    
      240420  0.2569831    
      240421  0.2652640    
      240422  0.2735449    
      240423  0.2818257    
      240424  0.2901064    
      240425  0.2983871    
      240426  0.3066676    
      240427  0.3149481    
      240428  0.3232285    
      240429  0.3315088    
      240430  0.3397890    
      240431  0.3480691    
      240432  0.3563492    
      240433  0.3646291    
      240434  0.3729089    
      240435  0.3811886    
      240436  0.3894683    
      240437  0.3977478    
      240438  0.4060271    
      240439  0.4143063    
      240440  0.4225854    
      240441  0.4308644    
      240442  0.4391432    
      240443  0.4474220    
      240444  0.4557005    
      240445  0.4639789    
      240446  0.4722571    
      240447  0.4805352    
      240448  0.4888131    
      240449  0.4970908    
      240450  0.5053684    
      240451  0.5136458    
      240452  0.5219229    
      240453  0.5301998    
      240454  0.5384761    
      240455  0.5467515    
      240456  0.5550249    
      240457  0.5632957    
      240458  0.5715641    
      240459  0.5798302    
      240460  0.5880942    
      240461  0.5963562    
