       89881   1.263216    
       89882   1.255148    
       89883   1.247081    
       89884   1.239015    
       89885   1.230949    
       89886   1.222885    
       89887   1.214822    
       89888   1.206761    
       89889   1.198700    
       89890   1.190641    
       89891   1.182584    
       89892   1.174528    
       89893   1.166474    
       89894   1.158423    
       89895   1.150373    
       89896   1.142325    
       89897   1.134280    
       89898   1.126237    
       89899   1.118197    
       89900   1.110159    
       89901   1.102125    
       89902   1.094094    
       89903   1.086066    
       89904   1.078042    
       89905   1.070022    
       89906   1.062005    
       89907   1.053994    
       89908   1.045986    
       89909   1.037984    
       89910   1.029987    
       89911   1.021995    
       89912   1.014009    
       89913   1.006029    
       89914  0.9980564    
       89915  0.9900904    
       89916  0.9821320    
       89917  0.9741815    
       89918  0.9662396    
       89919  0.9583068    
       89920  0.9503838    
       89921  0.9424710    
       89922  0.9345694    
       89923  0.9266796    
       89924  0.9188027    
       89925  0.9109395    
       89926  0.9030911    
       89927  0.8952586    
       89928  0.8874433    
       89929  0.8796464    
       89930  0.8718694    
       89931  0.8641140    
       89932  0.8563820    
       89933  0.8486751    
       89934  0.8409958    
       89935  0.8333466    
       89936  0.8257304    
       89937  0.8181506    
       89938  0.8106114    
       89939  0.8031172    
       89940  0.7956731    
       89941  0.7882841    
       89942  0.7809533    
       89943  0.7736809    
       89944  0.7664652    
       89945  0.7593033    
       89946  0.7521923    
       89947  0.7451283    
       89948  0.7381071    
       89949  0.7311239    
       89950  0.7241747    
       89951  0.7172573    
       89952  0.7103711    
       89953  0.7035178    
       89954  0.6967002    
       89955  0.6899221    
       89956  0.6831880    
       89957  0.6765023    
       89958  0.6698699    
       89959  0.6632943    
       89960  0.6567776    
       89961  0.6503187    
       89962  0.6439097    
       89963  0.6375310    
       89964  0.6311459    
       89965  0.6246902    
       89966  0.6180538    
       89967  0.6110759    
       89968  0.6036364    
       89969  0.5958163    
       89970  0.5877767    
       89971  0.5796239    
       89972  0.5714148    
       89973  0.5631778    
       89974  0.5549263    
       89975  0.5466665    
       89976  0.5384012    
       89977  0.5301323    
       89978  0.5218616    
       89979  0.5135898    
       89980  0.5053173    
       89981  0.4970441    
       89982  0.4887704    
       89983  0.4804959    
       89984  0.4722207    
       89985  0.4639451    
       89986  0.4556689    
       89987  0.4473922    
       89988  0.4391149    
       89989  0.4308372    
       89990  0.4225590    
       89991  0.4142804    
       89992  0.4060015    
       89993  0.3977224    
       89994  0.3894431    
       89995  0.3811636    
       89996  0.3728840    
       89997  0.3646042    
       89998  0.3563243    
       89999  0.3480443    
       90000  0.3397642    
       90001  0.3314840    
       90002  0.3232037    
       90003  0.3149233    
       90004  0.3066429    
       90005  0.2983624    
       90006  0.2900817    
       90007  0.2818010    
       90008  0.2735203    
       90009  0.2652394    
       90010  0.2569585    
       90011  0.2486776    
       90012  0.2403965    
       90013  0.2321154    
       90014  0.2238343    
       90015  0.2155531    
       90016  0.2072719    
       90017  0.1989906    
       90018  0.1907094    
       90019  0.1824282    
       90020  0.1741470    
       90021  0.1658659    
       90022  0.1575850    
       90023  0.1493044    
       90024  0.1410241    
       90025  0.1327444    
       90026  0.1244655    
       90027  0.1161876    
       90028  0.1079110    
       90029  9.9636376E-02
       90030  9.1364175E-02
       90031  8.3095402E-02
       90032  7.4831583E-02
       90033  6.6575378E-02
       90034  5.8331911E-02
       90035  5.0111853E-02
       90036  4.1938953E-02
       90037  3.3868626E-02
       90038  2.6034661E-02
       90039  1.8764388E-02
       90040  1.2855172E-02
       90041  1.0151140E-02
       90042  1.2854495E-02
       90043  1.8762773E-02
       90044  2.6031844E-02
       90045  3.3864439E-02
       90046  4.1933347E-02
       90047  5.0104916E-02
       90048  5.8323871E-02
       90049  6.6566505E-02
       90050  7.4822105E-02
       90051  8.3085507E-02
       90052  9.1353983E-02
       90053  9.9625967E-02
       90054  0.1079005    
       90055  0.1161769    
       90056  0.1244547    
       90057  0.1327336    
       90058  0.1410132    
       90059  0.1492934    
       90060  0.1575740    
       90061  0.1658549    
       90062  0.1741359    
       90063  0.1824170    
       90064  0.1906981    
       90065  0.1989793    
       90066  0.2072604    
       90067  0.2155415    
       90068  0.2238224    
       90069  0.2321032    
       90070  0.2403838    
       90071  0.2486641    
       90072  0.2569441    
       90073  0.2652234    
       90074  0.2735020    
       90075  0.2817793    
       90076  0.2900551    
       90077  0.2983285    
       90078  0.3065990    
       90079  0.3148657    
       90080  0.3231284    
       90081  0.3313870    
       90082  0.3396417    
       90083  0.3478928    
       90084  0.3561406    
       90085  0.3643848    
       90086  0.3726241    
       90087  0.3808547    
       90088  0.3890681    
       90089  0.3972458    
       90090  0.4053506    
       90091  0.4133114    
       90092  0.4210066    
       90093  0.4283077    
       90094  0.4352292    
       90095  0.4419099    
       90096  0.4484767    
       90097  0.4550169    
       90098  0.4615823    
       90099  0.4682035    
       90100  0.4748948    
       90101  0.4816614    
       90102  0.4885036    
       90103  0.4954195    
       90104  0.5024068    
       90105  0.5094637    
       90106  0.5165890    
       90107  0.5237825    
       90108  0.5310463    
       90109  0.5383828    
       90110  0.5457903    
       90111  0.5532611    
       90112  0.5607865    
       90113  0.5683606    
       90114  0.5759794    
       90115  0.5836391    
       90116  0.5913364    
       90117  0.5990682    
       90118  0.6068313    
       90119  0.6146231    
       90120  0.6224408    
       90121  0.6302822    
       90122  0.6381451    
       90123  0.6460276    
       90124  0.6539279    
       90125  0.6618445    
       90126  0.6697759    
       90127  0.6777209    
       90128  0.6856785    
       90129  0.6936476    
       90130  0.7016273    
       90131  0.7096167    
       90132  0.7176151    
       90133  0.7256218    
       90134  0.7336361    
       90135  0.7416574    
       90136  0.7496850    
       90137  0.7577188    
       90138  0.7657579    
       90139  0.7738021    
       90140  0.7818508    
       90141  0.7899038    
       90142  0.7979605    
       90143  0.8060206    
       90144  0.8140836    
       90145  0.8221487    
       90146  0.8302145    
       90147  0.8382781    
       90148  0.8463327    
       90149  0.8543634    
       90150  0.8623364    
       90151  0.8701805    
       90152  0.8777635    
       90153  0.8849155    
       90154  0.8916140    
       90155  0.8980296    
       90156  0.9043230    
       90157  0.9105893    
       90158  0.9168795    
       90159  0.9232151    
       90160  0.9296023    
       90161  0.9360433    
       90162  0.9425384    
       90163  0.9490872    
       90164  0.9556892    
       90165  0.9623437    
       90166  0.9690506    
       90167  0.9758098    
       90168  0.9826210    
       90169  0.9894836    
       90170  0.9963976    
       90171   1.003362    
       90172   1.010377    
       90173   1.017443    
       90174   1.024560    
       90175   1.031729    
       90176   1.038952    
       90177   1.046226    
       90178   1.053547    
       90179   1.060909    
       90180   1.068304    
       90181   1.075728    
       90182   1.083176    
       90183   1.090639    
       90184   1.098110    
       90185   1.105576    
       90186   1.113020    
       90187   1.120417    
       90188   1.127731    
       90189   1.134911    
       90190   1.141880    
       90191   1.148538    
       90192   1.154788    
       90193   1.160616    
       90194   1.166116    
       90195   1.171416    
       90196   1.176634    
       90197   1.181865    
       90198   1.187175    
       90199   1.192602    
       90200   1.198166    
       90201   1.203875    
       90202   1.209730    
       90203   1.215725    
       90204   1.221850    
       90205   1.228095    
       90206   1.234453    
       90207   1.240916    
       90208   1.247477    
       90209   1.254128    
       90210   1.260866    
       90211   1.267685    
       90212   1.274584    
       90213   1.281560    
       90214   1.288612    
       90215   1.295739    
       90216   1.302942    
       90217   1.310223    
       90218   1.317585    
       90219   1.325029    
       90220   1.332549    
       90221   1.340135    
       90222   1.347779    
       90223   1.355476    
       90224   1.363221    
       90225   1.371010    
       90226   1.378839    
       90227   1.386704    
       90228   1.394601    
       90229   1.402526    
       90230   1.410477    
       90231   1.418450    
       90232   1.426443    
       90233   1.434453    
       90234   1.442480    
       90235   1.450521    
       90236   1.458574    
       90237   1.466640    
       90238   1.474715    
       90239   1.482800    
       90240   1.490893    
       90241   1.498994    
       90242   1.507102    
       90243   1.515216    
       90244   1.523335    
       90245   1.531459    
       90246   1.539587    
       90247   1.547718    
       90248   1.555852    
       90249   1.563986    
       90250   1.572120    
       90251   1.580251    
       90252   1.588376    
       90253   1.596490    
       90254   1.604586    
       90255   1.612655    
       90256   1.620682    
       90257   1.628644    
       90258   1.636515    
       90259   1.644260    
       90260   1.651839    
       90261   1.659206    
       90262   1.666320    
       90263   1.673168    
       90264   1.679774    
       90265   1.686199    
       90266   1.692509    
       90267   1.698756    
       90268   1.704967    
       90269   1.711161    
       90270   1.717345    
       90271   1.723524    
       90272   1.729702    
       90273   1.735880    
       90274   1.742066    
       90275   1.748267    
       90276   1.754494    
       90277   1.760761    
       90278   1.767081    
       90279   1.773466    
       90280   1.779923    
       90281   1.786458    
       90282   1.793075    
       90283   1.799775    
       90284   1.806557    
       90285   1.813420    
       90286   1.820361    
       90287   1.827376    
       90288   1.834460    
       90289   1.841612    
       90290   1.848832    
       90291   1.856119    
       90292   1.863476    
       90293   1.870902    
       90294   1.878395    
       90295   1.885952    
       90296   1.893565    
       90297   1.901232    
       90298   1.908947    
       90299   1.916708    
       90300   1.924510    
       90301   1.932352    
       90302   1.940228    
       90303   1.948136    
       90304   1.956072    
       90305   1.964033    
       90306   1.972016    
       90307   1.980019    
       90308   1.988040    
       90309   1.996077    
       90310   2.004128    
       90311   2.012191    
       90312   2.020267    
       90313   2.028353    
       90314   2.036448    
       90315   2.044551    
       90316   2.052662    
       90317   2.060778    
       90318   2.068899    
       90319   2.077019    
       90320   2.085126    
       90321   2.093190    
