      231133   2.084622    
      231134   2.076840    
      231135   2.069084    
      231136   2.061358    
      231137   2.053664    
      231138   2.046005    
      231139   2.038387    
      231140   2.030814    
      231141   2.023291    
      231142   2.015825    
      231143   2.008421    
      231144   2.001083    
      231145   1.993812    
      231146   1.986606    
      231147   1.979461    
      231148   1.972370    
      231149   1.965312    
      231150   1.958253    
      231151   1.951133    
      231152   1.943861    
      231153   1.936355    
      231154   1.928624    
      231155   1.920749    
      231156   1.912799    
      231157   1.904811    
      231158   1.896806    
      231159   1.888792    
      231160   1.880776    
      231161   1.872760    
      231162   1.864745    
      231163   1.856733    
      231164   1.848725    
      231165   1.840721    
      231166   1.832723    
      231167   1.824731    
      231168   1.816748    
      231169   1.808773    
      231170   1.800809    
      231171   1.792857    
      231172   1.784919    
      231173   1.776996    
      231174   1.769089    
      231175   1.761201    
      231176   1.753334    
      231177   1.745489    
      231178   1.737669    
      231179   1.729878    
      231180   1.722118    
      231181   1.714392    
      231182   1.706706    
      231183   1.699064    
      231184   1.691474    
      231185   1.683942    
      231186   1.676478    
      231187   1.669090    
      231188   1.661784    
      231189   1.654564    
      231190   1.647433    
      231191   1.640396    
      231192   1.633460    
      231193   1.626628    
      231194   1.619906    
      231195   1.613295    
      231196   1.606794    
      231197   1.600398    
      231198   1.594103    
      231199   1.587903    
      231200   1.581791    
      231201   1.575759    
      231202   1.569799    
      231203   1.563901    
      231204   1.558057    
      231205   1.552246    
      231206   1.546425    
      231207   1.540507    
      231208   1.534349    
      231209   1.527782    
      231210   1.520772    
      231211   1.513445    
      231212   1.505937    
      231213   1.498335    
      231214   1.490682    
      231215   1.483005    
      231216   1.475316    
      231217   1.467626    
      231218   1.459941    
      231219   1.452265    
      231220   1.444602    
      231221   1.436957    
      231222   1.429333    
      231223   1.421732    
      231224   1.414158    
      231225   1.406615    
      231226   1.399105    
      231227   1.391634    
      231228   1.384205    
      231229   1.376824    
      231230   1.369496    
      231231   1.362223    
      231232   1.355008    
      231233   1.347853    
      231234   1.340759    
      231235   1.333730    
      231236   1.326770    
      231237   1.319881    
      231238   1.313069    
      231239   1.306336    
      231240   1.299687    
      231241   1.293123    
      231242   1.286647    
      231243   1.280258    
      231244   1.273956    
      231245   1.267738    
      231246   1.261591    
      231247   1.255482    
      231248   1.249337    
      231249   1.243022    
      231250   1.236322    
      231251   1.229066    
      231252   1.221365    
      231253   1.213418    
      231254   1.205353    
      231255   1.197236    
      231256   1.189097    
      231257   1.180949    
      231258   1.172798    
      231259   1.164647    
      231260   1.156497    
      231261   1.148347    
      231262   1.140199    
      231263   1.132053    
      231264   1.123909    
      231265   1.115767    
      231266   1.107627    
      231267   1.099490    
      231268   1.091356    
      231269   1.083225    
      231270   1.075097    
      231271   1.066973    
      231272   1.058853    
      231273   1.050738    
      231274   1.042628    
      231275   1.034523    
      231276   1.026424    
      231277   1.018331    
      231278   1.010246    
      231279   1.002167    
      231280  0.9940977    
      231281  0.9860373    
      231282  0.9779869    
      231283  0.9699478    
      231284  0.9619207    
      231285  0.9539072    
      231286  0.9459084    
      231287  0.9379261    
      231288  0.9299618    
      231289  0.9220176    
      231290  0.9140952    
      231291  0.9061974    
      231292  0.8983263    
      231293  0.8904850    
      231294  0.8826762    
      231295  0.8749029    
      231296  0.8671681    
      231297  0.8594749    
      231298  0.8518267    
      231299  0.8442269    
      231300  0.8366790    
      231301  0.8291861    
      231302  0.8217505    
      231303  0.8143743    
      231304  0.8070586    
      231305  0.7998055    
      231306  0.7926177    
      231307  0.7854992    
      231308  0.7784554    
      231309  0.7714942    
      231310  0.7646251    
      231311  0.7578596    
      231312  0.7512101    
      231313  0.7446892    
      231314  0.7383069    
      231315  0.7320675    
      231316  0.7259657    
      231317  0.7199905    
      231318  0.7141210    
      231319  0.7083288    
      231320  0.7025768    
      231321  0.6968159    
      231322  0.6909810    
      231323  0.6849827    
      231324  0.6787090    
      231325  0.6720499    
      231326  0.6649741    
      231327  0.6575456    
      231328  0.6498675    
      231329  0.6420269    
      231330  0.6340808    
      231331  0.6260632    
      231332  0.6179946    
      231333  0.6098880    
      231334  0.6017526    
      231335  0.5935956    
      231336  0.5854231    
      231337  0.5772403    
      231338  0.5690508    
      231339  0.5608571    
      231340  0.5526609    
      231341  0.5444636    
      231342  0.5362661    
      231343  0.5280690    
      231344  0.5198728    
      231345  0.5116780    
      231346  0.5034849    
      231347  0.4952939    
      231348  0.4871052    
      231349  0.4789193    
      231350  0.4707365    
      231351  0.4625573    
      231352  0.4543819    
      231353  0.4462109    
      231354  0.4380449    
      231355  0.4298845    
      231356  0.4217304    
      231357  0.4135833    
      231358  0.4054443    
      231359  0.3973144    
      231360  0.3891950    
      231361  0.3810875    
      231362  0.3729938    
      231363  0.3649160    
      231364  0.3568566    
      231365  0.3488188    
      231366  0.3408064    
      231367  0.3328238    
      231368  0.3248768    
      231369  0.3169725    
      231370  0.3091195    
      231371  0.3013285    
      231372  0.2936124    
      231373  0.2859853    
      231374  0.2784623    
      231375  0.2710577    
      231376  0.2637836    
      231377  0.2566488    
      231378  0.2496598    
      231379  0.2428180    
      231380  0.2361187    
      231381  0.2295530    
      231382  0.2231076    
      231383  0.2167653    
      231384  0.2105071    
      231385  0.2043142    
      231386  0.1981712    
      231387  0.1920665    
      231388  0.1859911    
      231389  0.1799378    
      231390  0.1738991    
      231391  0.1678650    
      231392  0.1618171    
      231393  0.1557176    
      231394  0.1494985    
      231395  0.1430589    
      231396  0.1362903    
      231397  0.1291512    
      231398  0.1216947    
      231399  0.1140189    
      231400  0.1062070    
      231401  9.8304003E-02
      231402  9.0332709E-02
      231403  8.2307398E-02
      231404  7.4238911E-02
      231405  6.6137217E-02
      231406  5.8014371E-02
      231407  4.9887586E-02
      231408  4.1785892E-02
      231409  3.3768803E-02
      231410  2.5973404E-02
      231411  1.8729784E-02
      231412  1.2837447E-02
      231413  1.0142244E-02
      231414  1.2849027E-02
      231415  1.8759098E-02
      231416  2.6029876E-02
      231417  3.3864386E-02
      231418  4.1935269E-02
      231419  5.0108649E-02
      231420  5.8329068E-02
      231421  6.6572793E-02
      231422  7.4829169E-02
      231423  8.3093107E-02
      231424  9.1361955E-02
      231425  9.9634215E-02
      231426  0.1079089    
      231427  0.1161855    
      231428  0.1244634    
      231429  0.1327424    
      231430  0.1410221    
      231431  0.1493024    
      231432  0.1575830    
      231433  0.1658639    
      231434  0.1741450    
      231435  0.1824262    
      231436  0.1907074    
      231437  0.1989887    
      231438  0.2072699    
      231439  0.2155512    
      231440  0.2238324    
      231441  0.2321135    
      231442  0.2403946    
      231443  0.2486756    
      231444  0.2569566    
      231445  0.2652375    
      231446  0.2735184    
      231447  0.2817992    
      231448  0.2900799    
      231449  0.2983605    
      231450  0.3066411    
      231451  0.3149216    
      231452  0.3232019    
      231453  0.3314822    
      231454  0.3397624    
      231455  0.3480425    
      231456  0.3563226    
      231457  0.3646025    
      231458  0.3728823    
      231459  0.3811620    
      231460  0.3894416    
      231461  0.3977211    
      231462  0.4060004    
      231463  0.4142796    
      231464  0.4225587    
      231465  0.4308377    
      231466  0.4391165    
      231467  0.4473952    
      231468  0.4556738    
      231469  0.4639522    
      231470  0.4722304    
      231471  0.4805084    
      231472  0.4887863    
      231473  0.4970640    
      231474  0.5053415    
      231475  0.5136189    
      231476  0.5218960    
      231477  0.5301728    
      231478  0.5384490    
      231479  0.5467244    
      231480  0.5549977    
      231481  0.5632684    
      231482  0.5715367    
      231483  0.5798026    
      231484  0.5880665    
      231485  0.5963283    
      231486  0.6045883    
      231487  0.6128465    
      231488  0.6211030    
      231489  0.6293579    
      231490  0.6376114    
      231491  0.6458634    
      231492  0.6541138    
      231493  0.6623628    
      231494  0.6706104    
      231495  0.6788567    
      231496  0.6871016    
      231497  0.6953451    
      231498  0.7035873    
      231499  0.7118281    
      231500  0.7200677    
      231501  0.7283059    
