      129641   1.783371    
      129642   1.775302    
      129643   1.767233    
      129644   1.759166    
      129645   1.751099    
      129646   1.743034    
      129647   1.734969    
      129648   1.726906    
      129649   1.718844    
      129650   1.710784    
      129651   1.702725    
      129652   1.694668    
      129653   1.686612    
      129654   1.678558    
      129655   1.670506    
      129656   1.662457    
      129657   1.654410    
      129658   1.646365    
      129659   1.638322    
      129660   1.630283    
      129661   1.622246    
      129662   1.614212    
      129663   1.606182    
      129664   1.598155    
      129665   1.590132    
      129666   1.582113    
      129667   1.574098    
      129668   1.566087    
      129669   1.558082    
      129670   1.550081    
      129671   1.542086    
      129672   1.534096    
      129673   1.526113    
      129674   1.518136    
      129675   1.510166    
      129676   1.502203    
      129677   1.494248    
      129678   1.486302    
      129679   1.478364    
      129680   1.470436    
      129681   1.462518    
      129682   1.454611    
      129683   1.446716    
      129684   1.438833    
      129685   1.430964    
      129686   1.423110    
      129687   1.415271    
      129688   1.407449    
      129689   1.399646    
      129690   1.391862    
      129691   1.384100    
      129692   1.376361    
      129693   1.368647    
      129694   1.360961    
      129695   1.353305    
      129696   1.345682    
      129697   1.338096    
      129698   1.330550    
      129699   1.323050    
      129700   1.315601    
      129701   1.308208    
      129702   1.300875    
      129703   1.293601    
      129704   1.286385    
      129705   1.279225    
      129706   1.272117    
      129707   1.265057    
      129708   1.258041    
      129709   1.251065    
      129710   1.244122    
      129711   1.237212    
      129712   1.230332    
      129713   1.223485    
      129714   1.216673    
      129715   1.209900    
      129716   1.203171    
      129717   1.196491    
      129718   1.189865    
      129719   1.183297    
      129720   1.176790    
      129721   1.170346    
      129722   1.163962    
      129723   1.157637    
      129724   1.151367    
      129725   1.145146    
      129726   1.138963    
      129727   1.132801    
      129728   1.126628    
      129729   1.120382    
      129730   1.113965    
      129731   1.107219    
      129732   1.100012    
      129733   1.092404    
      129734   1.084560    
      129735   1.076600    
      129736   1.068585    
      129737   1.060545    
      129738   1.052494    
      129739   1.044438    
      129740   1.036379    
      129741   1.028319    
      129742   1.020259    
      129743   1.012200    
      129744   1.004141    
      129745  0.9960843    
      129746  0.9880291    
      129747  0.9799763    
      129748  0.9719263    
      129749  0.9638793    
      129750  0.9558361    
      129751  0.9477968    
      129752  0.9397618    
      129753  0.9317318    
      129754  0.9237072    
      129755  0.9156882    
      129756  0.9076754    
      129757  0.8996692    
      129758  0.8916701    
      129759  0.8836786    
      129760  0.8756953    
      129761  0.8677208    
      129762  0.8597557    
      129763  0.8518009    
      129764  0.8438569    
      129765  0.8359246    
      129766  0.8280050    
      129767  0.8200991    
      129768  0.8122081    
      129769  0.8043330    
      129770  0.7964755    
      129771  0.7886370    
      129772  0.7808193    
      129773  0.7730241    
      129774  0.7652535    
      129775  0.7575099    
      129776  0.7497959    
      129777  0.7421145    
      129778  0.7344694    
      129779  0.7268647    
      129780  0.7193053    
      129781  0.7117969    
      129782  0.7043457    
      129783  0.6969573    
      129784  0.6896350    
      129785  0.6823789    
      129786  0.6751871    
      129787  0.6680561    
      129788  0.6609767    
      129789  0.6539287    
      129790  0.6468750    
      129791  0.6397505    
      129792  0.6324615    
      129793  0.6249303    
      129794  0.6171784    
      129795  0.6092901    
      129796  0.6013305    
      129797  0.5933358    
      129798  0.5853248    
      129799  0.5773066    
      129800  0.5692861    
      129801  0.5612656    
      129802  0.5532469    
      129803  0.5452309    
      129804  0.5372186    
      129805  0.5292108    
      129806  0.5212085    
      129807  0.5132126    
      129808  0.5052245    
      129809  0.4972453    
      129810  0.4892766    
      129811  0.4813198    
      129812  0.4733763    
      129813  0.4654476    
      129814  0.4575353    
      129815  0.4496410    
      129816  0.4417667    
      129817  0.4339146    
      129818  0.4260871    
      129819  0.4182869    
      129820  0.4105169    
      129821  0.4027807    
      129822  0.3950825    
      129823  0.3874272    
      129824  0.3798208    
      129825  0.3722707    
      129826  0.3647850    
      129827  0.3573723    
      129828  0.3500391    
      129829  0.3427886    
      129830  0.3356230    
      129831  0.3285447    
      129832  0.3215551    
      129833  0.3146490    
      129834  0.3078089    
      129835  0.3010001    
      129836  0.2941603    
      129837  0.2871820    
      129838  0.2799289    
      129839  0.2723177    
      129840  0.2644224    
      129841  0.2563585    
      129842  0.2482023    
      129843  0.2399993    
      129844  0.2317733    
      129845  0.2235359    
      129846  0.2152928    
      129847  0.2070465    
      129848  0.1987982    
      129849  0.1905482    
      129850  0.1822963    
      129851  0.1740424    
      129852  0.1657860    
      129853  0.1575268    
      129854  0.1492646    
      129855  0.1409998    
      129856  0.1327327    
      129857  0.1244637    
      129858  0.1161933    
      129859  0.1079224    
      129860  9.9651560E-02
      129861  9.1381907E-02
      129862  8.3114699E-02
      129863  7.4851714E-02
      129864  6.6595756E-02
      129865  5.8351986E-02
      129866  5.0131079E-02
      129867  4.1956738E-02
      129868  3.3884343E-02
      129869  2.6047755E-02
      129870  1.8774547E-02
      129871  1.2862628E-02
      129872  1.0157390E-02
      129873  1.2862654E-02
      129874  1.8774614E-02
      129875  2.6047889E-02
      129876  3.3884577E-02
      129877  4.1957133E-02
      129878  5.0131716E-02
      129879  5.8352992E-02
      129880  6.6597313E-02
      129881  7.4854106E-02
      129882  8.3118334E-02
      129883  9.1387391E-02
      129884  9.9659778E-02
      129885  0.1079346    
      129886  0.1162112    
      129887  0.1244891    
      129888  0.1327681    
      129889  0.1410478    
      129890  0.1493280    
      129891  0.1576085    
      129892  0.1658892    
      129893  0.1741700    
      129894  0.1824507    
      129895  0.1907315    
      129896  0.1990121    
      129897  0.2072927    
      129898  0.2155732    
      129899  0.2238536    
      129900  0.2321339    
      129901  0.2404141    
      129902  0.2486942    
      129903  0.2569743    
      129904  0.2652544    
      129905  0.2735345    
      129906  0.2818145    
      129907  0.2900946    
      129908  0.2983746    
      129909  0.3066546    
      129910  0.3149346    
      129911  0.3232145    
      129912  0.3314944    
      129913  0.3397742    
      129914  0.3480539    
      129915  0.3563336    
      129916  0.3646129    
      129917  0.3728921    
      129918  0.3811708    
      129919  0.3894486    
      129920  0.3977251    
      129921  0.4059989    
      129922  0.4142680    
      129923  0.4225282    
      129924  0.4307721    
      129925  0.4389859    
      129926  0.4471447    
      129927  0.4552054    
      129928  0.4631002    
      129929  0.4707538    
      129930  0.4781767    
      129931  0.4854450    
      129932  0.4926320    
      129933  0.4997916    
      129934  0.5069570    
      129935  0.5141487    
      129936  0.5213799    
      129937  0.5286564    
      129938  0.5359769    
      129939  0.5433357    
      129940  0.5507271    
      129941  0.5581461    
      129942  0.5655873    
      129943  0.5730439    
      129944  0.5805070    
      129945  0.5879644    
      129946  0.5953983    
      129947  0.6027838    
      129948  0.6100845    
      129949  0.6172479    
      129950  0.6241973    
      129951  0.6308318    
      129952  0.6370580    
      129953  0.6428672    
      129954  0.6483538    
      129955  0.6536458    
      129956  0.6588588    
      129957  0.6640851    
      129958  0.6693910    
      129959  0.6748161    
      129960  0.6803805    
      129961  0.6860912    
      129962  0.6919475    
      129963  0.6979432    
      129964  0.7040682    
      129965  0.7103129    
      129966  0.7166706    
      129967  0.7231336    
      129968  0.7296940    
      129969  0.7363455    
      129970  0.7430829    
      129971  0.7499024    
      129972  0.7568013    
      129973  0.7637774    
      129974  0.7708293    
      129975  0.7779562    
      129976  0.7851589    
      129977  0.7924396    
      129978  0.7998022    
      129979  0.8072465    
      129980  0.8147665    
      129981  0.8223524    
      129982  0.8299964    
      129983  0.8376931    
      129984  0.8454381    
      129985  0.8532273    
      129986  0.8610564    
      129987  0.8689215    
      129988  0.8768184    
      129989  0.8847437    
      129990  0.8926942    
      129991  0.9006671    
      129992  0.9086599    
      129993  0.9166706    
      129994  0.9246971    
      129995  0.9327380    
      129996  0.9407917    
      129997  0.9488568    
      129998  0.9569324    
      129999  0.9650173    
      130000  0.9731106    
      130001  0.9812114    
      130002  0.9893191    
      130003  0.9974330    
      130004   1.005552    
      130005   1.013676    
      130006   1.021804    
      130007   1.029935    
      130008   1.038069    
      130009   1.046203    
      130010   1.054337    
      130011   1.062468    
      130012   1.070593    
      130013   1.078707    
      130014   1.086803    
      130015   1.094872    
      130016   1.102898    
      130017   1.110861    
      130018   1.118732    
      130019   1.126477    
      130020   1.134056    
      130021   1.141422    
      130022   1.148537    
      130023   1.155385    
      130024   1.161990    
      130025   1.168416    
      130026   1.174726    
      130027   1.180972    
      130028   1.187184    
      130029   1.193378    
      130030   1.199562    
      130031   1.205741    
      130032   1.211918    
      130033   1.218097    
      130034   1.224283    
      130035   1.230484    
      130036   1.236711    
      130037   1.242978    
      130038   1.249298    
      130039   1.255683    
      130040   1.262139    
      130041   1.268674    
      130042   1.275291    
      130043   1.281991    
      130044   1.288774    
      130045   1.295637    
      130046   1.302578    
      130047   1.309592    
      130048   1.316677    
      130049   1.323829    
      130050   1.331049    
      130051   1.338336    
      130052   1.345692    
      130053   1.353118    
      130054   1.360611    
      130055   1.368168    
      130056   1.375782    
      130057   1.383448    
      130058   1.391163    
      130059   1.398924    
      130060   1.406727    
      130061   1.414568    
      130062   1.422445    
      130063   1.430352    
      130064   1.438288    
      130065   1.446249    
      130066   1.454232    
      130067   1.462236    
      130068   1.470256    
      130069   1.478293    
      130070   1.486344    
      130071   1.494408    
      130072   1.502483    
      130073   1.510569    
      130074   1.518664    
      130075   1.526767    
      130076   1.534878    
      130077   1.542997    
      130078   1.551121    
      130079   1.559252    
      130080   1.567387    
      130081   1.575528    
      130082   1.583673    
      130083   1.591822    
      130084   1.599975    
      130085   1.608131    
      130086   1.616290    
      130087   1.624453    
      130088   1.632618    
      130089   1.640785    
      130090   1.648954    
      130091   1.657126    
      130092   1.665299    
      130093   1.673474    
      130094   1.681651    
      130095   1.689829    
      130096   1.698009    
      130097   1.706190    
      130098   1.714371    
      130099   1.722554    
      130100   1.730738    
      130101   1.738922    
      130102   1.747107    
      130103   1.755293    
      130104   1.763480    
      130105   1.771667    
      130106   1.779855    
      130107   1.788043    
      130108   1.796231    
      130109   1.804420    
      130110   1.812609    
      130111   1.820798    
      130112   1.828988    
      130113   1.837178    
      130114   1.845368    
      130115   1.853558    
      130116   1.861749    
      130117   1.869939    
      130118   1.878130    
      130119   1.886321    
      130120   1.894511    
      130121   1.902703    
      130122   1.910894    
      130123   1.919085    
      130124   1.927276    
      130125   1.935467    
      130126   1.943658    
      130127   1.951850    
      130128   1.960041    
      130129   1.968232    
      130130   1.976424    
      130131   1.984615    
      130132   1.992806    
      130133   2.000998    
      130134   2.009189    
      130135   2.017380    
      130136   2.025571    
      130137   2.033762    
      130138   2.041954    
      130139   2.050145    
      130140   2.058336    
      130141   2.066527    
