      171106   2.141721    
      171107   2.133685    
      171108   2.125653    
      171109   2.117625    
      171110   2.109602    
      171111   2.101584    
      171112   2.093571    
      171113   2.085563    
      171114   2.077562    
      171115   2.069567    
      171116   2.061579    
      171117   2.053597    
      171118   2.045624    
      171119   2.037659    
      171120   2.029702    
      171121   2.021755    
      171122   2.013817    
      171123   2.005890    
      171124   1.997975    
      171125   1.990071    
      171126   1.982181    
      171127   1.974305    
      171128   1.966445    
      171129   1.958600    
      171130   1.950774    
      171131   1.942967    
      171132   1.935180    
      171133   1.927416    
      171134   1.919676    
      171135   1.911961    
      171136   1.904275    
      171137   1.896618    
      171138   1.888994    
      171139   1.881403    
      171140   1.873849    
      171141   1.866332    
      171142   1.858856    
      171143   1.851424    
      171144   1.844037    
      171145   1.836699    
      171146   1.829410    
      171147   1.822171    
      171148   1.814980    
      171149   1.807835    
      171150   1.800737    
      171151   1.793685    
      171152   1.786679    
      171153   1.779719    
      171154   1.772807    
      171155   1.765944    
      171156   1.759132    
      171157   1.752373    
      171158   1.745671    
      171159   1.739025    
      171160   1.732438    
      171161   1.725907    
      171162   1.719430    
      171163   1.713001    
      171164   1.706615    
      171165   1.700263    
      171166   1.693933    
      171167   1.687599    
      171168   1.681212    
      171169   1.674687    
      171170   1.667890    
      171171   1.660687    
      171172   1.653098    
      171173   1.645267    
      171174   1.637313    
      171175   1.629300    
      171176   1.621259    
      171177   1.613205    
      171178   1.605144    
      171179   1.597080    
      171180   1.589015    
      171181   1.580949    
      171182   1.572882    
      171183   1.564817    
      171184   1.556752    
      171185   1.548688    
      171186   1.540627    
      171187   1.532568    
      171188   1.524511    
      171189   1.516458    
      171190   1.508408    
      171191   1.500361    
      171192   1.492320    
      171193   1.484282    
      171194   1.476251    
      171195   1.468224    
      171196   1.460204    
      171197   1.452190    
      171198   1.444183    
      171199   1.436183    
      171200   1.428191    
      171201   1.420208    
      171202   1.412234    
      171203   1.404270    
      171204   1.396317    
      171205   1.388375    
      171206   1.380445    
      171207   1.372530    
      171208   1.364628    
      171209   1.356742    
      171210   1.348874    
      171211   1.341024    
      171212   1.333195    
      171213   1.325388    
      171214   1.317606    
      171215   1.309850    
      171216   1.302124    
      171217   1.294430    
      171218   1.286771    
      171219   1.279153    
      171220   1.271580    
      171221   1.264057    
      171222   1.256591    
      171223   1.249187    
      171224   1.241849    
      171225   1.234578    
      171226   1.227372    
      171227   1.220227    
      171228   1.213135    
      171229   1.206077    
      171230   1.199019    
      171231   1.191899    
      171232   1.184627    
      171233   1.177121    
      171234   1.169390    
      171235   1.161516    
      171236   1.153566    
      171237   1.145578    
      171238   1.137573    
      171239   1.129560    
      171240   1.121543    
      171241   1.113527    
      171242   1.105512    
      171243   1.097501    
      171244   1.089492    
      171245   1.081488    
      171246   1.073490    
      171247   1.065499    
      171248   1.057515    
      171249   1.049541    
      171250   1.041577    
      171251   1.033625    
      171252   1.025687    
      171253   1.017763    
      171254   1.009857    
      171255   1.001969    
      171256  0.9941013    
      171257  0.9862565    
      171258  0.9784368    
      171259  0.9706452    
      171260  0.9628848    
      171261  0.9551593    
      171262  0.9474729    
      171263  0.9398313    
      171264  0.9322405    
      171265  0.9247086    
      171266  0.9172441    
      171267  0.9098558    
      171268  0.9025499    
      171269  0.8953295    
      171270  0.8881983    
      171271  0.8811613    
      171272  0.8742244    
      171273  0.8673927    
      171274  0.8606703    
      171275  0.8540589    
      171276  0.8475572    
      171277  0.8411608    
      171278  0.8348647    
      171279  0.8286644    
      171280  0.8225526    
      171281  0.8165203    
      171282  0.8105593    
      171283  0.8046614    
      171284  0.7988163    
      171285  0.7930044    
      171286  0.7871830    
      171287  0.7812651    
      171288  0.7751065    
      171289  0.7685387    
      171290  0.7615267    
      171291  0.7541984    
      171292  0.7466900    
      171293  0.7390861    
      171294  0.7314324    
      171295  0.7237538    
      171296  0.7160643    
      171297  0.7083730    
      171298  0.7006862    
      171299  0.6930088    
      171300  0.6853451    
      171301  0.6776985    
      171302  0.6700726    
      171303  0.6624703    
      171304  0.6548949    
      171305  0.6473494    
      171306  0.6398374    
      171307  0.6323634    
      171308  0.6249316    
      171309  0.6175473    
      171310  0.6102149    
      171311  0.6029378    
      171312  0.5957181    
      171313  0.5885575    
      171314  0.5814579    
      171315  0.5744222    
      171316  0.5674534    
      171317  0.5605536    
      171318  0.5537220    
      171319  0.5469506    
      171320  0.5402187    
      171321  0.5334875    
      171322  0.5266830    
      171323  0.5196872    
      171324  0.5123565    
      171325  0.5046520    
      171326  0.4966806    
      171327  0.4885581    
      171328  0.4803563    
      171329  0.4721152    
      171330  0.4638548    
      171331  0.4555851    
      171332  0.4473109    
      171333  0.4390346    
      171334  0.4307573    
      171335  0.4224796    
      171336  0.4142015    
      171337  0.4059233    
      171338  0.3976449    
      171339  0.3893665    
      171340  0.3810879    
      171341  0.3728092    
      171342  0.3645303    
      171343  0.3562513    
      171344  0.3479721    
      171345  0.3396927    
      171346  0.3314132    
      171347  0.3231336    
      171348  0.3148537    
      171349  0.3065737    
      171350  0.2982936    
      171351  0.2900133    
      171352  0.2817328    
      171353  0.2734523    
      171354  0.2651716    
      171355  0.2568909    
      171356  0.2486100    
      171357  0.2403291    
      171358  0.2320481    
      171359  0.2237670    
      171360  0.2154859    
      171361  0.2072047    
      171362  0.1989235    
      171363  0.1906424    
      171364  0.1823612    
      171365  0.1740801    
      171366  0.1657991    
      171367  0.1575183    
      171368  0.1492378    
      171369  0.1409576    
      171370  0.1326780    
      171371  0.1243991    
      171372  0.1161214    
      171373  0.1078450    
      171374  9.9570543E-02
      171375  9.1298632E-02
      171376  8.3030254E-02
      171377  7.4766994E-02
      171378  6.6511586E-02
      171379  5.8269262E-02
      171380  5.0050840E-02
      171381  4.1880302E-02
      171382  3.3813383E-02
      171383  2.5984176E-02
      171384  1.8719792E-02
      171385  1.2815429E-02
      171386  1.0107383E-02
      171387  1.2782698E-02
      171388  1.8639073E-02
      171389  2.5833191E-02
      171390  3.3563584E-02
      171391  4.1495919E-02
      171392  4.9487904E-02
      171393  5.7474907E-02
      171394  6.5425113E-02
      171395  7.3321790E-02
      171396  8.1151694E-02
      171397  8.8899717E-02
      171398  9.6537165E-02
      171399  0.1040153    
      171400  0.1112893    
      171401  0.1183496    
      171402  0.1252329    
      171403  0.1320039    
      171404  0.1387264    
      171405  0.1454481    
      171406  0.1521997    
      171407  0.1589948    
      171408  0.1658392    
      171409  0.1727364    
      171410  0.1796889    
      171411  0.1866977    
      171412  0.1937627    
      171413  0.2008843    
      171414  0.2080635    
      171415  0.2153018    
      171416  0.2226024    
      171417  0.2299701    
      171418  0.2374079    
      171419  0.2449141    
      171420  0.2524832    
      171421  0.2601084    
      171422  0.2677851    
      171423  0.2755097    
      171424  0.2832783    
      171425  0.2910875    
      171426  0.2989334    
      171427  0.3068124    
      171428  0.3147208    
      171429  0.3226556    
      171430  0.3306139    
      171431  0.3385934    
      171432  0.3465917    
      171433  0.3546070    
      171434  0.3626375    
      171435  0.3706818    
      171436  0.3787384    
      171437  0.3868061    
      171438  0.3948839    
      171439  0.4029708    
      171440  0.4110659    
      171441  0.4191685    
      171442  0.4272777    
      171443  0.4353930    
      171444  0.4435137    
      171445  0.4516390    
      171446  0.4597683    
      171447  0.4679008    
      171448  0.4760354    
      171449  0.4841711    
      171450  0.4923061    
      171451  0.5004382    
      171452  0.5085642    
      171453  0.5166794    
      171454  0.5247771    
      171455  0.5328470    
      171456  0.5408746    
      171457  0.5488387    
      171458  0.5567113    
      171459  0.5644583    
      171460  0.5720391    
      171461  0.5794088    
      171462  0.5865270    
      171463  0.5933784    
      171464  0.5999873    
      171465  0.6064149    
      171466  0.6127269    
      171467  0.6189740    
      171468  0.6251868    
      171469  0.6313816    
      171470  0.6375664    
      171471  0.6437459    
      171472  0.6499233    
      171473  0.6561025    
      171474  0.6622890    
      171475  0.6684904    
      171476  0.6747177    
      171477  0.6809848    
      171478  0.6873055    
      171479  0.6936902    
      171480  0.7001472    
      171481  0.7066823    
      171482  0.7132995    
      171483  0.7199998    
      171484  0.7267822    
      171485  0.7336453    
      171486  0.7405863    
      171487  0.7476010    
      171488  0.7546854    
      171489  0.7618376    
      171490  0.7690573    
      171491  0.7763449    
      171492  0.7837015    
      171493  0.7911277    
      171494  0.7986215    
      171495  0.8061787    
      171496  0.8137932    
      171497  0.8214601    
      171498  0.8291757    
      171499  0.8369368    
      171500  0.8447402    
      171501  0.8525822    
      171502  0.8604591    
      171503  0.8683673    
      171504  0.8763036    
      171505  0.8842648    
      171506  0.8922483    
      171507  0.9002517    
      171508  0.9082728    
      171509  0.9163097    
      171510  0.9243609    
      171511  0.9324248    
      171512  0.9405003    
      171513  0.9485860    
      171514  0.9566813    
      171515  0.9647850    
      171516  0.9728963    
      171517  0.9810147    
      171518  0.9891395    
      171519  0.9972700    
      171520   1.005406    
      171521   1.013547    
      171522   1.021692    
      171523   1.029841    
      171524   1.037994    
      171525   1.046150    
      171526   1.054310    
      171527   1.062472    
      171528   1.070637    
      171529   1.078804    
      171530   1.086974    
      171531   1.095146    
      171532   1.103319    
      171533   1.111494    
      171534   1.119671    
      171535   1.127849    
      171536   1.136029    
      171537   1.144210    
      171538   1.152391    
      171539   1.160574    
      171540   1.168758    
      171541   1.176943    
      171542   1.185128    
      171543   1.193314    
      171544   1.201500    
      171545   1.209688    
      171546   1.217875    
      171547   1.226063    
      171548   1.234252    
      171549   1.242441    
      171550   1.250630    
      171551   1.258819    
      171552   1.267009    
      171553   1.275199    
      171554   1.283389    
      171555   1.291580    
      171556   1.299770    
      171557   1.307961    
      171558   1.316151    
      171559   1.324342    
      171560   1.332533    
      171561   1.340724    
      171562   1.348916    
      171563   1.357107    
      171564   1.365298    
      171565   1.373489    
      171566   1.381681    
      171567   1.389872    
      171568   1.398063    
      171569   1.406255    
      171570   1.414446    
      171571   1.422637    
      171572   1.430828    
      171573   1.439020    
      171574   1.447211    
      171575   1.455402    
      171576   1.463594    
      171577   1.471785    
      171578   1.479976    
      171579   1.488167    
      171580   1.496359    
      171581   1.504550    
