       36681  0.5384761    
       36682  0.5301998    
       36683  0.5219229    
       36684  0.5136458    
       36685  0.5053684    
       36686  0.4970908    
       36687  0.4888131    
       36688  0.4805352    
       36689  0.4722571    
       36690  0.4639789    
       36691  0.4557005    
       36692  0.4474220    
       36693  0.4391433    
       36694  0.4308645    
       36695  0.4225855    
       36696  0.4143064    
       36697  0.4060271    
       36698  0.3977478    
       36699  0.3894683    
       36700  0.3811887    
       36701  0.3729090    
       36702  0.3646291    
       36703  0.3563492    
       36704  0.3480692    
       36705  0.3397890    
       36706  0.3315088    
       36707  0.3232285    
       36708  0.3149481    
       36709  0.3066677    
       36710  0.2983871    
       36711  0.2901064    
       36712  0.2818257    
       36713  0.2735449    
       36714  0.2652641    
       36715  0.2569831    
       36716  0.2487021    
       36717  0.2404211    
       36718  0.2321399    
       36719  0.2238587    
       36720  0.2155775    
       36721  0.2072963    
       36722  0.1990150    
       36723  0.1907337    
       36724  0.1824524    
       36725  0.1741712    
       36726  0.1658901    
       36727  0.1576091    
       36728  0.1493284    
       36729  0.1410481    
       36730  0.1327683    
       36731  0.1244893    
       36732  0.1162113    
       36733  0.1079347    
       36734  9.9659860E-02
       36735  9.1387451E-02
       36736  8.3118387E-02
       36737  7.4854150E-02
       36738  6.6597350E-02
       36739  5.8353029E-02
       36740  5.0131753E-02
       36741  4.1957170E-02
       36742  3.3884611E-02
       36743  2.6047919E-02
       36744  1.8774640E-02
       36745  1.2862677E-02
       36746  1.0157414E-02
       36747  1.2862670E-02
       36748  1.8774623E-02
       36749  2.6047887E-02
       36750  3.3884555E-02
       36751  4.1957073E-02
       36752  5.0131604E-02
       36753  5.8352798E-02
       36754  6.6596992E-02
       36755  7.4853599E-02
       36756  8.3117560E-02
       36757  9.1386214E-02
       36758  9.9658042E-02
       36759  0.1079321    
       36760  0.1162078    
       36761  0.1244846    
       36762  0.1327623    
       36763  0.1410407    
       36764  0.1493193    
       36765  0.1575981    
       36766  0.1658769    
       36767  0.1741555    
       36768  0.1824339    
       36769  0.1907119    
       36770  0.1989896    
       36771  0.2072669    
       36772  0.2155440    
       36773  0.2238207    
       36774  0.2320972    
       36775  0.2403736    
       36776  0.2486497    
       36777  0.2569257    
       36778  0.2652015    
       36779  0.2734772    
       36780  0.2817525    
       36781  0.2900272    
       36782  0.2983004    
       36783  0.3065704    
       36784  0.3148336    
       36785  0.3230833    
       36786  0.3313057    
       36787  0.3394752    
       36788  0.3475440    
       36789  0.3554330    
       36790  0.3630338    
       36791  0.3702803    
       36792  0.3772576    
       36793  0.3840889    
       36794  0.3908693    
       36795  0.3976537    
       36796  0.4044741    
       36797  0.4113497    
       36798  0.4182894    
       36799  0.4252961    
       36800  0.4323703    
       36801  0.4395124    
       36802  0.4467238    
       36803  0.4540067    
       36804  0.4613605    
       36805  0.4687788    
       36806  0.4762532    
       36807  0.4837769    
       36808  0.4913446    
       36809  0.4989523    
       36810  0.5065963    
       36811  0.5142735    
       36812  0.5219812    
       36813  0.5297168    
       36814  0.5374780    
       36815  0.5452626    
       36816  0.5530689    
       36817  0.5608952    
       36818  0.5687399    
       36819  0.5766016    
       36820  0.5844791    
       36821  0.5923710    
       36822  0.6002764    
       36823  0.6081941    
       36824  0.6161234    
       36825  0.6240635    
       36826  0.6320136    
       36827  0.6399730    
       36828  0.6479411    
       36829  0.6559173    
       36830  0.6639011    
       36831  0.6718918    
       36832  0.6798887    
       36833  0.6878914    
       36834  0.6958992    
       36835  0.7039115    
       36836  0.7119276    
       36837  0.7199466    
       36838  0.7279678    
       36839  0.7359905    
       36840  0.7440141    
       36841  0.7520378    
       36842  0.7600604    
       36843  0.7680812    
       36844  0.7760980    
       36845  0.7841076    
       36846  0.7921033    
       36847  0.8000709    
       36848  0.8079813    
       36849  0.8157777    
       36850  0.8233672    
       36851  0.8306695    
       36852  0.8377203    
       36853  0.8446361    
       36854  0.8515158    
       36855  0.8584183    
       36856  0.8653762    
       36857  0.8724043    
       36858  0.8795085    
       36859  0.8866920    
       36860  0.8939581    
       36861  0.9013064    
       36862  0.9087289    
       36863  0.9162135    
       36864  0.9237511    
       36865  0.9313356    
       36866  0.9389617    
       36867  0.9466259    
       36868  0.9543246    
       36869  0.9620545    
       36870  0.9698129    
       36871  0.9775969    
       36872  0.9854041    
       36873  0.9932321    
       36874   1.001078    
       36875   1.008941    
       36876   1.016816    
       36877   1.024701    
       36878   1.032593    
       36879   1.040488    
       36880   1.048381    
       36881   1.056269    
       36882   1.064145    
       36883   1.071999    
       36884   1.079814    
       36885   1.087558    
       36886   1.095167    
       36887   1.102538    
       36888   1.109551    
       36889   1.116184    
       36890   1.122555    
       36891   1.128793    
       36892   1.134986    
       36893   1.141187    
       36894   1.147422    
       36895   1.153709    
       36896   1.160058    
       36897   1.166475    
       36898   1.172969    
       36899   1.179542    
       36900   1.186198    
       36901   1.192934    
       36902   1.199750    
       36903   1.206642    
       36904   1.213607    
       36905   1.220642    
       36906   1.227746    
       36907   1.234918    
       36908   1.242159    
       36909   1.249473    
       36910   1.256856    
       36911   1.264304    
       36912   1.271807    
       36913   1.279359    
       36914   1.286955    
       36915   1.294592    
       36916   1.302267    
       36917   1.309977    
       36918   1.317720    
       36919   1.325493    
       36920   1.333294    
       36921   1.341119    
       36922   1.348968    
       36923   1.356838    
       36924   1.364727    
       36925   1.372634    
       36926   1.380557    
       36927   1.388495    
       36928   1.396447    
       36929   1.404411    
       36930   1.412387    
       36931   1.420374    
       36932   1.428371    
       36933   1.436377    
       36934   1.444391    
       36935   1.452413    
       36936   1.460442    
       36937   1.468477    
       36938   1.476518    
       36939   1.484565    
       36940   1.492617    
       36941   1.500674    
       36942   1.508734    
       36943   1.516799    
       36944   1.524867    
       36945   1.532938    
       36946   1.541012    
       36947   1.549088    
       36948   1.557167    
       36949   1.565247    
       36950   1.573328    
       36951   1.581411    
       36952   1.589494    
       36953   1.597577    
       36954   1.605660    
       36955   1.613741    
       36956   1.621820    
       36957   1.629894    
       36958   1.637960    
       36959   1.646015    
       36960   1.654050    
       36961   1.662053    
       36962   1.670011    
       36963   1.677914    
       36964   1.685771    
       36965   1.693596    
       36966   1.701403    
       36967   1.709205    
       36968   1.717006    
       36969   1.724812    
       36970   1.732622    
       36971   1.740436    
       36972   1.748245    
       36973   1.756032    
       36974   1.763767    
       36975   1.771403    
       36976   1.778922    
       36977   1.786363    
       36978   1.793770    
       36979   1.801173    
       36980   1.808586    
       36981   1.816017    
       36982   1.823467    
       36983   1.830932    
       36984   1.838403    
       36985   1.845869    
       36986   1.853312    
       36987   1.860709    
       36988   1.868024    
       36989   1.875204    
       36990   1.882173    
       36991   1.888831    
       36992   1.895081    
       36993   1.900910    
       36994   1.906410    
       36995   1.911710    
       36996   1.916928    
       36997   1.922159    
       36998   1.927469    
       36999   1.932896    
       37000   1.938459    
       37001   1.944168    
       37002   1.950023    
       37003   1.956018    
       37004   1.962143    
       37005   1.968388    
       37006   1.974745    
       37007   1.981208    
       37008   1.987769    
       37009   1.994421    
       37010   2.001158    
       37011   2.007978    
       37012   2.014877    
       37013   2.021853    
       37014   2.028904    
       37015   2.036031    
       37016   2.043233    
       37017   2.050514    
       37018   2.057876    
       37019   2.065321    
       37020   2.072841    
       37021   2.080427    
       37022   2.088069    
       37023   2.095762    
       37024   2.103497    
       37025   2.111259    
       37026   2.119013    
