       56281  0.8203458    
       56282  0.8122766    
       56283  0.8042084    
       56284  0.7961411    
       56285  0.7880750    
       56286  0.7800097    
       56287  0.7719458    
       56288  0.7638831    
       56289  0.7558218    
       56290  0.7477620    
       56291  0.7397038    
       56292  0.7316473    
       56293  0.7235926    
       56294  0.7155398    
       56295  0.7074890    
       56296  0.6994405    
       56297  0.6913943    
       56298  0.6833506    
       56299  0.6753094    
       56300  0.6672710    
       56301  0.6592354    
       56302  0.6512026    
       56303  0.6431723    
       56304  0.6351442    
       56305  0.6271178    
       56306  0.6190921    
       56307  0.6110665    
       56308  0.6030391    
       56309  0.5950077    
       56310  0.5869691    
       56311  0.5789185    
       56312  0.5708494    
       56313  0.5627534    
       56314  0.5546220    
       56315  0.5464513    
       56316  0.5382460    
       56317  0.5300157    
       56318  0.5217699    
       56319  0.5135146    
       56320  0.5052530    
       56321  0.4969868    
       56322  0.4887174    
       56323  0.4804457    
       56324  0.4721723    
       56325  0.4638975    
       56326  0.4556217    
       56327  0.4473451    
       56328  0.4390680    
       56329  0.4307903    
       56330  0.4225123    
       56331  0.4142339    
       56332  0.4059553    
       56333  0.3976764    
       56334  0.3893973    
       56335  0.3811180    
       56336  0.3728386    
       56337  0.3645591    
       56338  0.3562794    
       56339  0.3479996    
       56340  0.3397197    
       56341  0.3314396    
       56342  0.3231595    
       56343  0.3148793    
       56344  0.3065990    
       56345  0.2983187    
       56346  0.2900383    
       56347  0.2817578    
       56348  0.2734772    
       56349  0.2651967    
       56350  0.2569160    
       56351  0.2486354    
       56352  0.2403547    
       56353  0.2320740    
       56354  0.2237933    
       56355  0.2155126    
       56356  0.2072320    
       56357  0.1989516    
       56358  0.1906714    
       56359  0.1823913    
       56360  0.1741115    
       56361  0.1658320    
       56362  0.1575527    
       56363  0.1492738    
       56364  0.1409954    
       56365  0.1327176    
       56366  0.1244408    
       56367  0.1161651    
       56368  0.1078911    
       56369  9.9619024E-02
       56370  9.1349654E-02
       56371  8.3083823E-02
       56372  7.4822985E-02
       56373  6.6569686E-02
       56374  5.8328904E-02
       56375  5.0111167E-02
       56376  4.1940071E-02
       56377  3.3870935E-02
       56378  2.6037533E-02
       56379  1.8767275E-02
       56380  1.2857772E-02
       56381  1.0153774E-02
       56382  1.2858441E-02
       56383  1.8768886E-02
       56384  2.6040416E-02
       56385  3.3875413E-02
       56386  4.1946456E-02
       56387  5.0119746E-02
       56388  5.8339953E-02
       56389  6.6583447E-02
       56390  7.4839637E-02
       56391  8.3103441E-02
       56392  9.1372199E-02
       56393  9.9644393E-02
       56394  0.1079191    
       56395  0.1161956    
       56396  0.1244735    
       56397  0.1327524    
       56398  0.1410321    
       56399  0.1493124    
       56400  0.1575930    
       56401  0.1658739    
       56402  0.1741550    
       56403  0.1824362    
       56404  0.1907174    
       56405  0.1989987    
       56406  0.2072799    
       56407  0.2155611    
       56408  0.2238423    
       56409  0.2321234    
       56410  0.2404045    
       56411  0.2486856    
       56412  0.2569666    
       56413  0.2652475    
       56414  0.2735283    
       56415  0.2818091    
       56416  0.2900898    
       56417  0.2983704    
       56418  0.3066509    
       56419  0.3149314    
       56420  0.3232118    
       56421  0.3314921    
       56422  0.3397722    
       56423  0.3480523    
       56424  0.3563323    
       56425  0.3646122    
       56426  0.3728920    
       56427  0.3811716    
       56428  0.3894511    
       56429  0.3977305    
       56430  0.4060096    
       56431  0.4142885    
       56432  0.4225670    
       56433  0.4308452    
       56434  0.4391229    
       56435  0.4473999    
       56436  0.4556761    
       56437  0.4639513    
       56438  0.4722254    
       56439  0.4804985    
       56440  0.4887706    
       56441  0.4970418    
       56442  0.5053121    
       56443  0.5135818    
       56444  0.5218510    
       56445  0.5301195    
       56446  0.5383868    
       56447  0.5466509    
       56448  0.5549115    
       56449  0.5631672    
       56450  0.5714155    
       56451  0.5796518    
       56452  0.5878671    
       56453  0.5960445    
       56454  0.6041535    
       56455  0.6121410    
       56456  0.6199329    
       56457  0.6275098    
       56458  0.6349429    
       56459  0.6423136    
       56460  0.6496834    
       56461  0.6570879    
       56462  0.6645399    
       56463  0.6720400    
       56464  0.6795872    
       56465  0.6871791    
       56466  0.6948122    
       56467  0.7024830    
       56468  0.7101883    
       56469  0.7179250    
       56470  0.7256901    
       56471  0.7334810    
       56472  0.7412953    
       56473  0.7491304    
       56474  0.7569839    
       56475  0.7648532    
       56476  0.7727358    
       56477  0.7806284    
       56478  0.7885280    
       56479  0.7964307    
       56480  0.8043326    
       56481  0.8122293    
       56482  0.8201149    
       56483  0.8279803    
       56484  0.8358095    
       56485  0.8435714    
       56486  0.8512076    
       56487  0.8586167    
       56488  0.8656759    
       56489  0.8723490    
       56490  0.8787447    
       56491  0.8849976    
       56492  0.8911991    
       56493  0.8974042    
       56494  0.9036426    
       56495  0.9099317    
       56496  0.9162821    
       56497  0.9227009    
       56498  0.9291953    
       56499  0.9357697    
       56500  0.9424258    
       56501  0.9491633    
       56502  0.9559797    
       56503  0.9628721    
       56504  0.9698373    
       56505  0.9768728    
       56506  0.9839771    
       56507  0.9911497    
       56508  0.9983919    
       56509   1.005705    
       56510   1.013089    
       56511   1.020537    
       56512   1.028040    
       56513   1.035592    
       56514   1.043188    
       56515   1.050826    
       56516   1.058501    
       56517   1.066211    
       56518   1.073954    
       56519   1.081727    
       56520   1.089528    
       56521   1.097353    
       56522   1.105202    
       56523   1.113072    
       56524   1.120961    
       56525   1.128868    
       56526   1.136791    
       56527   1.144729    
       56528   1.152681    
       56529   1.160646    
       56530   1.168622    
       56531   1.176609    
       56532   1.184605    
       56533   1.192611    
       56534   1.200625    
       56535   1.208647    
       56536   1.216676    
       56537   1.224711    
       56538   1.232753    
       56539   1.240800    
       56540   1.248852    
       56541   1.256908    
       56542   1.264969    
       56543   1.273033    
       56544   1.281101    
       56545   1.289172    
       56546   1.297246    
       56547   1.305321    
       56548   1.313397    
       56549   1.321472    
       56550   1.329539    
       56551   1.337587    
       56552   1.345589    
       56553   1.353491    
       56554   1.361182    
       56555   1.368509    
       56556   1.375401    
       56557   1.381987    
       56558   1.388430    
       56559   1.394830    
       56560   1.401242    
       56561   1.407692    
       56562   1.414190    
       56563   1.420740    
       56564   1.427342    
       56565   1.433997    
       56566   1.440704    
       56567   1.447463    
       56568   1.454274    
       56569   1.461136    
       56570   1.468050    
       56571   1.475015    
       56572   1.482030    
       56573   1.489095    
       56574   1.496212    
       56575   1.503382    
       56576   1.510604    
       56577   1.517878    
       56578   1.525199    
       56579   1.532561    
       56580   1.539956    
       56581   1.547380    
       56582   1.554828    
       56583   1.562291    
       56584   1.569762    
       56585   1.577228    
       56586   1.584671    
       56587   1.592068    
       56588   1.599383    
       56589   1.606562    
       56590   1.613532    
       56591   1.620189    
       56592   1.626440    
       56593   1.632268    
       56594   1.637768    
       56595   1.643068    
       56596   1.648287    
       56597   1.653517    
       56598   1.658827    
       56599   1.664254    
       56600   1.669817    
       56601   1.675527    
       56602   1.681382    
       56603   1.687377    
       56604   1.693502    
       56605   1.699747    
       56606   1.706105    
       56607   1.712568    
       56608   1.719128    
       56609   1.725780    
       56610   1.732517    
       56611   1.739337    
       56612   1.746236    
       56613   1.753212    
       56614   1.760264    
       56615   1.767390    
       56616   1.774593    
       56617   1.781874    
       56618   1.789236    
       56619   1.796681    
       56620   1.804201    
       56621   1.811787    
       56622   1.819430    
       56623   1.827127    
       56624   1.834872    
       56625   1.842661    
       56626   1.850490    
       56627   1.858355    
       56628   1.866252    
       56629   1.874177    
       56630   1.882128    
       56631   1.890101    
       56632   1.898094    
       56633   1.906105    
       56634   1.914131    
       56635   1.922172    
       56636   1.930226    
       56637   1.938291    
       56638   1.946366    
       56639   1.954451    
       56640   1.962545    
       56641   1.970646    
       56642   1.978753    
       56643   1.986867    
       56644   1.994986    
       56645   2.003110    
       56646   2.011239    
       56647   2.019370    
       56648   2.027503    
       56649   2.035638    
       56650   2.043771    
       56651   2.051902    
       56652   2.060027    
       56653   2.068141    
       56654   2.076238    
       56655   2.084306    
       56656   2.092332    
       56657   2.100293    
       56658   2.108161    
       56659   2.115898    
       56660   2.123455    
       56661   2.130763    
