      255256   2.101642    
      255257   2.093797    
      255258   2.085977    
      255259   2.078186    
      255260   2.070425    
      255261   2.062700    
      255262   2.055013    
      255263   2.047371    
      255264   2.039781    
      255265   2.032249    
      255266   2.024785    
      255267   2.017396    
      255268   2.010090    
      255269   2.002870    
      255270   1.995739    
      255271   1.988703    
      255272   1.981766    
      255273   1.974935    
      255274   1.968213    
      255275   1.961602    
      255276   1.955101    
      255277   1.948705    
      255278   1.942410    
      255279   1.936210    
      255280   1.930098    
      255281   1.924066    
      255282   1.918106    
      255283   1.912208    
      255284   1.906364    
      255285   1.900552    
      255286   1.894732    
      255287   1.888814    
      255288   1.882656    
      255289   1.876089    
      255290   1.869079    
      255291   1.861752    
      255292   1.854244    
      255293   1.846642    
      255294   1.838989    
      255295   1.831311    
      255296   1.823623    
      255297   1.815933    
      255298   1.808248    
      255299   1.800571    
      255300   1.792909    
      255301   1.785264    
      255302   1.777640    
      255303   1.770039    
      255304   1.762465    
      255305   1.754922    
      255306   1.747412    
      255307   1.739941    
      255308   1.732512    
      255309   1.725131    
      255310   1.717803    
      255311   1.710530    
      255312   1.703315    
      255313   1.696160    
      255314   1.689066    
      255315   1.682037    
      255316   1.675076    
      255317   1.668188    
      255318   1.661376    
      255319   1.654643    
      255320   1.647993    
      255321   1.641429    
      255322   1.634949    
      255323   1.628551    
      255324   1.622224    
      255325   1.615940    
      255326   1.609639    
      255327   1.603207    
      255328   1.596459    
      255329   1.589217    
      255330   1.581534    
      255331   1.573593    
      255332   1.565524    
      255333   1.557397    
      255334   1.549245    
      255335   1.541081    
      255336   1.532914    
      255337   1.524746    
      255338   1.516577    
      255339   1.508410    
      255340   1.500243    
      255341   1.492077    
      255342   1.483913    
      255343   1.475750    
      255344   1.467588    
      255345   1.459429    
      255346   1.451271    
      255347   1.443115    
      255348   1.434962    
      255349   1.426811    
      255350   1.418663    
      255351   1.410519    
      255352   1.402377    
      255353   1.394240    
      255354   1.386106    
      255355   1.377977    
      255356   1.369853    
      255357   1.361734    
      255358   1.353622    
      255359   1.345515    
      255360   1.337416    
      255361   1.329325    
      255362   1.321243    
      255363   1.313170    
      255364   1.305108    
      255365   1.297058    
      255366   1.289021    
      255367   1.280999    
      255368   1.272994    
      255369   1.265007    
      255370   1.257040    
      255371   1.249097    
      255372   1.241180    
      255373   1.233293    
      255374   1.225438    
      255375   1.217620    
      255376   1.209844    
      255377   1.202113    
      255378   1.194431    
      255379   1.186802    
      255380   1.179229    
      255381   1.171715    
      255382   1.164260    
      255383   1.156866    
      255384   1.149533    
      255385   1.142264    
      255386   1.135061    
      255387   1.127927    
      255388   1.120868    
      255389   1.113892    
      255390   1.107008    
      255391   1.100228    
      255392   1.093564    
      255393   1.087029    
      255394   1.080635    
      255395   1.074384    
      255396   1.068273    
      255397   1.062291    
      255398   1.056418    
      255399   1.050627    
      255400   1.044881    
      255401   1.039131    
      255402   1.033313    
      255403   1.027335    
      255404   1.021082    
      255405   1.014440    
      255406   1.007375    
      255407  0.9999529    
      255408  0.9922781    
      255409  0.9844394    
      255410  0.9764944    
      255411  0.9684777    
      255412  0.9604097    
      255413  0.9523036    
      255414  0.9441687    
      255415  0.9360120    
      255416  0.9278402    
      255417  0.9196578    
      255418  0.9114687    
      255419  0.9032755    
      255420  0.8950797    
      255421  0.8868829    
      255422  0.8786858    
      255423  0.8704892    
      255424  0.8622935    
      255425  0.8540991    
      255426  0.8459064    
      255427  0.8377157    
      255428  0.8295275    
      255429  0.8213421    
      255430  0.8131596    
      255431  0.8049808    
      255432  0.7968059    
      255433  0.7886354    
      255434  0.7804699    
      255435  0.7723100    
      255436  0.7641563    
      255437  0.7560098    
      255438  0.7478714    
      255439  0.7397421    
      255440  0.7316234    
      255441  0.7235166    
      255442  0.7154236    
      255443  0.7073467    
      255444  0.6992884    
      255445  0.6912517    
      255446  0.6832405    
      255447  0.6752595    
      255448  0.6673144    
      255449  0.6594121    
      255450  0.6515617    
      255451  0.6437740    
      255452  0.6360620    
      255453  0.6284400    
      255454  0.6209234    
      255455  0.6135268    
      255456  0.6062622    
      255457  0.5991392    
      255458  0.5921646    
      255459  0.5853406    
      255460  0.5786632    
      255461  0.5721240    
      255462  0.5657107    
      255463  0.5594076    
      255464  0.5531966    
      255465  0.5470605    
      255466  0.5409856    
      255467  0.5349620    
      255468  0.5289848    
      255469  0.5230527    
      255470  0.5171665    
      255471  0.5113295    
      255472  0.5055462    
      255473  0.4998220    
      255474  0.4941601    
      255475  0.4885583    
      255476  0.4830014    
      255477  0.4774506    
      255478  0.4718262    
      255479  0.4659982    
      255480  0.4597741    
      255481  0.4529701    
      255482  0.4456206    
      255483  0.4379092    
      255484  0.4299889    
      255485  0.4219491    
      255486  0.4138400    
      255487  0.4056864    
      255488  0.3975015    
      255489  0.3892932    
      255490  0.3810664    
      255491  0.3728250    
      255492  0.3645721    
      255493  0.3563107    
      255494  0.3480433    
      255495  0.3397716    
      255496  0.3314971    
      255497  0.3232206    
      255498  0.3149428    
      255499  0.3066641    
      255500  0.2983847    
      255501  0.2901048    
      255502  0.2818246    
      255503  0.2735441    
      255504  0.2652635    
      255505  0.2569827    
      255506  0.2487018    
      255507  0.2404208    
      255508  0.2321398    
      255509  0.2238586    
      255510  0.2155774    
      255511  0.2072962    
      255512  0.1990149    
      255513  0.1907337    
      255514  0.1824524    
      255515  0.1741712    
      255516  0.1658901    
      255517  0.1576091    
      255518  0.1493284    
      255519  0.1410481    
      255520  0.1327683    
      255521  0.1244893    
      255522  0.1162113    
      255523  0.1079347    
      255524  9.9659875E-02
      255525  9.1387466E-02
      255526  8.3118409E-02
      255527  7.4854165E-02
      255528  6.6597372E-02
      255529  5.8353044E-02
      255530  5.0131764E-02
      255531  4.1957177E-02
      255532  3.3884622E-02
      255533  2.6047930E-02
      255534  1.8774647E-02
      255535  1.2862684E-02
      255536  1.0157422E-02
      255537  1.2862682E-02
      255538  1.8774645E-02
      255539  2.6047925E-02
      255540  3.3884618E-02
      255541  4.1957177E-02
      255542  5.0131768E-02
      255543  5.8353044E-02
      255544  6.6597372E-02
      255545  7.4854173E-02
      255546  8.3118409E-02
      255547  9.1387480E-02
      255548  9.9659875E-02
      255549  0.1079347    
      255550  0.1162113    
      255551  0.1244893    
      255552  0.1327684    
      255553  0.1410481    
      255554  0.1493285    
      255555  0.1576092    
      255556  0.1658901    
      255557  0.1741712    
      255558  0.1824525    
      255559  0.1907337    
      255560  0.1990150    
      255561  0.2072963    
      255562  0.2155775    
      255563  0.2238588    
      255564  0.2321400    
      255565  0.2404211    
      255566  0.2487021    
      255567  0.2569832    
      255568  0.2652641    
      255569  0.2735450    
      255570  0.2818258    
      255571  0.2901065    
      255572  0.2983871    
      255573  0.3066677    
      255574  0.3149481    
      255575  0.3232285    
      255576  0.3315089    
      255577  0.3397891    
      255578  0.3480693    
      255579  0.3563493    
      255580  0.3646292    
      255581  0.3729090    
