        5881  8.3118409E-02
        5882  7.4854165E-02
        5883  6.6597372E-02
        5884  5.8353044E-02
        5885  5.0131764E-02
        5886  4.1957177E-02
        5887  3.3884622E-02
        5888  2.6047930E-02
        5889  1.8774647E-02
        5890  1.2862684E-02
        5891  1.0157422E-02
        5892  1.2862682E-02
        5893  1.8774645E-02
        5894  2.6047925E-02
        5895  3.3884618E-02
        5896  4.1957177E-02
        5897  5.0131768E-02
        5898  5.8353044E-02
        5899  6.6597372E-02
        5900  7.4854173E-02
        5901  8.3118409E-02
        5902  9.1387480E-02
        5903  9.9659875E-02
        5904  0.1079347    
        5905  0.1162113    
        5906  0.1244893    
        5907  0.1327684    
        5908  0.1410481    
        5909  0.1493285    
        5910  0.1576092    
        5911  0.1658901    
        5912  0.1741712    
        5913  0.1824525    
        5914  0.1907337    
        5915  0.1990150    
        5916  0.2072963    
        5917  0.2155775    
        5918  0.2238588    
        5919  0.2321400    
        5920  0.2404211    
        5921  0.2487021    
        5922  0.2569832    
        5923  0.2652641    
        5924  0.2735450    
        5925  0.2818258    
        5926  0.2901065    
        5927  0.2983871    
        5928  0.3066677    
        5929  0.3149481    
        5930  0.3232285    
        5931  0.3315089    
        5932  0.3397891    
        5933  0.3480693    
        5934  0.3563493    
        5935  0.3646292    
        5936  0.3729090    
        5937  0.3811887    
        5938  0.3894683    
        5939  0.3977478    
        5940  0.4060272    
        5941  0.4143064    
        5942  0.4225855    
        5943  0.4308645    
        5944  0.4391433    
        5945  0.4474220    
        5946  0.4557006    
        5947  0.4639790    
        5948  0.4722572    
        5949  0.4805352    
        5950  0.4888131    
        5951  0.4970908    
        5952  0.5053683    
        5953  0.5136455    
        5954  0.5219226    
        5955  0.5301992    
        5956  0.5384752    
        5957  0.5467501    
        5958  0.5550227    
        5959  0.5632924    
        5960  0.5715595    
        5961  0.5798240    
        5962  0.5880860    
        5963  0.5963457    
        5964  0.6046033    
        5965  0.6128586    
        5966  0.6211118    
        5967  0.6293627    
        5968  0.6376114    
        5969  0.6458577    
        5970  0.6541013    
        5971  0.6623415    
        5972  0.6705770    
        5973  0.6788048    
        5974  0.6870173    
        5975  0.6951979    
        5976  0.7033106    
        5977  0.7112813    
        5978  0.7189718    
        5979  0.7261892    
        5980  0.7328780    
        5981  0.7392059    
        5982  0.7453513    
        5983  0.7514263    
        5984  0.7574945    
        5985  0.7635912    
        5986  0.7697331    
        5987  0.7759290    
        5988  0.7821847    
        5989  0.7885033    
        5990  0.7948861    
        5991  0.8013344    
        5992  0.8078504    
        5993  0.8144351    
        5994  0.8210888    
        5995  0.8278112    
        5996  0.8346024    
        5997  0.8414630    
        5998  0.8483931    
        5999  0.8553929    
        6000  0.8624617    
        6001  0.8695990    
        6002  0.8768060    
        6003  0.8840847    
        6004  0.8914347    
        6005  0.8988498    
        6006  0.9063216    
        6007  0.9138431    
        6008  0.9214089    
        6009  0.9290149    
        6010  0.9366574    
        6011  0.9443333    
        6012  0.9520400    
        6013  0.9597745    
        6014  0.9675347    
        6015  0.9753186    
        6016  0.9831241    
        6017  0.9909497    
        6018  0.9987938    
        6019   1.006655    
        6020   1.014532    
        6021   1.022423    
        6022   1.030328    
        6023   1.038245    
        6024   1.046174    
        6025   1.054114    
        6026   1.062064    
        6027   1.070023    
        6028   1.077990    
        6029   1.085966    
        6030   1.093950    
        6031   1.101940    
        6032   1.109936    
        6033   1.117939    
        6034   1.125946    
        6035   1.133958    
        6036   1.141974    
        6037   1.149992    
        6038   1.158013    
        6039   1.166035    
        6040   1.174058    
        6041   1.182081    
        6042   1.190104    
        6043   1.198124    
        6044   1.206140    
        6045   1.214149    
        6046   1.222143    
        6047   1.230109    
        6048   1.238016    
        6049   1.245808    
        6050   1.253390    
        6051   1.260684    
        6052   1.267728    
        6053   1.274639    
        6054   1.281516    
        6055   1.288417    
        6056   1.295373    
        6057   1.302400    
        6058   1.309504    
        6059   1.316688    
        6060   1.323954    
        6061   1.331303    
        6062   1.338726    
        6063   1.346210    
        6064   1.353748    
        6065   1.361332    
        6066   1.368958    
        6067   1.376622    
        6068   1.384321    
        6069   1.392051    
        6070   1.399809    
        6071   1.407593    
        6072   1.415401    
        6073   1.423229    
        6074   1.431075    
        6075   1.438937    
        6076   1.446812    
        6077   1.454698    
        6078   1.462589    
        6079   1.470484    
        6080   1.478378    
        6081   1.486265    
        6082   1.494141    
        6083   1.501996    
        6084   1.509811    
        6085   1.517554    
        6086   1.525164    
        6087   1.532535    
        6088   1.539549    
        6089   1.546182    
        6090   1.552552    
        6091   1.558791    
        6092   1.564984    
        6093   1.571185    
        6094   1.577420    
        6095   1.583707    
        6096   1.590056    
        6097   1.596473    
        6098   1.602966    
        6099   1.609540    
        6100   1.616195    
        6101   1.622931    
        6102   1.629747    
        6103   1.636639    
        6104   1.643604    
        6105   1.650639    
        6106   1.657742    
        6107   1.664914    
        6108   1.672156    
        6109   1.679469    
        6110   1.686853    
        6111   1.694300    
        6112   1.701803    
        6113   1.709355    
        6114   1.716950    
        6115   1.724587    
        6116   1.732263    
        6117   1.739973    
        6118   1.747716    
        6119   1.755489    
        6120   1.763289    
        6121   1.771115    
        6122   1.778963    
        6123   1.786833    
        6124   1.794722    
        6125   1.802629    
        6126   1.810552    
        6127   1.818490    
        6128   1.826442    
        6129   1.834407    
        6130   1.842383    
        6131   1.850369    
        6132   1.858366    
        6133   1.866372    
        6134   1.874386    
        6135   1.882408    
        6136   1.890437    
        6137   1.898473    
        6138   1.906514    
        6139   1.914561    
        6140   1.922613    
        6141   1.930669    
        6142   1.938730    
        6143   1.946794    
        6144   1.954862    
        6145   1.962933    
        6146   1.971007    
        6147   1.979083    
        6148   1.987162    
        6149   1.995242    
        6150   2.003324    
        6151   2.011406    
        6152   2.019489    
        6153   2.027573    
        6154   2.035655    
        6155   2.043737    
        6156   2.051815    
        6157   2.059889    
        6158   2.067956    
        6159   2.076010    
        6160   2.084045    
        6161   2.092049    
        6162   2.100007    
        6163   2.107910    
        6164   2.115767    
        6165   2.123591    
        6166   2.131397    
        6167   2.139197    
        6168   2.146995    
        6169   2.154792    
        6170   2.162580    
        6171   2.170333    
