      227767   2.087442    
      227768   2.079541    
      227769   2.071655    
      227770   2.063787    
      227771   2.055937    
      227772   2.048108    
      227773   2.040301    
      227774   2.032518    
      227775   2.024763    
      227776   2.017036    
      227777   2.009342    
      227778   2.001684    
      227779   1.994066    
      227780   1.986493    
      227781   1.978970    
      227782   1.971504    
      227783   1.964100    
      227784   1.956763    
      227785   1.949492    
      227786   1.942286    
      227787   1.935141    
      227788   1.928049    
      227789   1.920991    
      227790   1.913933    
      227791   1.906813    
      227792   1.899540    
      227793   1.892034    
      227794   1.884303    
      227795   1.876429    
      227796   1.868478    
      227797   1.860491    
      227798   1.852485    
      227799   1.844471    
      227800   1.836455    
      227801   1.828439    
      227802   1.820424    
      227803   1.812412    
      227804   1.804404    
      227805   1.796400    
      227806   1.788402    
      227807   1.780411    
      227808   1.772427    
      227809   1.764452    
      227810   1.756489    
      227811   1.748537    
      227812   1.740598    
      227813   1.732675    
      227814   1.724769    
      227815   1.716881    
      227816   1.709013    
      227817   1.701168    
      227818   1.693349    
      227819   1.685557    
      227820   1.677797    
      227821   1.670071    
      227822   1.662385    
      227823   1.654743    
      227824   1.647153    
      227825   1.639621    
      227826   1.632157    
      227827   1.624769    
      227828   1.617463    
      227829   1.610243    
      227830   1.603112    
      227831   1.596076    
      227832   1.589139    
      227833   1.582308    
      227834   1.575586    
      227835   1.568975    
      227836   1.562474    
      227837   1.556078    
      227838   1.549782    
      227839   1.543582    
      227840   1.537470    
      227841   1.531438    
      227842   1.525478    
      227843   1.519580    
      227844   1.513736    
      227845   1.507924    
      227846   1.502103    
      227847   1.496186    
      227848   1.490029    
      227849   1.483462    
      227850   1.476451    
      227851   1.469124    
      227852   1.461617    
      227853   1.454014    
      227854   1.446362    
      227855   1.438684    
      227856   1.430996    
      227857   1.423306    
      227858   1.415620    
      227859   1.407944    
      227860   1.400282    
      227861   1.392637    
      227862   1.385012    
      227863   1.377412    
      227864   1.369838    
      227865   1.362295    
      227866   1.354785    
      227867   1.347314    
      227868   1.339885    
      227869   1.332504    
      227870   1.325176    
      227871   1.317903    
      227872   1.310688    
      227873   1.303532    
      227874   1.296438    
      227875   1.289409    
      227876   1.282449    
      227877   1.275560    
      227878   1.268748    
      227879   1.262015    
      227880   1.255366    
      227881   1.248802    
      227882   1.242326    
      227883   1.235938    
      227884   1.229635    
      227885   1.223417    
      227886   1.217270    
      227887   1.211161    
      227888   1.205016    
      227889   1.198701    
      227890   1.192001    
      227891   1.184746    
      227892   1.177044    
      227893   1.169097    
      227894   1.161033    
      227895   1.152915    
      227896   1.144776    
      227897   1.136629    
      227898   1.128478    
      227899   1.120326    
      227900   1.112176    
      227901   1.104026    
      227902   1.095878    
      227903   1.087732    
      227904   1.079588    
      227905   1.071446    
      227906   1.063306    
      227907   1.055169    
      227908   1.047035    
      227909   1.038904    
      227910   1.030776    
      227911   1.022652    
      227912   1.014533    
      227913   1.006417    
      227914  0.9983070    
      227915  0.9902021    
      227916  0.9821031    
      227917  0.9740103    
      227918  0.9659247    
      227919  0.9578467    
      227920  0.9497770    
      227921  0.9417166    
      227922  0.9336663    
      227923  0.9256271    
      227924  0.9176000    
      227925  0.9095864    
      227926  0.9015877    
      227927  0.8936053    
      227928  0.8856411    
      227929  0.8776968    
      227930  0.8697746    
      227931  0.8618767    
      227932  0.8540057    
      227933  0.8461643    
      227934  0.8383555    
      227935  0.8305823    
      227936  0.8228475    
      227937  0.8151543    
      227938  0.8075063    
      227939  0.7999067    
      227940  0.7923592    
      227941  0.7848668    
      227942  0.7774321    
      227943  0.7700568    
      227944  0.7627424    
      227945  0.7554909    
      227946  0.7483053    
      227947  0.7411897    
      227948  0.7341496    
      227949  0.7271930    
      227950  0.7203299    
      227951  0.7135718    
      227952  0.7069317    
      227953  0.7004226    
      227954  0.6940554    
      227955  0.6878349    
      227956  0.6817579    
      227957  0.6758155    
      227958  0.6699890    
      227959  0.6642525    
      227960  0.6585715    
      227961  0.6528992    
      227962  0.6471696    
      227963  0.6412845    
      227964  0.6351113    
      227965  0.6285154    
      227966  0.6214653    
      227967  0.6140437    
      227968  0.6063654    
      227969  0.5985228    
      227970  0.5905743    
      227971  0.5825545    
      227972  0.5744841    
      227973  0.5663758    
      227974  0.5582387    
      227975  0.5500803    
      227976  0.5419065    
      227977  0.5337226    
      227978  0.5255319    
      227979  0.5173371    
      227980  0.5091400    
      227981  0.5009416    
      227982  0.4927431    
      227983  0.4845451    
      227984  0.4763480    
      227985  0.4681523    
      227986  0.4599583    
      227987  0.4517664    
      227988  0.4435769    
      227989  0.4353901    
      227990  0.4272065    
      227991  0.4190264    
      227992  0.4108501    
      227993  0.4026783    
      227994  0.3945113    
      227995  0.3863499    
      227996  0.3781947    
      227997  0.3700466    
      227998  0.3619065    
      227999  0.3537754    
      228000  0.3456547    
      228001  0.3375459    
      228002  0.3294506    
      228003  0.3213711    
      228004  0.3133099    
      228005  0.3052701    
      228006  0.2972552    
      228007  0.2892700    
      228008  0.2813199    
      228009  0.2734117    
      228010  0.2655541    
      228011  0.2577576    
      228012  0.2500345    
      228013  0.2423988    
      228014  0.2348652    
      228015  0.2274476    
      228016  0.2201577    
      228017  0.2130042    
      228018  0.2059925    
      228019  0.1991232    
      228020  0.1923907    
      228021  0.1857847    
      228022  0.1792907    
      228023  0.1728900    
      228024  0.1665615    
      228025  0.1602840    
      228026  0.1540393    
      228027  0.1478114    
      228028  0.1415855    
      228029  0.1353454    
      228030  0.1290691    
      228031  0.1227218    
      228032  0.1162520    
      228033  0.1095922    
      228034  0.1026772    
      228035  9.5482774E-02
      228036  8.8042736E-02
      228037  8.0427110E-02
      228038  7.2699621E-02
      228039  6.4894803E-02
      228040  5.7031922E-02
      228041  4.9128376E-02
      228042  4.1213326E-02
      228043  3.3349831E-02
      228044  2.5679480E-02
      228045  1.8535348E-02
      228046  1.2716382E-02
      228047  1.0059574E-02
      228048  1.2761783E-02
      228049  1.8648755E-02
      228050  2.5894042E-02
      228051  3.3706676E-02
      228052  4.1760780E-02
      228053  4.9921978E-02
      228054  5.8133736E-02
      228055  6.6371381E-02
      228056  7.4623533E-02
      228057  8.2884520E-02
      228058  9.1151297E-02
      228059  9.9422060E-02
      228060  0.1076957    
      228061  0.1159714    
      228062  0.1242487    
      228063  0.1325271    
      228064  0.1408063    
      228065  0.1490861    
      228066  0.1573663    
      228067  0.1656468    
      228068  0.1739275    
      228069  0.1822084    
      228070  0.1904893    
      228071  0.1987703    
      228072  0.2070512    
      228073  0.2153322    
      228074  0.2236132    
      228075  0.2318941    
      228076  0.2401750    
      228077  0.2484559    
      228078  0.2567367    
      228079  0.2650175    
      228080  0.2732982    
      228081  0.2815789    
      228082  0.2898595    
      228083  0.2981400    
      228084  0.3064204    
      228085  0.3147008    
      228086  0.3229810    
      228087  0.3312612    
      228088  0.3395414    
      228089  0.3478214    
      228090  0.3561013    
      228091  0.3643811    
      228092  0.3726609    
      228093  0.3809405    
      228094  0.3892199    
      228095  0.3974994    
      228096  0.4057786    
      228097  0.4140577    
      228098  0.4223367    
      228099  0.4306156    
      228100  0.4388943    
      228101  0.4471729    
      228102  0.4554513    
      228103  0.4637296    
      228104  0.4720076    
      228105  0.4802856    
      228106  0.4885633    
      228107  0.4968409    
      228108  0.5051183    
      228109  0.5133954    
      228110  0.5216724    
      228111  0.5299488    
      228112  0.5382246    
      228113  0.5464985    
      228114  0.5547699    
      228115  0.5630388    
      228116  0.5713053    
      228117  0.5795697    
      228118  0.5878321    
      228119  0.5960926    
      228120  0.6043512    
      228121  0.6126082    
      228122  0.6208635    
      228123  0.6291173    
      228124  0.6373695    
      228125  0.6456203    
      228126  0.6538696    
      228127  0.6621176    
      228128  0.6703641    
      228129  0.6786093    
      228130  0.6868531    
      228131  0.6950955    
      228132  0.7033366    
      228133  0.7115765    
      228134  0.7198149    
      228135  0.7280520    
      228136  0.7362878    
      228137  0.7445222    
      228138  0.7527554    
      228139  0.7609872    
      228140  0.7692176    
      228141  0.7774467    
