        6441  9.1387466E-02
        6442  8.3118409E-02
        6443  7.4854165E-02
        6444  6.6597372E-02
        6445  5.8353044E-02
        6446  5.0131764E-02
        6447  4.1957177E-02
        6448  3.3884622E-02
        6449  2.6047930E-02
        6450  1.8774647E-02
        6451  1.2862684E-02
        6452  1.0157422E-02
        6453  1.2862682E-02
        6454  1.8774645E-02
        6455  2.6047925E-02
        6456  3.3884618E-02
        6457  4.1957177E-02
        6458  5.0131768E-02
        6459  5.8353044E-02
        6460  6.6597372E-02
        6461  7.4854173E-02
        6462  8.3118409E-02
        6463  9.1387480E-02
        6464  9.9659875E-02
        6465  0.1079347    
        6466  0.1162113    
        6467  0.1244893    
        6468  0.1327684    
        6469  0.1410481    
        6470  0.1493285    
        6471  0.1576092    
        6472  0.1658901    
        6473  0.1741712    
        6474  0.1824525    
        6475  0.1907337    
        6476  0.1990150    
        6477  0.2072963    
        6478  0.2155775    
        6479  0.2238588    
        6480  0.2321400    
        6481  0.2404211    
        6482  0.2487021    
        6483  0.2569832    
        6484  0.2652641    
        6485  0.2735450    
        6486  0.2818258    
        6487  0.2901065    
        6488  0.2983871    
        6489  0.3066677    
        6490  0.3149481    
        6491  0.3232285    
        6492  0.3315089    
        6493  0.3397891    
        6494  0.3480693    
        6495  0.3563493    
        6496  0.3646292    
        6497  0.3729090    
        6498  0.3811887    
        6499  0.3894683    
        6500  0.3977478    
        6501  0.4060272    
        6502  0.4143064    
        6503  0.4225855    
        6504  0.4308645    
        6505  0.4391433    
        6506  0.4474220    
        6507  0.4557006    
        6508  0.4639790    
        6509  0.4722571    
        6510  0.4805352    
        6511  0.4888130    
        6512  0.4970907    
        6513  0.5053682    
        6514  0.5136454    
        6515  0.5219223    
        6516  0.5301989    
        6517  0.5384747    
        6518  0.5467494    
        6519  0.5550218    
        6520  0.5632913    
        6521  0.5715580    
        6522  0.5798222    
        6523  0.5880840    
        6524  0.5963434    
        6525  0.6046005    
        6526  0.6128554    
        6527  0.6211079    
        6528  0.6293582    
        6529  0.6376060    
        6530  0.6458511    
        6531  0.6540930    
        6532  0.6623304    
        6533  0.6705602    
        6534  0.6787755    
        6535  0.6869607    
        6536  0.6950819    
        6537  0.7030689    
        6538  0.7107888    
        6539  0.7180501    
        6540  0.7247764    
        6541  0.7311265    
        6542  0.7372833    
        6543  0.7433641    
        6544  0.7494346    
        6545  0.7555321    
        6546  0.7616744    
        6547  0.7678705    
        6548  0.7741262    
        6549  0.7804450    
        6550  0.7868277    
        6551  0.7932762    
        6552  0.7997923    
        6553  0.8063769    
        6554  0.8130305    
        6555  0.8197529    
        6556  0.8265442    
        6557  0.8334047    
        6558  0.8403348    
        6559  0.8473345    
        6560  0.8544033    
        6561  0.8615407    
        6562  0.8687477    
        6563  0.8760266    
        6564  0.8833766    
        6565  0.8907918    
        6566  0.8982636    
        6567  0.9057850    
        6568  0.9133508    
        6569  0.9209567    
        6570  0.9285992    
        6571  0.9362752    
        6572  0.9439818    
        6573  0.9517163    
        6574  0.9594766    
        6575  0.9672604    
        6576  0.9750659    
        6577  0.9828916    
        6578  0.9907357    
        6579  0.9985968    
        6580   1.006474    
        6581   1.014365    
        6582   1.022270    
        6583   1.030187    
        6584   1.038116    
        6585   1.046056    
        6586   1.054006    
        6587   1.061965    
        6588   1.069932    
        6589   1.077908    
        6590   1.085891    
        6591   1.093882    
        6592   1.101878    
        6593   1.109880    
        6594   1.117888    
        6595   1.125900    
        6596   1.133915    
        6597   1.141934    
        6598   1.149955    
        6599   1.157977    
        6600   1.166000    
        6601   1.174023    
        6602   1.182045    
        6603   1.190065    
        6604   1.198081    
        6605   1.206090    
        6606   1.214085    
        6607   1.222050    
        6608   1.229958    
        6609   1.237749    
        6610   1.245331    
        6611   1.252625    
        6612   1.259669    
        6613   1.266581    
        6614   1.273458    
        6615   1.280359    
        6616   1.287315    
        6617   1.294342    
        6618   1.301446    
        6619   1.308630    
        6620   1.315896    
        6621   1.323245    
        6622   1.330667    
        6623   1.338152    
        6624   1.345690    
        6625   1.353274    
        6626   1.360900    
        6627   1.368564    
        6628   1.376263    
        6629   1.383993    
        6630   1.391751    
        6631   1.399535    
        6632   1.407342    
        6633   1.415170    
        6634   1.423017    
        6635   1.430879    
        6636   1.438754    
        6637   1.446639    
        6638   1.454531    
        6639   1.462426    
        6640   1.470319    
        6641   1.478207    
        6642   1.486083    
        6643   1.493937    
        6644   1.501752    
        6645   1.509496    
        6646   1.517106    
        6647   1.524477    
        6648   1.531491    
        6649   1.538124    
        6650   1.544495    
        6651   1.550733    
        6652   1.556926    
        6653   1.563126    
        6654   1.569362    
        6655   1.575648    
        6656   1.581997    
        6657   1.588415    
        6658   1.594908    
        6659   1.601481    
        6660   1.608137    
        6661   1.614873    
        6662   1.621689    
        6663   1.628581    
        6664   1.635546    
        6665   1.642581    
        6666   1.649684    
        6667   1.656856    
        6668   1.664098    
        6669   1.671411    
        6670   1.678794    
        6671   1.686242    
        6672   1.693745    
        6673   1.701297    
        6674   1.708892    
        6675   1.716530    
        6676   1.724205    
        6677   1.731915    
        6678   1.739658    
        6679   1.747431    
        6680   1.755231    
        6681   1.763057    
        6682   1.770905    
        6683   1.778775    
        6684   1.786664    
        6685   1.794571    
        6686   1.802494    
        6687   1.810432    
        6688   1.818384    
        6689   1.826349    
        6690   1.834325    
        6691   1.842311    
        6692   1.850308    
        6693   1.858314    
        6694   1.866328    
        6695   1.874350    
        6696   1.882379    
        6697   1.890414    
        6698   1.898456    
        6699   1.906503    
        6700   1.914555    
        6701   1.922611    
        6702   1.930672    
        6703   1.938736    
        6704   1.946804    
        6705   1.954875    
        6706   1.962950    
        6707   1.971026    
        6708   1.979104    
        6709   1.987184    
        6710   1.995266    
        6711   2.003348    
        6712   2.011432    
        6713   2.019515    
        6714   2.027597    
        6715   2.035678    
        6716   2.043757    
        6717   2.051831    
        6718   2.059897    
        6719   2.067952    
        6720   2.075987    
        6721   2.083991    
        6722   2.091949    
        6723   2.099853    
        6724   2.107710    
        6725   2.115535    
        6726   2.123343    
        6727   2.131144    
        6728   2.138945    
        6729   2.146750    
        6730   2.154557    
        6731   2.162356    
        6732   2.170121    
