      190180   2.092975    
      190181   2.085458    
      190182   2.077982    
      190183   2.070550    
      190184   2.063163    
      190185   2.055824    
      190186   2.048536    
      190187   2.041296    
      190188   2.034105    
      190189   2.026961    
      190190   2.019863    
      190191   2.012811    
      190192   2.005804    
      190193   1.998845    
      190194   1.991933    
      190195   1.985070    
      190196   1.978258    
      190197   1.971499    
      190198   1.964797    
      190199   1.958151    
      190200   1.951564    
      190201   1.945033    
      190202   1.938556    
      190203   1.932128    
      190204   1.925742    
      190205   1.919390    
      190206   1.913060    
      190207   1.906726    
      190208   1.900339    
      190209   1.893814    
      190210   1.887017    
      190211   1.879814    
      190212   1.872225    
      190213   1.864394    
      190214   1.856440    
      190215   1.848426    
      190216   1.840385    
      190217   1.832331    
      190218   1.824271    
      190219   1.816207    
      190220   1.808142    
      190221   1.800076    
      190222   1.792009    
      190223   1.783943    
      190224   1.775879    
      190225   1.767815    
      190226   1.759754    
      190227   1.751694    
      190228   1.743638    
      190229   1.735584    
      190230   1.727534    
      190231   1.719488    
      190232   1.711446    
      190233   1.703409    
      190234   1.695377    
      190235   1.687351    
      190236   1.679330    
      190237   1.671316    
      190238   1.663309    
      190239   1.655310    
      190240   1.647318    
      190241   1.639335    
      190242   1.631361    
      190243   1.623397    
      190244   1.615443    
      190245   1.607502    
      190246   1.599572    
      190247   1.591656    
      190248   1.583755    
      190249   1.575869    
      190250   1.568001    
      190251   1.560151    
      190252   1.552322    
      190253   1.544515    
      190254   1.536732    
      190255   1.528976    
      190256   1.521250    
      190257   1.513556    
      190258   1.505898    
      190259   1.498280    
      190260   1.490707    
      190261   1.483184    
      190262   1.475718    
      190263   1.468314    
      190264   1.460976    
      190265   1.453706    
      190266   1.446500    
      190267   1.439355    
      190268   1.432263    
      190269   1.425205    
      190270   1.418147    
      190271   1.411026    
      190272   1.403754    
      190273   1.396248    
      190274   1.388517    
      190275   1.380642    
      190276   1.372692    
      190277   1.364704    
      190278   1.356699    
      190279   1.348686    
      190280   1.340669    
      190281   1.332653    
      190282   1.324638    
      190283   1.316627    
      190284   1.308618    
      190285   1.300615    
      190286   1.292617    
      190287   1.284625    
      190288   1.276641    
      190289   1.268667    
      190290   1.260703    
      190291   1.252751    
      190292   1.244813    
      190293   1.236889    
      190294   1.228983    
      190295   1.221095    
      190296   1.213227    
      190297   1.205383    
      190298   1.197563    
      190299   1.189772    
      190300   1.182011    
      190301   1.174286    
      190302   1.166599    
      190303   1.158958    
      190304   1.151367    
      190305   1.143835    
      190306   1.136371    
      190307   1.128983    
      190308   1.121677    
      190309   1.114457    
      190310   1.107326    
      190311   1.100289    
      190312   1.093352    
      190313   1.086521    
      190314   1.079799    
      190315   1.073188    
      190316   1.066686    
      190317   1.060290    
      190318   1.053994    
      190319   1.047794    
      190320   1.041682    
      190321   1.035650    
      190322   1.029690    
      190323   1.023792    
      190324   1.017947    
      190325   1.012136    
      190326   1.006315    
      190327   1.000398    
      190328  0.9942409    
      190329  0.9876750    
      190330  0.9806650    
      190331  0.9733382    
      190332  0.9658313    
      190333  0.9582287    
      190334  0.9505762    
      190335  0.9428986    
      190336  0.9352102    
      190337  0.9275200    
      190338  0.9198345    
      190339  0.9121585    
      190340  0.9044961    
      190341  0.8968511    
      190342  0.8892267    
      190343  0.8816260    
      190344  0.8740523    
      190345  0.8665087    
      190346  0.8589989    
      190347  0.8515272    
      190348  0.8440982    
      190349  0.8367171    
      190350  0.8293884    
      190351  0.8221155    
      190352  0.8149005    
      190353  0.8077447    
      190354  0.8006506    
      190355  0.7936213    
      190356  0.7866603    
      190357  0.7797714    
      190358  0.7729586    
      190359  0.7662255    
      190360  0.7595755    
      190361  0.7530116    
      190362  0.7465352    
      190363  0.7401458    
      190364  0.7338430    
      190365  0.7276251    
      190366  0.7214810    
      190367  0.7153783    
      190368  0.7092481    
      190369  0.7029622    
      190370  0.6963112    
      190371  0.6891100    
      190372  0.6814458    
      190373  0.6735209    
      190374  0.6654713    
      190375  0.6573659    
      190376  0.6492369    
      190377  0.6410986    
      190378  0.6329572    
      190379  0.6248151    
      190380  0.6166736    
      190381  0.6085333    
      190382  0.6003943    
      190383  0.5922571    
      190384  0.5841218    
      190385  0.5759887    
      190386  0.5678580    
      190387  0.5597298    
      190388  0.5516045    
      190389  0.5434823    
      190390  0.5353636    
      190391  0.5272487    
      190392  0.5191379    
      190393  0.5110316    
      190394  0.5029302    
      190395  0.4948342    
      190396  0.4867439    
      190397  0.4786600    
      190398  0.4705829    
      190399  0.4625134    
      190400  0.4544520    
      190401  0.4463995    
      190402  0.4383568    
      190403  0.4303247    
      190404  0.4223042    
      190405  0.4142964    
      190406  0.4063025    
      190407  0.3983238    
      190408  0.3903618    
      190409  0.3824181    
      190410  0.3744946    
      190411  0.3665931    
      190412  0.3587161    
      190413  0.3508658    
      190414  0.3430451    
      190415  0.3352565    
      190416  0.3275031    
      190417  0.3197880    
      190418  0.3121147    
      190419  0.3044869    
      190420  0.2969088    
      190421  0.2893842    
      190422  0.2819167    
      190423  0.2745087    
      190424  0.2671615    
      190425  0.2598768    
      190426  0.2526567    
      190427  0.2455044    
      190428  0.2384247    
      190429  0.2314245    
      190430  0.2245131    
      190431  0.2177010    
      190432  0.2109997    
      190433  0.2044198    
      190434  0.1979686    
      190435  0.1916458    
      190436  0.1854362    
      190437  0.1793035    
      190438  0.1731805    
      190439  0.1669605    
      190440  0.1604924    
      190441  0.1536317    
      190442  0.1463576    
      190443  0.1387688    
      190444  0.1309847    
      190445  0.1230848    
      190446  0.1151083    
      190447  0.1070757    
      190448  9.8999470E-02
      190449  9.0888217E-02
      190450  8.2748361E-02
      190451  7.4585967E-02
      190452  6.6407949E-02
      190453  5.8223065E-02
      190454  5.0045054E-02
      190455  4.1900679E-02
      190456  3.3848684E-02
      190457  2.6025830E-02
      190458  1.8761717E-02
      190459  1.2855528E-02
      190460  1.0153173E-02
      190461  1.2858907E-02
      190462  1.8770371E-02
      190463  2.6042975E-02
      190464  3.3879071E-02
      190465  4.1951168E-02
      190466  5.0125428E-02
      190467  5.8346473E-02
      190468  6.6590637E-02
      190469  7.4847318E-02
      190470  8.3111465E-02
      190471  9.1380462E-02
      190472  9.9652827E-02
      190473  0.1079276    
      190474  0.1162042    
      190475  0.1244821    
      190476  0.1327611    
      190477  0.1410408    
      190478  0.1493211    
      190479  0.1576017    
      190480  0.1658825    
      190481  0.1741633    
      190482  0.1824442    
      190483  0.1907250    
      190484  0.1990055    
      190485  0.2072856    
      190486  0.2155652    
      190487  0.2238439    
      190488  0.2321213    
      190489  0.2403968    
      190490  0.2486696    
      190491  0.2569383    
      190492  0.2652010    
      190493  0.2734548    
      190494  0.2816955    
      190495  0.2899169    
      190496  0.2981100    
      190497  0.3062626    
      190498  0.3143596    
      190499  0.3223844    
      190500  0.3303151    
      190501  0.3381130    
      190502  0.3457138    
      190503  0.3530446    
      190504  0.3600604    
      190505  0.3667767    
      190506  0.3732650    
      190507  0.3796092    
      190508  0.3858725    
      190509  0.3920940    
      190510  0.3982930    
      190511  0.4044790    
      190512  0.4106586    
      190513  0.4168382    
      190514  0.4230252    
      190515  0.4292291    
      190516  0.4354619    
      190517  0.4417382    
      190518  0.4480732    
      190519  0.4544791    
      190520  0.4609650    
      190521  0.4675351    
      190522  0.4741896    
      190523  0.4809284    
      190524  0.4877503    
      190525  0.4946531    
      190526  0.5016339    
      190527  0.5086896    
      190528  0.5158184    
      190529  0.5230174    
      190530  0.5302834    
      190531  0.5376121    
      190532  0.5449975    
      190533  0.5524320    
      190534  0.5599089    
      190535  0.5674254    
      190536  0.5749806    
      190537  0.5825745    
      190538  0.5902070    
      190539  0.5978789    
      190540  0.6055899    
      190541  0.6133390    
      190542  0.6211241    
      190543  0.6289431    
      190544  0.6367931    
      190545  0.6446716    
      190546  0.6525759    
      190547  0.6605035    
      190548  0.6684524    
      190549  0.6764206    
      190550  0.6844062    
      190551  0.6924077    
      190552  0.7004237    
      190553  0.7084528    
      190554  0.7164939    
      190555  0.7245458    
      190556  0.7326078    
      190557  0.7406788    
      190558  0.7487582    
      190559  0.7568452    
      190560  0.7649392    
      190561  0.7730396    
      190562  0.7811458    
      190563  0.7892574    
      190564  0.7973741    
      190565  0.8054953    
      190566  0.8136207    
      190567  0.8217499    
      190568  0.8298827    
      190569  0.8380191    
      190570  0.8461584    
      190571  0.8543005    
      190572  0.8624452    
      190573  0.8705924    
      190574  0.8787418    
      190575  0.8868932    
      190576  0.8950465    
      190577  0.9032016    
      190578  0.9113582    
      190579  0.9195163    
      190580  0.9276758    
      190581  0.9358366    
      190582  0.9439984    
      190583  0.9521613    
      190584  0.9603251    
      190585  0.9684898    
      190586  0.9766552    
      190587  0.9848214    
      190588  0.9929882    
      190589   1.001155    
      190590   1.009323    
      190591   1.017492    
      190592   1.025660    
      190593   1.033829    
      190594   1.041998    
      190595   1.050168    
      190596   1.058337    
      190597   1.066507    
      190598   1.074677    
      190599   1.082847    
      190600   1.091017    
      190601   1.099186    
      190602   1.107356    
      190603   1.115525    
      190604   1.123695    
      190605   1.131864    
      190606   1.140033    
      190607   1.148202    
      190608   1.156371    
      190609   1.164539    
      190610   1.172707    
      190611   1.180874    
      190612   1.189041    
      190613   1.197208    
      190614   1.205374    
      190615   1.213539    
      190616   1.221704    
      190617   1.229869    
      190618   1.238033    
      190619   1.246196    
      190620   1.254358    
      190621   1.262520    
