      209815   2.128774    
      209816   2.120728    
      209817   2.112672    
      209818   2.104611    
      209819   2.096547    
      209820   2.088481    
      209821   2.080415    
      209822   2.072348    
      209823   2.064283    
      209824   2.056218    
      209825   2.048155    
      209826   2.040093    
      209827   2.032034    
      209828   2.023978    
      209829   2.015924    
      209830   2.007874    
      209831   1.999828    
      209832   1.991786    
      209833   1.983749    
      209834   1.975717    
      209835   1.967691    
      209836   1.959670    
      209837   1.951656    
      209838   1.943649    
      209839   1.935649    
      209840   1.927658    
      209841   1.919675    
      209842   1.911701    
      209843   1.903737    
      209844   1.895783    
      209845   1.887841    
      209846   1.879912    
      209847   1.871996    
      209848   1.864094    
      209849   1.856209    
      209850   1.848340    
      209851   1.840491    
      209852   1.832661    
      209853   1.824854    
      209854   1.817072    
      209855   1.809316    
      209856   1.801590    
      209857   1.793896    
      209858   1.786238    
      209859   1.778620    
      209860   1.771047    
      209861   1.763524    
      209862   1.756058    
      209863   1.748654    
      209864   1.741316    
      209865   1.734045    
      209866   1.726839    
      209867   1.719695    
      209868   1.712603    
      209869   1.705545    
      209870   1.698486    
      209871   1.691366    
      209872   1.684093    
      209873   1.676587    
      209874   1.668856    
      209875   1.660982    
      209876   1.653032    
      209877   1.645044    
      209878   1.637039    
      209879   1.629025    
      209880   1.621009    
      209881   1.612993    
      209882   1.604978    
      209883   1.596966    
      209884   1.588958    
      209885   1.580954    
      209886   1.572956    
      209887   1.564965    
      209888   1.556981    
      209889   1.549006    
      209890   1.541042    
      209891   1.533090    
      209892   1.525152    
      209893   1.517229    
      209894   1.509322    
      209895   1.501434    
      209896   1.493567    
      209897   1.485722    
      209898   1.477902    
      209899   1.470111    
      209900   1.462350    
      209901   1.454625    
      209902   1.446939    
      209903   1.439297    
      209904   1.431706    
      209905   1.424175    
      209906   1.416710    
      209907   1.409322    
      209908   1.402016    
      209909   1.394796    
      209910   1.387666    
      209911   1.380629    
      209912   1.373692    
      209913   1.366861    
      209914   1.360139    
      209915   1.353528    
      209916   1.347026    
      209917   1.340630    
      209918   1.334334    
      209919   1.328134    
      209920   1.322023    
      209921   1.315991    
      209922   1.310030    
      209923   1.304133    
      209924   1.298288    
      209925   1.292477    
      209926   1.286656    
      209927   1.280739    
      209928   1.274581    
      209929   1.268015    
      209930   1.261005    
      209931   1.253678    
      209932   1.246171    
      209933   1.238568    
      209934   1.230916    
      209935   1.223238    
      209936   1.215550    
      209937   1.207859    
      209938   1.200174    
      209939   1.192498    
      209940   1.184835    
      209941   1.177190    
      209942   1.169566    
      209943   1.161965    
      209944   1.154391    
      209945   1.146848    
      209946   1.139338    
      209947   1.131867    
      209948   1.124438    
      209949   1.117057    
      209950   1.109728    
      209951   1.102455    
      209952   1.095240    
      209953   1.088085    
      209954   1.080991    
      209955   1.073961    
      209956   1.067000    
      209957   1.060112    
      209958   1.053299    
      209959   1.046566    
      209960   1.039917    
      209961   1.033353    
      209962   1.026877    
      209963   1.020488    
      209964   1.014186    
      209965   1.007968    
      209966   1.001824    
      209967  0.9957206    
      209968  0.9895890    
      209969  0.9833001    
      209970  0.9766437    
      209971  0.9694359    
      209972  0.9617670    
      209973  0.9538386    
      209974  0.9457860    
      209975  0.9376780    
      209976  0.9295461    
      209977  0.9214048    
      209978  0.9132601    
      209979  0.9051146    
      209980  0.8969693    
      209981  0.8888249    
      209982  0.8806819    
      209983  0.8725401    
      209984  0.8644000    
      209985  0.8562617    
      209986  0.8481256    
      209987  0.8399916    
      209988  0.8318602    
      209989  0.8237317    
      209990  0.8156062    
      209991  0.8074843    
      209992  0.7993661    
      209993  0.7912523    
      209994  0.7831429    
      209995  0.7750386    
      209996  0.7669400    
      209997  0.7588475    
      209998  0.7507617    
      209999  0.7426832    
      210000  0.7346129    
      210001  0.7265516    
      210002  0.7185000    
      210003  0.7104592    
      210004  0.7024302    
      210005  0.6944145    
      210006  0.6864132    
      210007  0.6784279    
      210008  0.6704602    
      210009  0.6625120    
      210010  0.6545854    
      210011  0.6466824    
      210012  0.6388059    
      210013  0.6309586    
      210014  0.6231434    
      210015  0.6153638    
      210016  0.6076231    
      210017  0.5999247    
      210018  0.5922722    
      210019  0.5846692    
      210020  0.5771189    
      210021  0.5696242    
      210022  0.5621874    
      210023  0.5548101    
      210024  0.5474936    
      210025  0.5402398    
      210026  0.5330518    
      210027  0.5259337    
      210028  0.5188908    
      210029  0.5119312    
      210030  0.5050647    
      210031  0.4983029    
      210032  0.4916587    
      210033  0.4851449    
      210034  0.4787721    
      210035  0.4725451    
      210036  0.4664602    
      210037  0.4605074    
      210038  0.4546665    
      210039  0.4489081    
      210040  0.4431899    
      210041  0.4374462    
      210042  0.4315788    
      210043  0.4254513    
      210044  0.4188939    
      210045  0.4118084    
      210046  0.4042823    
      210047  0.3964753    
      210048  0.3885061    
      210049  0.3804453    
      210050  0.3723282    
      210051  0.3641722    
      210052  0.3559867    
      210053  0.3477775    
      210054  0.3395491    
      210055  0.3313053    
      210056  0.3230500    
      210057  0.3147866    
      210058  0.3065177    
      210059  0.2982449    
      210060  0.2899694    
      210061  0.2816922    
      210062  0.2734138    
      210063  0.2651345    
      210064  0.2568547    
      210065  0.2485745    
      210066  0.2402940    
      210067  0.2320132    
      210068  0.2237324    
      210069  0.2154514    
      210070  0.2071703    
      210071  0.1988893    
      210072  0.1906082    
      210073  0.1823271    
      210074  0.1740460    
      210075  0.1657651    
      210076  0.1574843    
      210077  0.1492038    
      210078  0.1409237    
      210079  0.1326442    
      210080  0.1243654    
      210081  0.1160877    
      210082  0.1078115    
      210083  9.9537149E-02
      210084  9.1265410E-02
      210085  8.2997292E-02
      210086  7.4734405E-02
      210087  6.6479526E-02
      210088  5.8237962E-02
      210089  5.0020609E-02
      210090  4.1851558E-02
      210091  3.3786662E-02
      210092  2.5960017E-02
      210093  1.8698359E-02
      210094  1.2795336E-02
      210095  1.0082614E-02
      210096  1.2737770E-02
      210097  1.8554755E-02
      210098  2.5686920E-02
      210099  3.3329263E-02
      210100  4.1146658E-02
      210101  4.8999611E-02
      210102  5.6830466E-02
      210103  6.4614207E-02
      210104  7.2332561E-02
      210105  7.9958133E-02
      210106  8.7440439E-02
      210107  9.4722502E-02
      210108  0.1017717    
      210109  0.1085998    
      210110  0.1152489    
      210111  0.1217709    
      210112  0.1282091    
      210113  0.1345958    
      210114  0.1409531    
      210115  0.1472989    
      210116  0.1536506    
      210117  0.1600261    
      210118  0.1664424    
      210119  0.1729134    
      210120  0.1794499    
      210121  0.1860601    
      210122  0.1927485    
      210123  0.1995161    
      210124  0.2063605    
      210125  0.2132773    
      210126  0.2202628    
      210127  0.2273123    
      210128  0.2344210    
      210129  0.2415863    
      210130  0.2488074    
      210131  0.2560830    
      210132  0.2634128    
      210133  0.2707970    
      210134  0.2782349    
      210135  0.2857251    
      210136  0.2932652    
      210137  0.3008515    
      210138  0.3084812    
      210139  0.3161528    
      210140  0.3238646    
      210141  0.3316149    
      210142  0.3394014    
      210143  0.3472216    
      210144  0.3550727    
      210145  0.3629521    
      210146  0.3708572    
      210147  0.3787857    
      210148  0.3867351    
      210149  0.3947038    
      210150  0.4026899    
      210151  0.4106919    
      210152  0.4187082    
      210153  0.4267377    
      210154  0.4347790    
      210155  0.4428313    
      210156  0.4508935    
      210157  0.4589647    
      210158  0.4670442    
      210159  0.4751313    
      210160  0.4832255    
      210161  0.4913259    
      210162  0.4994323    
      210163  0.5075440    
      210164  0.5156608    
      210165  0.5237820    
      210166  0.5319076    
      210167  0.5400370    
      210168  0.5481700    
      210169  0.5563062    
      210170  0.5644456    
      210171  0.5725878    
      210172  0.5807326    
      210173  0.5888798    
      210174  0.5970292    
      210175  0.6051806    
      210176  0.6133340    
      210177  0.6214891    
      210178  0.6296458    
      210179  0.6378040    
      210180  0.6459635    
      210181  0.6541243    
      210182  0.6622862    
      210183  0.6704491    
      210184  0.6786131    
      210185  0.6867778    
      210186  0.6949433    
      210187  0.7031095    
      210188  0.7112763    
      210189  0.7194437    
      210190  0.7276115    
      210191  0.7357799    
      210192  0.7439486    
      210193  0.7521176    
      210194  0.7602869    
      210195  0.7684563    
      210196  0.7766260    
      210197  0.7847956    
      210198  0.7929655    
      210199  0.8011354    
      210200  0.8093052    
      210201  0.8174750    
      210202  0.8256448    
      210203  0.8338144    
      210204  0.8419838    
      210205  0.8501531    
      210206  0.8583222    
      210207  0.8664911    
      210208  0.8746597    
      210209  0.8828279    
      210210  0.8909957    
      210211  0.8991632    
      210212  0.9073303    
      210213  0.9154969    
      210214  0.9236630    
      210215  0.9318286    
      210216  0.9399936    
      210217  0.9481581    
      210218  0.9563220    
      210219  0.9644850    
      210220  0.9726475    
      210221  0.9808094    
