      168862   2.144042    
      168863   2.135991    
      168864   2.127944    
      168865   2.119901    
      168866   2.111861    
      168867   2.103825    
      168868   2.095793    
      168869   2.087765    
      168870   2.079742    
      168871   2.071724    
      168872   2.063711    
      168873   2.055704    
      168874   2.047702    
      168875   2.039707    
      168876   2.031719    
      168877   2.023738    
      168878   2.015764    
      168879   2.007799    
      168880   1.999842    
      168881   1.991895    
      168882   1.983957    
      168883   1.976031    
      168884   1.968115    
      168885   1.960212    
      168886   1.952322    
      168887   1.944446    
      168888   1.936585    
      168889   1.928741    
      168890   1.920915    
      168891   1.913108    
      168892   1.905321    
      168893   1.897557    
      168894   1.889817    
      168895   1.882102    
      168896   1.874416    
      168897   1.866759    
      168898   1.859135    
      168899   1.851544    
      168900   1.843990    
      168901   1.836473    
      168902   1.828997    
      168903   1.821564    
      168904   1.814177    
      168905   1.806839    
      168906   1.799551    
      168907   1.792311    
      168908   1.785120    
      168909   1.777976    
      168910   1.770878    
      168911   1.763825    
      168912   1.756819    
      168913   1.749859    
      168914   1.742947    
      168915   1.736084    
      168916   1.729272    
      168917   1.722514    
      168918   1.715811    
      168919   1.709166    
      168920   1.702578    
      168921   1.696047    
      168922   1.689570    
      168923   1.683141    
      168924   1.676755    
      168925   1.670403    
      168926   1.664073    
      168927   1.657739    
      168928   1.651352    
      168929   1.644827    
      168930   1.638030    
      168931   1.630827    
      168932   1.623238    
      168933   1.615407    
      168934   1.607453    
      168935   1.599440    
      168936   1.591399    
      168937   1.583345    
      168938   1.575284    
      168939   1.567220    
      168940   1.559155    
      168941   1.551089    
      168942   1.543023    
      168943   1.534957    
      168944   1.526892    
      168945   1.518829    
      168946   1.510767    
      168947   1.502708    
      168948   1.494652    
      168949   1.486598    
      168950   1.478548    
      168951   1.470502    
      168952   1.462460    
      168953   1.454423    
      168954   1.446391    
      168955   1.438364    
      168956   1.430344    
      168957   1.422330    
      168958   1.414323    
      168959   1.406323    
      168960   1.398332    
      168961   1.390348    
      168962   1.382375    
      168963   1.374410    
      168964   1.366457    
      168965   1.358515    
      168966   1.350586    
      168967   1.342670    
      168968   1.334769    
      168969   1.326883    
      168970   1.319014    
      168971   1.311165    
      168972   1.303335    
      168973   1.295528    
      168974   1.287746    
      168975   1.279990    
      168976   1.272264    
      168977   1.264570    
      168978   1.256912    
      168979   1.249294    
      168980   1.241720    
      168981   1.234197    
      168982   1.226731    
      168983   1.219327    
      168984   1.211989    
      168985   1.204718    
      168986   1.197512    
      168987   1.190367    
      168988   1.183275    
      168989   1.176217    
      168990   1.169159    
      168991   1.162039    
      168992   1.154767    
      168993   1.147261    
      168994   1.139530    
      168995   1.131656    
      168996   1.123706    
      168997   1.115718    
      168998   1.107713    
      168999   1.099699    
      169000   1.091683    
      169001   1.083667    
      169002   1.075652    
      169003   1.067640    
      169004   1.059632    
      169005   1.051628    
      169006   1.043630    
      169007   1.035639    
      169008   1.027655    
      169009   1.019680    
      169010   1.011716    
      169011   1.003765    
      169012  0.9958262    
      169013  0.9879030    
      169014  0.9799964    
      169015  0.9721084    
      169016  0.9642409    
      169017  0.9563961    
      169018  0.9485766    
      169019  0.9407851    
      169020  0.9330246    
      169021  0.9252990    
      169022  0.9176127    
      169023  0.9099709    
      169024  0.9023802    
      169025  0.8948483    
      169026  0.8873839    
      169027  0.8799956    
      169028  0.8726896    
      169029  0.8654692    
      169030  0.8583380    
      169031  0.8513011    
      169032  0.8443642    
      169033  0.8375325    
      169034  0.8308101    
      169035  0.8241985    
      169036  0.8176967    
      169037  0.8113003    
      169038  0.8050041    
      169039  0.7988039    
      169040  0.7926918    
      169041  0.7866594    
      169042  0.7806983    
      169043  0.7748003    
      169044  0.7689551    
      169045  0.7631431    
      169046  0.7573214    
      169047  0.7514026    
      169048  0.7452430    
      169049  0.7386735    
      169050  0.7316600    
      169051  0.7243305    
      169052  0.7168211    
      169053  0.7092164    
      169054  0.7015619    
      169055  0.6938825    
      169056  0.6861922    
      169057  0.6785002    
      169058  0.6708127    
      169059  0.6631346    
      169060  0.6554700    
      169061  0.6478227    
      169062  0.6401959    
      169063  0.6325927    
      169064  0.6250161    
      169065  0.6174695    
      169066  0.6099563    
      169067  0.6024808    
      169068  0.5950475    
      169069  0.5876614    
      169070  0.5803272    
      169071  0.5730481    
      169072  0.5658262    
      169073  0.5586631    
      169074  0.5515601    
      169075  0.5445194    
      169076  0.5375410    
      169077  0.5306201    
      169078  0.5237417    
      169079  0.5168778    
      169080  0.5099761    
      169081  0.5029444    
      169082  0.4956585    
      169083  0.4880292    
      169084  0.4801148    
      169085  0.4720290    
      169086  0.4638484    
      169087  0.4556189    
      169088  0.4473644    
      169089  0.4390976    
      169090  0.4308248    
      169091  0.4225489    
      169092  0.4142715    
      169093  0.4059935    
      169094  0.3977152    
      169095  0.3894366    
      169096  0.3811578    
      169097  0.3728790    
      169098  0.3646002    
      169099  0.3563212    
      169100  0.3480421    
      169101  0.3397629    
      169102  0.3314837    
      169103  0.3232043    
      169104  0.3149247    
      169105  0.3066449    
      169106  0.2983651    
      169107  0.2900850    
      169108  0.2818048    
      169109  0.2735245    
      169110  0.2652440    
      169111  0.2569633    
      169112  0.2486826    
      169113  0.2404018    
      169114  0.2321208    
      169115  0.2238398    
      169116  0.2155587    
      169117  0.2072775    
      169118  0.1989963    
      169119  0.1907151    
      169120  0.1824338    
      169121  0.1741526    
      169122  0.1658716    
      169123  0.1575907    
      169124  0.1493100    
      169125  0.1410297    
      169126  0.1327499    
      169127  0.1244710    
      169128  0.1161930    
      169129  0.1079164    
      169130  9.9641696E-02
      169131  9.1369390E-02
      169132  8.3100468E-02
      169133  7.4836433E-02
      169134  6.6579901E-02
      169135  5.8335975E-02
      169136  5.0115272E-02
      169137  4.1941494E-02
      169138  3.3870056E-02
      169139  2.6034836E-02
      169140  1.8763248E-02
      169141  1.2852550E-02
      169142  1.0146035E-02
      169143  1.2843492E-02
      169144  1.8740475E-02
      169145  2.5990766E-02
      169146  3.3794135E-02
      169147  4.1819688E-02
      169148  4.9929235E-02
      169149  5.8062118E-02
      169150  6.6188298E-02
      169151  7.4289843E-02
      169152  8.2354091E-02
      169153  9.0370774E-02
      169154  9.8327592E-02
      169155  0.1062081    
      169156  0.1139889    
      169157  0.1216270    
      169158  0.1290581    
      169159  0.1362204    
      169160  0.1431000    
      169161  0.1497514    
      169162  0.1562692    
      169163  0.1627398    
      169164  0.1692236    
      169165  0.1757554    
      169166  0.1823505    
      169167  0.1890128    
      169168  0.1957425    
      169169  0.2025396    
      169170  0.2094038    
      169171  0.2163346    
      169172  0.2233316    
      169173  0.2303943    
      169174  0.2375235    
      169175  0.2447210    
      169176  0.2519895    
      169177  0.2593333    
      169178  0.2667544    
      169179  0.2742498    
      169180  0.2818119    
      169181  0.2894324    
      169182  0.2971055    
      169183  0.3048270    
      169184  0.3125929    
      169185  0.3203994    
      169186  0.3282428    
      169187  0.3361194    
      169188  0.3440256    
      169189  0.3519582    
      169190  0.3599145    
      169191  0.3678921    
      169192  0.3758887    
      169193  0.3839023    
      169194  0.3919312    
      169195  0.3999740    
      169196  0.4080292    
      169197  0.4160956    
      169198  0.4241722    
      169199  0.4322580    
      169200  0.4403520    
      169201  0.4484536    
      169202  0.4565619    
      169203  0.4646764    
      169204  0.4727962    
      169205  0.4809207    
      169206  0.4890492    
      169207  0.4971810    
      169208  0.5053149    
      169209  0.5134498    
      169210  0.5215842    
      169211  0.5297157    
      169212  0.5378410    
      169213  0.5459556    
      169214  0.5540526    
      169215  0.5621219    
      169216  0.5701488    
      169217  0.5781121    
      169218  0.5859838    
      169219  0.5937297    
      169220  0.6013094    
      169221  0.6086778    
      169222  0.6157947    
      169223  0.6226448    
      169224  0.6292526    
      169225  0.6356792    
      169226  0.6419908    
      169227  0.6482375    
      169228  0.6544499    
      169229  0.6606445    
      169230  0.6668291    
      169231  0.6730084    
      169232  0.6791856    
      169233  0.6853647    
      169234  0.6915511    
      169235  0.6977525    
      169236  0.7039798    
      169237  0.7102469    
      169238  0.7165675    
      169239  0.7229522    
      169240  0.7294091    
      169241  0.7359442    
      169242  0.7425615    
      169243  0.7492616    
      169244  0.7560441    
      169245  0.7629073    
      169246  0.7698483    
      169247  0.7768629    
      169248  0.7839473    
      169249  0.7910995    
      169250  0.7983191    
      169251  0.8056067    
      169252  0.8129634    
      169253  0.8203896    
      169254  0.8278834    
      169255  0.8354403    
      169256  0.8430547    
      169257  0.8507214    
      169258  0.8584369    
      169259  0.8661979    
      169260  0.8740011    
      169261  0.8818431    
      169262  0.8897199    
      169263  0.8976281    
      169264  0.9055644    
      169265  0.9135256    
      169266  0.9215090    
      169267  0.9295124    
      169268  0.9375334    
      169269  0.9455703    
      169270  0.9536216    
      169271  0.9616855    
      169272  0.9697609    
      169273  0.9778466    
      169274  0.9859418    
      169275  0.9940454    
      169276   1.002157    
      169277   1.010275    
      169278   1.018400    
      169279   1.026531    
      169280   1.034666    
      169281   1.042807    
      169282   1.050952    
      169283   1.059101    
      169284   1.067254    
      169285   1.075411    
      169286   1.083570    
      169287   1.091732    
      169288   1.099897    
      169289   1.108065    
      169290   1.116234    
      169291   1.124406    
      169292   1.132579    
      169293   1.140754    
      169294   1.148931    
      169295   1.157109    
      169296   1.165289    
      169297   1.173470    
      169298   1.181651    
      169299   1.189834    
      169300   1.198018    
      169301   1.206203    
      169302   1.214388    
      169303   1.222574    
      169304   1.230760    
      169305   1.238948    
      169306   1.247135    
      169307   1.255323    
      169308   1.263512    
      169309   1.271701    
      169310   1.279890    
      169311   1.288080    
      169312   1.296269    
      169313   1.304459    
      169314   1.312649    
      169315   1.320840    
      169316   1.329031    
      169317   1.337221    
      169318   1.345412    
      169319   1.353603    
      169320   1.361794    
      169321   1.369985    
      169322   1.378176    
      169323   1.386367    
      169324   1.394558    
      169325   1.402749    
      169326   1.410941    
      169327   1.419132    
      169328   1.427323    
      169329   1.435514    
      169330   1.443706    
      169331   1.451897    
      169332   1.460088    
      169333   1.468279    
      169334   1.476471    
      169335   1.484662    
      169336   1.492853    
      169337   1.501045    
      169338   1.509236    
      169339   1.517427    
      169340   1.525618    
      169341   1.533809    
