      191302   2.093196    
      191303   2.085763    
      191304   2.078377    
      191305   2.071039    
      191306   2.063751    
      191307   2.056511    
      191308   2.049320    
      191309   2.042175    
      191310   2.035077    
      191311   2.028025    
      191312   2.021019    
      191313   2.014059    
      191314   2.007147    
      191315   2.000284    
      191316   1.993472    
      191317   1.986714    
      191318   1.980011    
      191319   1.973366    
      191320   1.966778    
      191321   1.960248    
      191322   1.953771    
      191323   1.947342    
      191324   1.940956    
      191325   1.934604    
      191326   1.928274    
      191327   1.921940    
      191328   1.915553    
      191329   1.909028    
      191330   1.902231    
      191331   1.895028    
      191332   1.887439    
      191333   1.879608    
      191334   1.871654    
      191335   1.863641    
      191336   1.855600    
      191337   1.847545    
      191338   1.839485    
      191339   1.831421    
      191340   1.823356    
      191341   1.815289    
      191342   1.807223    
      191343   1.799157    
      191344   1.791093    
      191345   1.783030    
      191346   1.774968    
      191347   1.766909    
      191348   1.758852    
      191349   1.750799    
      191350   1.742749    
      191351   1.734703    
      191352   1.726661    
      191353   1.718624    
      191354   1.710592    
      191355   1.702565    
      191356   1.694545    
      191357   1.686531    
      191358   1.678524    
      191359   1.670524    
      191360   1.662533    
      191361   1.654549    
      191362   1.646575    
      191363   1.638611    
      191364   1.630658    
      191365   1.622716    
      191366   1.614787    
      191367   1.606871    
      191368   1.598969    
      191369   1.591084    
      191370   1.583215    
      191371   1.575365    
      191372   1.567536    
      191373   1.559729    
      191374   1.551947    
      191375   1.544191    
      191376   1.536464    
      191377   1.528770    
      191378   1.521112    
      191379   1.513494    
      191380   1.505921    
      191381   1.498398    
      191382   1.490932    
      191383   1.483528    
      191384   1.476191    
      191385   1.468920    
      191386   1.461714    
      191387   1.454569    
      191388   1.447477    
      191389   1.440419    
      191390   1.433361    
      191391   1.426241    
      191392   1.418968    
      191393   1.411462    
      191394   1.403731    
      191395   1.395857    
      191396   1.387907    
      191397   1.379919    
      191398   1.371914    
      191399   1.363901    
      191400   1.355884    
      191401   1.347868    
      191402   1.339853    
      191403   1.331841    
      191404   1.323833    
      191405   1.315829    
      191406   1.307831    
      191407   1.299840    
      191408   1.291856    
      191409   1.283881    
      191410   1.275917    
      191411   1.267966    
      191412   1.260027    
      191413   1.252104    
      191414   1.244197    
      191415   1.236309    
      191416   1.228442    
      191417   1.220597    
      191418   1.212777    
      191419   1.204986    
      191420   1.197225    
      191421   1.189500    
      191422   1.181813    
      191423   1.174172    
      191424   1.166581    
      191425   1.159049    
      191426   1.151585    
      191427   1.144197    
      191428   1.136891    
      191429   1.129671    
      191430   1.122540    
      191431   1.115503    
      191432   1.108567    
      191433   1.101735    
      191434   1.095013    
      191435   1.088402    
      191436   1.081900    
      191437   1.075504    
      191438   1.069209    
      191439   1.063008    
      191440   1.056897    
      191441   1.050865    
      191442   1.044904    
      191443   1.039006    
      191444   1.033162    
      191445   1.027350    
      191446   1.021530    
      191447   1.015613    
      191448   1.009455    
      191449   1.002889    
      191450  0.9958792    
      191451  0.9885526    
      191452  0.9810455    
      191453  0.9734429    
      191454  0.9657905    
      191455  0.9581130    
      191456  0.9504246    
      191457  0.9427345    
      191458  0.9350489    
      191459  0.9273728    
      191460  0.9197104    
      191461  0.9120653    
      191462  0.9044409    
      191463  0.8968402    
      191464  0.8892665    
      191465  0.8817230    
      191466  0.8742132    
      191467  0.8667415    
      191468  0.8593128    
      191469  0.8519317    
      191470  0.8446031    
      191471  0.8373301    
      191472  0.8301150    
      191473  0.8229594    
      191474  0.8158652    
      191475  0.8088357    
      191476  0.8018748    
      191477  0.7949859    
      191478  0.7881731    
      191479  0.7814400    
      191480  0.7747901    
      191481  0.7682261    
      191482  0.7617497    
      191483  0.7553604    
      191484  0.7490577    
      191485  0.7428399    
      191486  0.7366959    
      191487  0.7305933    
      191488  0.7244633    
      191489  0.7181780    
      191490  0.7115277    
      191491  0.7043272    
      191492  0.6966636    
      191493  0.6887388    
      191494  0.6806893    
      191495  0.6725841    
      191496  0.6644552    
      191497  0.6563170    
      191498  0.6481756    
      191499  0.6400335    
      191500  0.6318921    
      191501  0.6237519    
      191502  0.6156130    
      191503  0.6074759    
      191504  0.5993407    
      191505  0.5912077    
      191506  0.5830770    
      191507  0.5749489    
      191508  0.5668237    
      191509  0.5587017    
      191510  0.5505831    
      191511  0.5424683    
      191512  0.5343577    
      191513  0.5262516    
      191514  0.5181502    
      191515  0.5100543    
      191516  0.5019642    
      191517  0.4938805    
      191518  0.4858037    
      191519  0.4777343    
      191520  0.4696732    
      191521  0.4616210    
      191522  0.4535787    
      191523  0.4455469    
      191524  0.4375268    
      191525  0.4295194    
      191526  0.4215260    
      191527  0.4135479    
      191528  0.4055865    
      191529  0.3976436    
      191530  0.3897209    
      191531  0.3818206    
      191532  0.3739447    
      191533  0.3660960    
      191534  0.3582769    
      191535  0.3504905    
      191536  0.3427397    
      191537  0.3350276    
      191538  0.3273577    
      191539  0.3197337    
      191540  0.3121598    
      191541  0.3046397    
      191542  0.2971769    
      191543  0.2897740    
      191544  0.2824327    
      191545  0.2751545    
      191546  0.2679417    
      191547  0.2607978    
      191548  0.2537273    
      191549  0.2467375    
      191550  0.2398375    
      191551  0.2330381    
      191552  0.2263510    
      191553  0.2197877    
      191554  0.2133564    
      191555  0.2070583    
      191556  0.2008818    
      191557  0.1947984    
      191558  0.1887556    
      191559  0.1826626    
      191560  0.1763836    
      191561  0.1697484    
      191562  0.1626639    
      191563  0.1551927    
      191564  0.1474677    
      191565  0.1395949    
      191566  0.1316310    
      191567  0.1236040    
      191568  0.1155297    
      191569  0.1074181    
      191570  9.9275954E-02
      191571  9.1108538E-02
      191572  8.2920685E-02
      191573  7.4717596E-02
      191574  6.6505224E-02
      191575  5.8291942E-02
      191576  5.0091814E-02
      191577  4.1931402E-02
      191578  3.3868313E-02
      191579  2.6037931E-02
      191580  1.8768810E-02
      191581  1.2859456E-02
      191582  1.0155507E-02
      191583  1.2860984E-02
      191584  1.8772723E-02
      191585  2.6045699E-02
      191586  3.3882126E-02
      191587  4.1954473E-02
      191588  5.0128911E-02
      191589  5.8350079E-02
      191590  6.6594332E-02
      191591  7.4851081E-02
      191592  8.3115265E-02
      191593  9.1384292E-02
      191594  9.9656671E-02
      191595  0.1079315    
      191596  0.1162080    
      191597  0.1244860    
      191598  0.1327649    
      191599  0.1410446    
      191600  0.1493248    
      191601  0.1576052    
      191602  0.1658859    
      191603  0.1741665    
      191604  0.1824469    
      191605  0.1907271    
      191606  0.1990067    
      191607  0.2072854    
      191608  0.2155629    
      191609  0.2238385    
      191610  0.2321114    
      191611  0.2403802    
      191612  0.2486429    
      191613  0.2568968    
      191614  0.2651377    
      191615  0.2733594    
      191616  0.2815529    
      191617  0.2897062    
      191618  0.2978044    
      191619  0.3058314    
      191620  0.3137666    
      191621  0.3215736    
      191622  0.3291894    
      191623  0.3365396    
      191624  0.3435749    
      191625  0.3503084    
      191626  0.3568099    
      191627  0.3631637    
      191628  0.3694339    
      191629  0.3756614    
      191630  0.3818661    
      191631  0.3880576    
      191632  0.3942420    
      191633  0.4004256    
      191634  0.4066156    
      191635  0.4128216    
      191636  0.4190558    
      191637  0.4253331    
      191638  0.4316687    
      191639  0.4380753    
      191640  0.4445619    
      191641  0.4511328    
      191642  0.4577885    
      191643  0.4645288    
      191644  0.4713523    
      191645  0.4782568    
      191646  0.4852391    
      191647  0.4922963    
      191648  0.4994261    
      191649  0.5066260    
      191650  0.5138924    
      191651  0.5212208    
      191652  0.5286050    
      191653  0.5360370    
      191654  0.5435107    
      191655  0.5510239    
      191656  0.5585766    
      191657  0.5661687    
      191658  0.5738003    
      191659  0.5814716    
      191660  0.5891823    
      191661  0.5969311    
      191662  0.6047161    
      191663  0.6125350    
      191664  0.6203851    
      191665  0.6282635    
      191666  0.6361677    
      191667  0.6440954    
      191668  0.6520442    
      191669  0.6600124    
      191670  0.6679980    
      191671  0.6759996    
      191672  0.6840156    
      191673  0.6920447    
      191674  0.7000858    
      191675  0.7081378    
      191676  0.7161997    
      191677  0.7242707    
      191678  0.7323501    
      191679  0.7404370    
      191680  0.7485310    
      191681  0.7566314    
      191682  0.7647376    
      191683  0.7728493    
      191684  0.7809659    
      191685  0.7890871    
      191686  0.7972125    
      191687  0.8053418    
      191688  0.8134747    
      191689  0.8216109    
      191690  0.8297502    
      191691  0.8378923    
      191692  0.8460370    
      191693  0.8541841    
      191694  0.8623334    
      191695  0.8704848    
      191696  0.8786381    
      191697  0.8867931    
      191698  0.8949499    
      191699  0.9031080    
      191700  0.9112674    
      191701  0.9194281    
      191702  0.9275900    
      191703  0.9357529    
      191704  0.9439167    
      191705  0.9520814    
      191706  0.9602468    
      191707  0.9684130    
      191708  0.9765798    
      191709  0.9847472    
      191710  0.9929150    
      191711   1.001083    
      191712   1.009252    
      191713   1.017421    
      191714   1.025590    
      191715   1.033759    
      191716   1.041929    
      191717   1.050099    
      191718   1.058269    
      191719   1.066438    
      191720   1.074608    
      191721   1.082778    
      191722   1.090948    
      191723   1.099117    
      191724   1.107287    
      191725   1.115456    
      191726   1.123625    
      191727   1.131794    
      191728   1.139962    
      191729   1.148131    
      191730   1.156298    
      191731   1.164466    
      191732   1.172633    
      191733   1.180799    
      191734   1.188966    
      191735   1.197131    
      191736   1.205296    
      191737   1.213461    
      191738   1.221625    
      191739   1.229788    
      191740   1.237950    
      191741   1.246112    
