       75321   1.056482    
       75322   1.048414    
       75323   1.040347    
       75324   1.032281    
       75325   1.024216    
       75326   1.016151    
       75327   1.008088    
       75328   1.000027    
       75329  0.9919662    
       75330  0.9839073    
       75331  0.9758500    
       75332  0.9677943    
       75333  0.9597404    
       75334  0.9516885    
       75335  0.9436387    
       75336  0.9355910    
       75337  0.9275457    
       75338  0.9195029    
       75339  0.9114627    
       75340  0.9034255    
       75341  0.8953910    
       75342  0.8873599    
       75343  0.8793322    
       75344  0.8713081    
       75345  0.8632878    
       75346  0.8552716    
       75347  0.8472596    
       75348  0.8392524    
       75349  0.8312498    
       75350  0.8232527    
       75351  0.8152610    
       75352  0.8072751    
       75353  0.7992954    
       75354  0.7913225    
       75355  0.7833565    
       75356  0.7753981    
       75357  0.7674477    
       75358  0.7595057    
       75359  0.7515729    
       75360  0.7436498    
       75361  0.7357371    
       75362  0.7278354    
       75363  0.7199457    
       75364  0.7120687    
       75365  0.7042054    
       75366  0.6963570    
       75367  0.6885245    
       75368  0.6807092    
       75369  0.6729123    
       75370  0.6651353    
       75371  0.6573797    
       75372  0.6496475    
       75373  0.6419404    
       75374  0.6342609    
       75375  0.6266115    
       75376  0.6189950    
       75377  0.6114148    
       75378  0.6038752    
       75379  0.5963805    
       75380  0.5889359    
       75381  0.5815462    
       75382  0.5742144    
       75383  0.5669407    
       75384  0.5597233    
       75385  0.5525596    
       75386  0.5454462    
       75387  0.5383794    
       75388  0.5313551    
       75389  0.5243686    
       75390  0.5174163    
       75391  0.5104958    
       75392  0.5036066    
       75393  0.4967501    
       75394  0.4899290    
       75395  0.4831462    
       75396  0.4764050    
       75397  0.4697074    
       75398  0.4630507    
       75399  0.4564210    
       75400  0.4497901    
       75401  0.4431025    
       75402  0.4362619    
       75403  0.4291336    
       75404  0.4216162    
       75405  0.4137697    
       75406  0.4057187    
       75407  0.3975556    
       75408  0.3893356    
       75409  0.3810870    
       75410  0.3728246    
       75411  0.3645557    
       75412  0.3562836    
       75413  0.3480100    
       75414  0.3397356    
       75415  0.3314607    
       75416  0.3231856    
       75417  0.3149101    
       75418  0.3066344    
       75419  0.2983584    
       75420  0.2900821    
       75421  0.2818053    
       75422  0.2735280    
       75423  0.2652503    
       75424  0.2569722    
       75425  0.2486936    
       75426  0.2404146    
       75427  0.2321351    
       75428  0.2238553    
       75429  0.2155752    
       75430  0.2072946    
       75431  0.1990139    
       75432  0.1907330    
       75433  0.1824519    
       75434  0.1741709    
       75435  0.1658899    
       75436  0.1576090    
       75437  0.1493283    
       75438  0.1410481    
       75439  0.1327683    
       75440  0.1244893    
       75441  0.1162113    
       75442  0.1079347    
       75443  9.9659875E-02
       75444  9.1387466E-02
       75445  8.3118409E-02
       75446  7.4854165E-02
       75447  6.6597372E-02
       75448  5.8353044E-02
       75449  5.0131764E-02
       75450  4.1957177E-02
       75451  3.3884622E-02
       75452  2.6047930E-02
       75453  1.8774647E-02
       75454  1.2862684E-02
       75455  1.0157421E-02
       75456  1.2862682E-02
       75457  1.8774644E-02
       75458  2.6047923E-02
       75459  3.3884615E-02
       75460  4.1957170E-02
       75461  5.0131753E-02
       75462  5.8353018E-02
       75463  6.6597335E-02
       75464  7.4854121E-02
       75465  8.3118320E-02
       75466  9.1387339E-02
       75467  9.9659681E-02
       75468  0.1079344    
       75469  0.1162109    
       75470  0.1244887    
       75471  0.1327673    
       75472  0.1410466    
       75473  0.1493262    
       75474  0.1576058    
       75475  0.1658851    
       75476  0.1741640    
       75477  0.1824421    
       75478  0.1907195    
       75479  0.1989962    
       75480  0.2072721    
       75481  0.2155474    
       75482  0.2238222    
       75483  0.2320968    
       75484  0.2403714    
       75485  0.2486463    
       75486  0.2569217    
       75487  0.2651979    
       75488  0.2734748    
       75489  0.2817525    
       75490  0.2900306    
       75491  0.2983091    
       75492  0.3065878    
       75493  0.3148664    
       75494  0.3231450    
       75495  0.3314233    
       75496  0.3397011    
       75497  0.3479783    
       75498  0.3562545    
       75499  0.3645291    
       75500  0.3728016    
       75501  0.3810708    
       75502  0.3893353    
       75503  0.3975927    
       75504  0.4058397    
       75505  0.4140712    
       75506  0.4222792    
       75507  0.4304506    
       75508  0.4385623    
       75509  0.4465984    
       75510  0.4545729    
       75511  0.4625074    
       75512  0.4704193    
       75513  0.4783210    
       75514  0.4862201    
       75515  0.4941209    
       75516  0.5020252    
       75517  0.5099334    
       75518  0.5178439    
       75519  0.5257550    
       75520  0.5336639    
       75521  0.5415667    
       75522  0.5494578    
       75523  0.5573283    
       75524  0.5651621    
       75525  0.5729281    
       75526  0.5805676    
       75527  0.5879785    
       75528  0.5950384    
       75529  0.6017115    
       75530  0.6081076    
       75531  0.6143612    
       75532  0.6205634    
       75533  0.6267693    
       75534  0.6330084    
       75535  0.6392980    
       75536  0.6456489    
       75537  0.6520684    
       75538  0.6585633    
       75539  0.6651381    
       75540  0.6717948    
       75541  0.6785326    
       75542  0.6853495    
       75543  0.6922423    
       75544  0.6992078    
       75545  0.7062436    
       75546  0.7133483    
       75547  0.7205213    
       75548  0.7277638    
       75549  0.7350774    
       75550  0.7424614    
       75551  0.7499095    
       75552  0.7574127    
       75553  0.7649645    
       75554  0.7725607    
       75555  0.7801981    
       75556  0.7878735    
       75557  0.7955841    
       75558  0.8033271    
       75559  0.8111001    
       75560  0.8189003    
       75561  0.8267260    
       75562  0.8345747    
       75563  0.8424445    
       75564  0.8503338    
       75565  0.8582407    
       75566  0.8661638    
       75567  0.8741020    
       75568  0.8820539    
       75569  0.8900183    
       75570  0.8979943    
       75571  0.9059813    
       75572  0.9139780    
       75573  0.9219838    
       75574  0.9299979    
       75575  0.9380199    
       75576  0.9460489    
       75577  0.9540844    
       75578  0.9621259    
       75579  0.9701729    
       75580  0.9782249    
       75581  0.9862815    
       75582  0.9943423    
       75583   1.002407    
       75584   1.010475    
       75585   1.018546    
       75586   1.026619    
       75587   1.034693    
       75588   1.042766    
       75589   1.050832    
       75590   1.058879    
       75591   1.066881    
       75592   1.074780    
       75593   1.082467    
       75594   1.089778    
       75595   1.096637    
       75596   1.103175    
       75597   1.109563    
       75598   1.115906    
       75599   1.122261    
       75600   1.128656    
       75601   1.135099    
       75602   1.141595    
       75603   1.148144    
       75604   1.154746    
       75605   1.161401    
       75606   1.168108    
       75607   1.174867    
       75608   1.181678    
       75609   1.188540    
       75610   1.195454    
       75611   1.202419    
       75612   1.209434    
       75613   1.216499    
       75614   1.223617    
       75615   1.230786    
       75616   1.238009    
       75617   1.245283    
       75618   1.252604    
       75619   1.259965    
       75620   1.267361    
       75621   1.274785    
       75622   1.282232    
       75623   1.289696    
       75624   1.297167    
       75625   1.304633    
       75626   1.312076    
       75627   1.319473    
       75628   1.326787    
       75629   1.333967    
       75630   1.340937    
       75631   1.347594    
       75632   1.353844    
       75633   1.359673    
       75634   1.365172    
       75635   1.370473    
       75636   1.375691    
       75637   1.380922    
       75638   1.386232    
       75639   1.391659    
       75640   1.397223    
       75641   1.402932    
       75642   1.408787    
       75643   1.414782    
       75644   1.420907    
       75645   1.427151    
       75646   1.433509    
       75647   1.439972    
       75648   1.446533    
       75649   1.453184    
       75650   1.459922    
       75651   1.466741    
       75652   1.473640    
       75653   1.480616    
       75654   1.487668    
       75655   1.494795    
       75656   1.501998    
       75657   1.509279    
       75658   1.516641    
       75659   1.524086    
       75660   1.531605    
       75661   1.539191    
       75662   1.546835    
       75663   1.554532    
       75664   1.562277    
       75665   1.570066    
       75666   1.577896    
       75667   1.585761    
       75668   1.593658    
       75669   1.601583    
       75670   1.609533    
       75671   1.617506    
       75672   1.625499    
       75673   1.633509    
       75674   1.641536    
       75675   1.649577    
       75676   1.657631    
       75677   1.665696    
       75678   1.673771    
       75679   1.681856    
       75680   1.689949    
       75681   1.698050    
       75682   1.706158    
       75683   1.714272    
       75684   1.722391    
       75685   1.730515    
       75686   1.738643    
       75687   1.746774    
       75688   1.754908    
       75689   1.763042    
       75690   1.771176    
       75691   1.779307    
       75692   1.787432    
       75693   1.795546    
       75694   1.803642    
       75695   1.811711    
       75696   1.819737    
       75697   1.827700    
       75698   1.835571    
       75699   1.843316    
       75700   1.850895    
       75701   1.858262    
       75702   1.865376    
       75703   1.872224    
       75704   1.878830    
       75705   1.885256    
       75706   1.891566    
       75707   1.897812    
       75708   1.904024    
       75709   1.910218    
       75710   1.916402    
       75711   1.922581    
       75712   1.928758    
       75713   1.934937    
       75714   1.941123    
       75715   1.947324    
       75716   1.953551    
       75717   1.959818    
       75718   1.966138    
       75719   1.972523    
       75720   1.978979    
       75721   1.985514    
       75722   1.992131    
       75723   1.998832    
       75724   2.005614    
       75725   2.012477    
       75726   2.019418    
       75727   2.026433    
       75728   2.033517    
       75729   2.040669    
       75730   2.047888    
       75731   2.055174    
       75732   2.062526    
       75733   2.069942    
       75734   2.077408    
       75735   2.084892    
