        1401  1.8774647E-02
        1402  1.2862684E-02
        1403  1.0157422E-02
        1404  1.2862682E-02
        1405  1.8774645E-02
        1406  2.6047925E-02
        1407  3.3884618E-02
        1408  4.1957177E-02
        1409  5.0131768E-02
        1410  5.8353044E-02
        1411  6.6597372E-02
        1412  7.4854173E-02
        1413  8.3118409E-02
        1414  9.1387480E-02
        1415  9.9659875E-02
        1416  0.1079347    
        1417  0.1162113    
        1418  0.1244893    
        1419  0.1327684    
        1420  0.1410481    
        1421  0.1493285    
        1422  0.1576092    
        1423  0.1658901    
        1424  0.1741712    
        1425  0.1824525    
        1426  0.1907337    
        1427  0.1990150    
        1428  0.2072963    
        1429  0.2155775    
        1430  0.2238588    
        1431  0.2321400    
        1432  0.2404211    
        1433  0.2487021    
        1434  0.2569832    
        1435  0.2652641    
        1436  0.2735450    
        1437  0.2818258    
        1438  0.2901065    
        1439  0.2983871    
        1440  0.3066677    
        1441  0.3149481    
        1442  0.3232285    
        1443  0.3315089    
        1444  0.3397891    
        1445  0.3480693    
        1446  0.3563493    
        1447  0.3646292    
        1448  0.3729090    
        1449  0.3811887    
        1450  0.3894683    
        1451  0.3977478    
        1452  0.4060272    
        1453  0.4143064    
        1454  0.4225855    
        1455  0.4308645    
        1456  0.4391433    
        1457  0.4474220    
        1458  0.4557006    
        1459  0.4639790    
        1460  0.4722572    
        1461  0.4805352    
        1462  0.4888132    
        1463  0.4970909    
        1464  0.5053685    
        1465  0.5136458    
        1466  0.5219229    
        1467  0.5301998    
        1468  0.5384761    
        1469  0.5467515    
        1470  0.5550249    
        1471  0.5632956    
        1472  0.5715640    
        1473  0.5798299    
        1474  0.5880938    
        1475  0.5963554    
        1476  0.6046151    
        1477  0.6128729    
        1478  0.6211288    
        1479  0.6293827    
        1480  0.6376349    
        1481  0.6458852    
        1482  0.6541338    
        1483  0.6623805    
        1484  0.6706254    
        1485  0.6788686    
        1486  0.6871098    
        1487  0.6953490    
        1488  0.7035859    
        1489  0.7118205    
        1490  0.7200522    
        1491  0.7282799    
        1492  0.7365018    
        1493  0.7447126    
        1494  0.7529008    
        1495  0.7610410    
        1496  0.7690790    
        1497  0.7769072    
        1498  0.7843453    
        1499  0.7912410    
        1500  0.7976831    
        1501  0.8038683    
        1502  0.8099397    
        1503  0.8159797    
        1504  0.8220341    
        1505  0.8281256    
        1506  0.8342654    
        1507  0.8404605    
        1508  0.8467159    
        1509  0.8530344    
        1510  0.8594170    
        1511  0.8658652    
        1512  0.8723811    
        1513  0.8789657    
        1514  0.8856193    
        1515  0.8923416    
        1516  0.8991327    
        1517  0.9059931    
        1518  0.9129232    
        1519  0.9199229    
        1520  0.9269916    
        1521  0.9341289    
        1522  0.9413358    
        1523  0.9486145    
        1524  0.9559645    
        1525  0.9633796    
        1526  0.9708514    
        1527  0.9783728    
        1528  0.9859387    
        1529  0.9935446    
        1530   1.001187    
        1531   1.008863    
        1532   1.016570    
        1533   1.024304    
        1534   1.032064    
        1535   1.039848    
        1536   1.047654    
        1537   1.055479    
        1538   1.063323    
        1539   1.071185    
        1540   1.079062    
        1541   1.086953    
        1542   1.094858    
        1543   1.102775    
        1544   1.110704    
        1545   1.118644    
        1546   1.126594    
        1547   1.134553    
        1548   1.142520    
        1549   1.150496    
        1550   1.158480    
        1551   1.166470    
        1552   1.174466    
        1553   1.182469    
        1554   1.190476    
        1555   1.198488    
        1556   1.206504    
        1557   1.214523    
        1558   1.222543    
        1559   1.230566    
        1560   1.238589    
        1561   1.246612    
        1562   1.254634    
        1563   1.262654    
        1564   1.270670    
        1565   1.278678    
        1566   1.286673    
        1567   1.294639    
        1568   1.302546    
        1569   1.310337    
        1570   1.317919    
        1571   1.325214    
        1572   1.332258    
        1573   1.339170    
        1574   1.346047    
        1575   1.352947    
        1576   1.359903    
        1577   1.366930    
        1578   1.374034    
        1579   1.381218    
        1580   1.388484    
        1581   1.395833    
        1582   1.403256    
        1583   1.410740    
        1584   1.418278    
        1585   1.425862    
        1586   1.433488    
        1587   1.441152    
        1588   1.448851    
        1589   1.456581    
        1590   1.464339    
        1591   1.472123    
        1592   1.479930    
        1593   1.487758    
        1594   1.495605    
        1595   1.503467    
        1596   1.511342    
        1597   1.519227    
        1598   1.527119    
        1599   1.535014    
        1600   1.542907    
        1601   1.550795    
        1602   1.558671    
        1603   1.566525    
        1604   1.574341    
        1605   1.582084    
        1606   1.589694    
        1607   1.597065    
        1608   1.604079    
        1609   1.610713    
        1610   1.617083    
        1611   1.623322    
        1612   1.629515    
        1613   1.635715    
        1614   1.641951    
        1615   1.648237    
        1616   1.654586    
        1617   1.661004    
        1618   1.667497    
        1619   1.674070    
        1620   1.680726    
        1621   1.687462    
        1622   1.694278    
        1623   1.701170    
        1624   1.708134    
        1625   1.715169    
        1626   1.722273    
        1627   1.729445    
        1628   1.736687    
        1629   1.744000    
        1630   1.751384    
        1631   1.758831    
        1632   1.766334    
        1633   1.773885    
        1634   1.781482    
        1635   1.789119    
        1636   1.796794    
        1637   1.804504    
        1638   1.812247    
        1639   1.820020    
        1640   1.827820    
        1641   1.835646    
        1642   1.843494    
        1643   1.851364    
        1644   1.859253    
        1645   1.867160    
        1646   1.875083    
        1647   1.883021    
        1648   1.890973    
        1649   1.898938    
        1650   1.906914    
        1651   1.914901    
        1652   1.922897    
        1653   1.930903    
        1654   1.938917    
        1655   1.946939    
        1656   1.954968    
        1657   1.963003    
        1658   1.971045    
        1659   1.979092    
        1660   1.987143    
        1661   1.995200    
        1662   2.003261    
        1663   2.011325    
        1664   2.019393    
        1665   2.027464    
        1666   2.035538    
        1667   2.043615    
        1668   2.051693    
        1669   2.059773    
        1670   2.067855    
        1671   2.075937    
        1672   2.084020    
        1673   2.092103    
        1674   2.100186    
        1675   2.108267    
        1676   2.116346    
        1677   2.124420    
        1678   2.132486    
        1679   2.140539    
        1680   2.148570    
        1681   2.156564    
        1682   2.164495    
        1683   2.172326    
