      179521   2.111775    
      179522   2.103837    
      179523   2.095911    
      179524   2.087995    
      179525   2.080092    
      179526   2.072201    
      179527   2.064325    
      179528   2.056465    
      179529   2.048620    
      179530   2.040794    
      179531   2.032987    
      179532   2.025200    
      179533   2.017436    
      179534   2.009696    
      179535   2.001981    
      179536   1.994295    
      179537   1.986639    
      179538   1.979014    
      179539   1.971424    
      179540   1.963869    
      179541   1.956353    
      179542   1.948877    
      179543   1.941444    
      179544   1.934057    
      179545   1.926719    
      179546   1.919431    
      179547   1.912192    
      179548   1.905001    
      179549   1.897856    
      179550   1.890758    
      179551   1.883706    
      179552   1.876700    
      179553   1.869740    
      179554   1.862828    
      179555   1.855965    
      179556   1.849153    
      179557   1.842394    
      179558   1.835691    
      179559   1.829046    
      179560   1.822459    
      179561   1.815928    
      179562   1.809451    
      179563   1.803023    
      179564   1.796637    
      179565   1.790285    
      179566   1.783955    
      179567   1.777621    
      179568   1.771234    
      179569   1.764709    
      179570   1.757912    
      179571   1.750709    
      179572   1.743120    
      179573   1.735289    
      179574   1.727335    
      179575   1.719321    
      179576   1.711280    
      179577   1.703226    
      179578   1.695166    
      179579   1.687102    
      179580   1.679037    
      179581   1.670970    
      179582   1.662904    
      179583   1.654838    
      179584   1.646774    
      179585   1.638710    
      179586   1.630649    
      179587   1.622590    
      179588   1.614533    
      179589   1.606480    
      179590   1.598430    
      179591   1.590384    
      179592   1.582342    
      179593   1.574305    
      179594   1.566272    
      179595   1.558246    
      179596   1.550226    
      179597   1.542212    
      179598   1.534204    
      179599   1.526205    
      179600   1.518213    
      179601   1.510230    
      179602   1.502256    
      179603   1.494292    
      179604   1.486339    
      179605   1.478397    
      179606   1.470467    
      179607   1.462551    
      179608   1.454650    
      179609   1.446764    
      179610   1.438896    
      179611   1.431046    
      179612   1.423217    
      179613   1.415410    
      179614   1.407627    
      179615   1.399871    
      179616   1.392145    
      179617   1.384451    
      179618   1.376793    
      179619   1.369175    
      179620   1.361602    
      179621   1.354079    
      179622   1.346612    
      179623   1.339209    
      179624   1.331871    
      179625   1.324600    
      179626   1.317394    
      179627   1.310250    
      179628   1.303158    
      179629   1.296100    
      179630   1.289041    
      179631   1.281921    
      179632   1.274649    
      179633   1.267143    
      179634   1.259412    
      179635   1.251538    
      179636   1.243587    
      179637   1.235600    
      179638   1.227594    
      179639   1.219581    
      179640   1.211565    
      179641   1.203549    
      179642   1.195534    
      179643   1.187522    
      179644   1.179514    
      179645   1.171510    
      179646   1.163512    
      179647   1.155520    
      179648   1.147537    
      179649   1.139562    
      179650   1.131598    
      179651   1.123646    
      179652   1.115708    
      179653   1.107785    
      179654   1.099878    
      179655   1.091990    
      179656   1.084123    
      179657   1.076278    
      179658   1.068458    
      179659   1.060667    
      179660   1.052907    
      179661   1.045181    
      179662   1.037495    
      179663   1.029853    
      179664   1.022262    
      179665   1.014730    
      179666   1.007266    
      179667  0.9998778    
      179668  0.9925718    
      179669  0.9853517    
      179670  0.9782206    
      179671  0.9711839    
      179672  0.9642471    
      179673  0.9574156    
      179674  0.9506932    
      179675  0.9440820    
      179676  0.9375803    
      179677  0.9311841    
      179678  0.9248883    
      179679  0.9186882    
      179680  0.9125763    
      179681  0.9065442    
      179682  0.9005834    
      179683  0.8946859    
      179684  0.8888410    
      179685  0.8830296    
      179686  0.8772089    
      179687  0.8712920    
      179688  0.8651351    
      179689  0.8585695    
      179690  0.8515598    
      179691  0.8442333    
      179692  0.8367264    
      179693  0.8291239    
      179694  0.8214715    
      179695  0.8137939    
      179696  0.8061055    
      179697  0.7984152    
      179698  0.7907296    
      179699  0.7830535    
      179700  0.7753910    
      179701  0.7677459    
      179702  0.7601213    
      179703  0.7525206    
      179704  0.7449467    
      179705  0.7374030    
      179706  0.7298933    
      179707  0.7224215    
      179708  0.7149925    
      179709  0.7076112    
      179710  0.7002823    
      179711  0.6930090    
      179712  0.6857935    
      179713  0.6786374    
      179714  0.6715427    
      179715  0.6645129    
      179716  0.6575513    
      179717  0.6506619    
      179718  0.6438486    
      179719  0.6371149    
      179720  0.6304644    
      179721  0.6238999    
      179722  0.6174227    
      179723  0.6110324    
      179724  0.6047283    
      179725  0.5985082    
      179726  0.5923594    
      179727  0.5862458    
      179728  0.5800939    
      179729  0.5737658    
      179730  0.5670435    
      179731  0.5597671    
      179732  0.5520549    
      179733  0.5441041    
      179734  0.5360395    
      179735  0.5279241    
      179736  0.5197872    
      179737  0.5116419    
      179738  0.5034934    
      179739  0.4953443    
      179740  0.4871957    
      179741  0.4790479    
      179742  0.4709014    
      179743  0.4627562    
      179744  0.4546126    
      179745  0.4464709    
      179746  0.4383311    
      179747  0.4301934    
      179748  0.4220581    
      179749  0.4139255    
      179750  0.4057958    
      179751  0.3976692    
      179752  0.3895460    
      179753  0.3814266    
      179754  0.3733113    
      179755  0.3652004    
      179756  0.3570942    
      179757  0.3489933    
      179758  0.3408980    
      179759  0.3328088    
      179760  0.3247261    
      179761  0.3166506    
      179762  0.3085827    
      179763  0.3005232    
      179764  0.2924726    
      179765  0.2844317    
      179766  0.2764012    
      179767  0.2683818    
      179768  0.2603743    
      179769  0.2523795    
      179770  0.2443982    
      179771  0.2364312    
      179772  0.2284792    
      179773  0.2205428    
      179774  0.2126225    
      179775  0.2047187    
      179776  0.1968315    
      179777  0.1889608    
      179778  0.1811059    
      179779  0.1732660    
      179780  0.1654394    
      179781  0.1576242    
      179782  0.1498180    
      179783  0.1420179    
      179784  0.1342207    
      179785  0.1264228    
      179786  0.1186194    
      179787  0.1108040    
      179788  0.1029681    
      179789  9.5102690E-02
      179790  8.7202393E-02
      179791  7.9271704E-02
      179792  7.1326926E-02
      179793  6.3394472E-02
      179794  5.5497020E-02
      179795  4.7650546E-02
      179796  3.9874099E-02
      179797  3.2209728E-02
      179798  2.4772029E-02
      179799  1.7866241E-02
      179800  1.2253368E-02
      179801  9.6989349E-03
      179802  1.2318624E-02
      179803  1.8024793E-02
      179804  2.5057651E-02
      179805  3.2653809E-02
      179806  4.0499046E-02
      179807  4.8464067E-02
      179808  5.6495503E-02
      179809  6.4570546E-02
      179810  7.2678387E-02
      179811  8.0812909E-02
      179812  8.8969886E-02
      179813  9.7145870E-02
      179814  0.1053374    
      179815  0.1135403    
      179816  0.1217491    
      179817  0.1299568    
      179818  0.1381534    
      179819  0.1463246    
      179820  0.1544588    
      179821  0.1625502    
      179822  0.1706020    
      179823  0.1786238    
      179824  0.1866267    
      179825  0.1946208    
      179826  0.2026135    
      179827  0.2106102    
      179828  0.2186143    
      179829  0.2266279    
      179830  0.2346521    
      179831  0.2426875    
      179832  0.2507341    
      179833  0.2587917    
      179834  0.2668597    
      179835  0.2749374    
      179836  0.2830241    
      179837  0.2911192    
      179838  0.2992218    
      179839  0.3073315    
      179840  0.3154476    
      179841  0.3235696    
      179842  0.3316968    
      179843  0.3398288    
      179844  0.3479651    
      179845  0.3561050    
      179846  0.3642480    
      179847  0.3723935    
      179848  0.3805404    
      179849  0.3886877    
      179850  0.3968338    
      179851  0.4049766    
      179852  0.4131129    
      179853  0.4212382    
      179854  0.4293458    
      179855  0.4374259    
      179856  0.4454638    
      179857  0.4534389    
      179858  0.4613237    
      179859  0.4690845    
      179860  0.4766811    
      179861  0.4840678    
      179862  0.4912032    
      179863  0.4980708    
      179864  0.5046929    
      179865  0.5111302    
      179866  0.5174489    
      179867  0.5237005    
      179868  0.5299166    
      179869  0.5361139    
      179870  0.5423007    
      179871  0.5484818    
      179872  0.5546607    
      179873  0.5608413    
      179874  0.5670290    
      179875  0.5732316    
      179876  0.5794599    
      179877  0.5857279    
      179878  0.5920494    
      179879  0.5984348    
      179880  0.6048922    
      179881  0.6114277    
      179882  0.6180453    
      179883  0.6247457    
      179884  0.6315284    
      179885  0.6383918    
      179886  0.6453329    
      179887  0.6523477    
      179888  0.6594322    
      179889  0.6665845    
      179890  0.6738043    
      179891  0.6810920    
      179892  0.6884488    
      179893  0.6958755    
      179894  0.7033701    
      179895  0.7109287    
      179896  0.7185455    
      179897  0.7262152    
      179898  0.7339340    
      179899  0.7416980    
      179900  0.7495039    
      179901  0.7573479    
      179902  0.7652265    
      179903  0.7731360    
      179904  0.7810733    
      179905  0.7890353    
      179906  0.7970195    
      179907  0.8050233    
      179908  0.8130447    
      179909  0.8210820    
      179910  0.8291335    
      179911  0.8371977    
      179912  0.8452733    
      179913  0.8533593    
      179914  0.8614547    
      179915  0.8695587    
      179916  0.8776703    
      179917  0.8857890    
      179918  0.8939141    
      179919  0.9020449    
      179920  0.9101810    
      179921  0.9183220    
      179922  0.9264674    
      179923  0.9346169    
      179924  0.9427701    
      179925  0.9509267    
      179926  0.9590865    
      179927  0.9672493    
      179928  0.9754145    
      179929  0.9835823    
      179930  0.9917520    
      179931  0.9999240    
      179932   1.008098    
      179933   1.016273    
      179934   1.024451    
      179935   1.032629    
      179936   1.040809    
      179937   1.048990    
      179938   1.057172    
      179939   1.065355    
      179940   1.073539    
      179941   1.081724    
      179942   1.089909    
      179943   1.098096    
      179944   1.106282    
      179945   1.114470    
      179946   1.122658    
      179947   1.130846    
      179948   1.139034    
      179949   1.147223    
      179950   1.155412    
      179951   1.163601    
      179952   1.171791    
      179953   1.179980    
      179954   1.188169    
      179955   1.196358    
      179956   1.204548    
      179957   1.212736    
      179958   1.220925    
      179959   1.229112    
      179960   1.237300    
      179961   1.245486    
      179962   1.253672    
      179963   1.261857    
      179964   1.270040    
      179965   1.278223    
      179966   1.286405    
      179967   1.294585    
      179968   1.302764    
      179969   1.310942    
      179970   1.319118    
      179971   1.327294    
      179972   1.335467    
      179973   1.343640    
      179974   1.351811    
      179975   1.359981    
      179976   1.368150    
      179977   1.376317    
      179978   1.384483    
      179979   1.392649    
      179980   1.400813    
      179981   1.408976    
