       50121  0.7365423    
       50122  0.7283056    
       50123  0.7200675    
       50124  0.7118281    
       50125  0.7035874    
       50126  0.6953454    
       50127  0.6871020    
       50128  0.6788572    
       50129  0.6706111    
       50130  0.6623636    
       50131  0.6541148    
       50132  0.6458646    
       50133  0.6376128    
       50134  0.6293596    
       50135  0.6211047    
       50136  0.6128483    
       50137  0.6045902    
       50138  0.5963304    
       50139  0.5880687    
       50140  0.5798050    
       50141  0.5715393    
       50142  0.5632713    
       50143  0.5550008    
       50144  0.5467279    
       50145  0.5384527    
       50146  0.5301764    
       50147  0.5218996    
       50148  0.5136225    
       50149  0.5053452    
       50150  0.4970677    
       50151  0.4887900    
       50152  0.4805121    
       50153  0.4722340    
       50154  0.4639558    
       50155  0.4556774    
       50156  0.4473990    
       50157  0.4391203    
       50158  0.4308415    
       50159  0.4225626    
       50160  0.4142835    
       50161  0.4060043    
       50162  0.3977249    
       50163  0.3894455    
       50164  0.3811659    
       50165  0.3728862    
       50166  0.3646064    
       50167  0.3563265    
       50168  0.3480465    
       50169  0.3397664    
       50170  0.3314862    
       50171  0.3232059    
       50172  0.3149256    
       50173  0.3066451    
       50174  0.2983646    
       50175  0.2900840    
       50176  0.2818033    
       50177  0.2735226    
       50178  0.2652417    
       50179  0.2569608    
       50180  0.2486799    
       50181  0.2403989    
       50182  0.2321179    
       50183  0.2238367    
       50184  0.2155556    
       50185  0.2072744    
       50186  0.1989932    
       50187  0.1907120    
       50188  0.1824308    
       50189  0.1741498    
       50190  0.1658687    
       50191  0.1575879    
       50192  0.1493074    
       50193  0.1410272    
       50194  0.1327476    
       50195  0.1244689    
       50196  0.1161912    
       50197  0.1079150    
       50198  9.9640727E-02
       50199  9.1369063E-02
       50200  8.3100900E-02
       50201  7.4837700E-02
       50202  6.6582054E-02
       50203  5.8338981E-02
       50204  5.0119065E-02
       50205  4.1945964E-02
       50206  3.3875041E-02
       50207  2.6040113E-02
       50208  1.8768644E-02
       50209  1.2858264E-02
       50210  1.0153649E-02
       50211  1.2857642E-02
       50212  1.8767145E-02
       50213  2.6037423E-02
       50214  3.3870853E-02
       50215  4.1940004E-02
       50216  5.0111104E-02
       50217  5.8328837E-02
       50218  6.6569611E-02
       50219  7.4822918E-02
       50220  8.3083794E-02
       50221  9.1349691E-02
       50222  9.9619150E-02
       50223  0.1078912    
       50224  0.1161654    
       50225  0.1244411    
       50226  0.1327181    
       50227  0.1409961    
       50228  0.1492749    
       50229  0.1575542    
       50230  0.1658341    
       50231  0.1741143    
       50232  0.1823948    
       50233  0.1906755    
       50234  0.1989563    
       50235  0.2072371    
       50236  0.2155180    
       50237  0.2237988    
       50238  0.2320797    
       50239  0.2403605    
       50240  0.2486414    
       50241  0.2569221    
       50242  0.2652029    
       50243  0.2734836    
       50244  0.2817642    
       50245  0.2900447    
       50246  0.2983252    
       50247  0.3066056    
       50248  0.3148860    
       50249  0.3231662    
       50250  0.3314464    
       50251  0.3397265    
       50252  0.3480065    
       50253  0.3562865    
       50254  0.3645663    
       50255  0.3728459    
       50256  0.3811256    
       50257  0.3894051    
       50258  0.3976845    
       50259  0.4059637    
       50260  0.4142428    
       50261  0.4225218    
       50262  0.4308006    
       50263  0.4390793    
       50264  0.4473579    
       50265  0.4556363    
       50266  0.4639145    
       50267  0.4721925    
       50268  0.4804704    
       50269  0.4887480    
       50270  0.4970253    
       50271  0.5053023    
       50272  0.5135790    
       50273  0.5218550    
       50274  0.5301302    
       50275  0.5384040    
       50276  0.5466751    
       50277  0.5549426    
       50278  0.5632066    
       50279  0.5714670    
       50280  0.5797240    
       50281  0.5879778    
       50282  0.5962285    
       50283  0.6044765    
       50284  0.6127216    
       50285  0.6209638    
       50286  0.6292021    
       50287  0.6374345    
       50288  0.6456563    
       50289  0.6538582    
       50290  0.6620216    
       50291  0.6701111    
       50292  0.6780650    
       50293  0.6857876    
       50294  0.6932337    
       50295  0.7004787    
       50296  0.7076255    
       50297  0.7147511    
       50298  0.7219028    
       50299  0.7291076    
       50300  0.7363828    
       50301  0.7437353    
       50302  0.7511598    
       50303  0.7586455    
       50304  0.7661839    
       50305  0.7737687    
       50306  0.7813953    
       50307  0.7890599    
       50308  0.7967589    
       50309  0.8044891    
       50310  0.8122476    
       50311  0.8200318    
       50312  0.8278393    
       50313  0.8356675    
       50314  0.8435140    
       50315  0.8513763    
       50316  0.8592516    
       50317  0.8671368    
       50318  0.8750288    
       50319  0.8829236    
       50320  0.8908173    
       50321  0.8987053    
       50322  0.9065813    
       50323  0.9144356    
       50324  0.9222510    
       50325  0.9299945    
       50326  0.9376042    
       50327  0.9449751    
       50328  0.9519886    
       50329  0.9586217    
       50330  0.9649922    
       50331  0.9712305    
       50332  0.9774240    
       50333  0.9836246    
       50334  0.9898602    
       50335  0.9961472    
       50336   1.002496    
       50337   1.008914    
       50338   1.015407    
       50339   1.021981    
       50340   1.028636    
       50341   1.035373    
       50342   1.042189    
       50343   1.049081    
       50344   1.056046    
       50345   1.063081    
       50346   1.070185    
       50347   1.077357    
       50348   1.084599    
       50349   1.091912    
       50350   1.099296    
       50351   1.106744    
       50352   1.114246    
       50353   1.121798    
       50354   1.129394    
       50355   1.137031    
       50356   1.144707    
       50357   1.152417    
       50358   1.160160    
       50359   1.167933    
       50360   1.175733    
       50361   1.183559    
       50362   1.191408    
       50363   1.199277    
       50364   1.207167    
       50365   1.215073    
       50366   1.222997    
       50367   1.230935    
       50368   1.238886    
       50369   1.246851    
       50370   1.254827    
       50371   1.262814    
       50372   1.270810    
       50373   1.278816    
       50374   1.286830    
       50375   1.294852    
       50376   1.302881    
       50377   1.310916    
       50378   1.318958    
       50379   1.327005    
       50380   1.335057    
       50381   1.343113    
       50382   1.351174    
       50383   1.359238    
       50384   1.367306    
       50385   1.375377    
       50386   1.383451    
       50387   1.391527    
       50388   1.399605    
       50389   1.407684    
       50390   1.415762    
       50391   1.423835    
       50392   1.431897    
       50393   1.439929    
       50394   1.447896    
       50395   1.455721    
       50396   1.463275    
       50397   1.470432    
       50398   1.477223    
       50399   1.483804    
       50400   1.490301    
       50401   1.496786    
       50402   1.503297    
       50403   1.509852    
       50404   1.516456    
       50405   1.523111    
       50406   1.529818    
       50407   1.536577    
       50408   1.543388    
       50409   1.550250    
       50410   1.557164    
       50411   1.564129    
       50412   1.571143    
       50413   1.578209    
       50414   1.585326    
       50415   1.592496    
       50416   1.599718    
       50417   1.606992    
       50418   1.614313    
       50419   1.621674    
       50420   1.629070    
       50421   1.636494    
       50422   1.643941    
       50423   1.651405    
       50424   1.658876    
       50425   1.666342    
       50426   1.673785    
       50427   1.681182    
       50428   1.688497    
       50429   1.695677    
       50430   1.702646    
       50431   1.709304    
       50432   1.715554    
       50433   1.721382    
       50434   1.726882    
       50435   1.732183    
       50436   1.737401    
       50437   1.742631    
       50438   1.747941    
       50439   1.753368    
       50440   1.758931    
       50441   1.764640    
       50442   1.770495    
       50443   1.776491    
       50444   1.782616    
       50445   1.788860    
       50446   1.795218    
       50447   1.801681    
       50448   1.808242    
       50449   1.814894    
       50450   1.821631    
       50451   1.828450    
       50452   1.835349    
       50453   1.842325    
       50454   1.849377    
       50455   1.856504    
       50456   1.863707    
       50457   1.870988    
       50458   1.878350    
       50459   1.885795    
       50460   1.893314    
       50461   1.900900    
       50462   1.908544    
       50463   1.916240    
       50464   1.923986    
       50465   1.931775    
       50466   1.939604    
       50467   1.947469    
       50468   1.955366    
       50469   1.963291    
       50470   1.971242    
       50471   1.979215    
       50472   1.987207    
       50473   1.995218    
       50474   2.003245    
       50475   2.011286    
       50476   2.019339    
       50477   2.027405    
       50478   2.035480    
       50479   2.043565    
       50480   2.051658    
       50481   2.059759    
       50482   2.067867    
       50483   2.075981    
       50484   2.084100    
       50485   2.092223    
       50486   2.100349    
       50487   2.108477    
       50488   2.116600    
       50489   2.124706    
       50490   2.132764    
