      245158   2.097414    
      245159   2.089399    
      245160   2.081382    
      245161   2.073365    
      245162   2.065350    
      245163   2.057338    
      245164   2.049330    
      245165   2.041326    
      245166   2.033328    
      245167   2.025336    
      245168   2.017353    
      245169   2.009378    
      245170   2.001414    
      245171   1.993462    
      245172   1.985524    
      245173   1.977601    
      245174   1.969694    
      245175   1.961806    
      245176   1.953938    
      245177   1.946094    
      245178   1.938274    
      245179   1.930483    
      245180   1.922722    
      245181   1.914997    
      245182   1.907310    
      245183   1.899669    
      245184   1.892078    
      245185   1.884546    
      245186   1.877082    
      245187   1.869694    
      245188   1.862388    
      245189   1.855168    
      245190   1.848037    
      245191   1.841000    
      245192   1.834064    
      245193   1.827233    
      245194   1.820511    
      245195   1.813900    
      245196   1.807399    
      245197   1.801003    
      245198   1.794707    
      245199   1.788507    
      245200   1.782395    
      245201   1.776363    
      245202   1.770403    
      245203   1.764506    
      245204   1.758661    
      245205   1.752850    
      245206   1.747029    
      245207   1.741112    
      245208   1.734954    
      245209   1.728387    
      245210   1.721376    
      245211   1.714049    
      245212   1.706542    
      245213   1.698939    
      245214   1.691286    
      245215   1.683609    
      245216   1.675920    
      245217   1.668231    
      245218   1.660545    
      245219   1.652869    
      245220   1.645207    
      245221   1.637562    
      245222   1.629937    
      245223   1.622337    
      245224   1.614763    
      245225   1.607219    
      245226   1.599710    
      245227   1.592239    
      245228   1.584810    
      245229   1.577429    
      245230   1.570101    
      245231   1.562828    
      245232   1.555613    
      245233   1.548457    
      245234   1.541363    
      245235   1.534334    
      245236   1.527374    
      245237   1.520485    
      245238   1.513673    
      245239   1.506941    
      245240   1.500291    
      245241   1.493727    
      245242   1.487250    
      245243   1.480857    
      245244   1.474542    
      245245   1.468292    
      245246   1.462064    
      245247   1.455777    
      245248   1.449283    
      245249   1.442373    
      245250   1.434945    
      245251   1.427141    
      245252   1.419138    
      245253   1.411040    
      245254   1.402900    
      245255   1.394742    
      245256   1.386577    
      245257   1.378410    
      245258   1.370242    
      245259   1.362074    
      245260   1.353907    
      245261   1.345742    
      245262   1.337577    
      245263   1.329414    
      245264   1.321252    
      245265   1.313093    
      245266   1.304935    
      245267   1.296779    
      245268   1.288625    
      245269   1.280475    
      245270   1.272326    
      245271   1.264181    
      245272   1.256040    
      245273   1.247902    
      245274   1.239768    
      245275   1.231639    
      245276   1.223515    
      245277   1.215396    
      245278   1.207283    
      245279   1.199176    
      245280   1.191077    
      245281   1.182986    
      245282   1.174904    
      245283   1.166831    
      245284   1.158769    
      245285   1.150718    
      245286   1.142682    
      245287   1.134659    
      245288   1.126654    
      245289   1.118667    
      245290   1.110700    
      245291   1.102757    
      245292   1.094840    
      245293   1.086952    
      245294   1.079098    
      245295   1.071280    
      245296   1.063504    
      245297   1.055773    
      245298   1.048091    
      245299   1.040461    
      245300   1.032888    
      245301   1.025373    
      245302   1.017918    
      245303   1.010524    
      245304   1.003191    
      245305  0.9959216    
      245306  0.9887179    
      245307  0.9815838    
      245308  0.9745247    
      245309  0.9675483    
      245310  0.9606642    
      245311  0.9538838    
      245312  0.9472200    
      245313  0.9406855    
      245314  0.9342905    
      245315  0.9280399    
      245316  0.9219290    
      245317  0.9159468    
      245318  0.9100737    
      245319  0.9042823    
      245320  0.8985362    
      245321  0.8927867    
      245322  0.8869684    
      245323  0.8809900    
      245324  0.8747365    
      245325  0.8680941    
      245326  0.8610289    
      245327  0.8536062    
      245328  0.8459314    
      245329  0.8380926    
      245330  0.8301476    
      245331  0.8221308    
      245332  0.8140628    
      245333  0.8059567    
      245334  0.7978218    
      245335  0.7896652    
      245336  0.7814933    
      245337  0.7733109    
      245338  0.7651218    
      245339  0.7569286    
      245340  0.7487329    
      245341  0.7405360    
      245342  0.7323389    
      245343  0.7241422    
      245344  0.7159464    
      245345  0.7077520    
      245346  0.6995593    
      245347  0.6913686    
      245348  0.6831804    
      245349  0.6749949    
      245350  0.6668127    
      245351  0.6586337    
      245352  0.6504588    
      245353  0.6422882    
      245354  0.6341227    
      245355  0.6259627    
      245356  0.6178091    
      245357  0.6096625    
      245358  0.6015240    
      245359  0.5933948    
      245360  0.5852760    
      245361  0.5771692    
      245362  0.5690763    
      245363  0.5609993    
      245364  0.5529409    
      245365  0.5449042    
      245366  0.5368931    
      245367  0.5289119    
      245368  0.5209666    
      245369  0.5130643    
      245370  0.5052137    
      245371  0.4974259    
      245372  0.4897137    
      245373  0.4820915    
      245374  0.4745746    
      245375  0.4671776    
      245376  0.4599126    
      245377  0.4527889    
      245378  0.4458137    
      245379  0.4389887    
      245380  0.4323101    
      245381  0.4257695    
      245382  0.4193545    
      245383  0.4130493    
      245384  0.4068359    
      245385  0.4006970    
      245386  0.3946186    
      245387  0.3885911    
      245388  0.3826088    
      245389  0.3766705    
      245390  0.3707769    
      245391  0.3649305    
      245392  0.3591352    
      245393  0.3533947    
      245394  0.3477099    
      245395  0.3420720    
      245396  0.3364516    
      245397  0.3307783    
      245398  0.3249286    
      245399  0.3187155    
      245400  0.3119465    
      245401  0.3046309    
      245402  0.2969443    
      245403  0.2890484    
      245404  0.2810363    
      245405  0.2729534    
      245406  0.2648226    
      245407  0.2566571    
      245408  0.2484650    
      245409  0.2402518    
      245410  0.2320215    
      245411  0.2237775    
      245412  0.2155225    
      245413  0.2072592    
      245414  0.1989902    
      245415  0.1907171    
      245416  0.1824414    
      245417  0.1741638    
      245418  0.1658852    
      245419  0.1576059    
      245420  0.1493262    
      245421  0.1410467    
      245422  0.1327674    
      245423  0.1244887    
      245424  0.1162109    
      245425  0.1079344    
      245426  9.9659681E-02
      245427  9.1387339E-02
      245428  8.3118320E-02
      245429  7.4854113E-02
      245430  6.6597328E-02
      245431  5.8353022E-02
      245432  5.0131753E-02
      245433  4.1957170E-02
      245434  3.3884615E-02
      245435  2.6047925E-02
      245436  1.8774645E-02
      245437  1.2862683E-02
      245438  1.0157421E-02
      245439  1.2862682E-02
      245440  1.8774645E-02
      245441  2.6047925E-02
      245442  3.3884618E-02
      245443  4.1957177E-02
      245444  5.0131768E-02
      245445  5.8353044E-02
      245446  6.6597372E-02
      245447  7.4854173E-02
      245448  8.3118409E-02
      245449  9.1387480E-02
      245450  9.9659875E-02
      245451  0.1079347    
      245452  0.1162113    
      245453  0.1244893    
      245454  0.1327684    
      245455  0.1410481    
      245456  0.1493285    
      245457  0.1576092    
      245458  0.1658901    
      245459  0.1741712    
      245460  0.1824525    
      245461  0.1907337    
      245462  0.1990150    
      245463  0.2072963    
      245464  0.2155775    
      245465  0.2238588    
      245466  0.2321400    
      245467  0.2404211    
      245468  0.2487021    
      245469  0.2569832    
      245470  0.2652641    
      245471  0.2735450    
      245472  0.2818258    
      245473  0.2901065    
      245474  0.2983871    
      245475  0.3066677    
      245476  0.3149481    
      245477  0.3232285    
      245478  0.3315089    
      245479  0.3397891    
      245480  0.3480693    
      245481  0.3563493    
      245482  0.3646292    
      245483  0.3729090    
      245484  0.3811887    
      245485  0.3894683    
      245486  0.3977478    
      245487  0.4060272    
      245488  0.4143064    
      245489  0.4225855    
      245490  0.4308645    
      245491  0.4391433    
      245492  0.4474220    
      245493  0.4557006    
      245494  0.4639790    
      245495  0.4722572    
      245496  0.4805352    
      245497  0.4888132    
      245498  0.4970909    
      245499  0.5053685    
      245500  0.5136458    
      245501  0.5219229    
