      140841   1.939865    
      140842   1.931796    
      140843   1.923728    
      140844   1.915660    
      140845   1.907594    
      140846   1.899528    
      140847   1.891464    
      140848   1.883401    
      140849   1.875339    
      140850   1.867278    
      140851   1.859219    
      140852   1.851162    
      140853   1.843106    
      140854   1.835052    
      140855   1.827000    
      140856   1.818951    
      140857   1.810904    
      140858   1.802859    
      140859   1.794816    
      140860   1.786777    
      140861   1.778740    
      140862   1.770706    
      140863   1.762676    
      140864   1.754649    
      140865   1.746626    
      140866   1.738607    
      140867   1.730592    
      140868   1.722582    
      140869   1.714576    
      140870   1.706576    
      140871   1.698581    
      140872   1.690591    
      140873   1.682608    
      140874   1.674631    
      140875   1.666661    
      140876   1.658698    
      140877   1.650743    
      140878   1.642797    
      140879   1.634859    
      140880   1.626931    
      140881   1.619013    
      140882   1.611106    
      140883   1.603211    
      140884   1.595328    
      140885   1.587459    
      140886   1.579605    
      140887   1.571766    
      140888   1.563944    
      140889   1.556141    
      140890   1.548357    
      140891   1.540595    
      140892   1.532856    
      140893   1.525142    
      140894   1.517456    
      140895   1.509799    
      140896   1.502177    
      140897   1.494590    
      140898   1.487045    
      140899   1.479545    
      140900   1.472096    
      140901   1.464703    
      140902   1.457369    
      140903   1.450096    
      140904   1.442880    
      140905   1.435720    
      140906   1.428612    
      140907   1.421552    
      140908   1.414536    
      140909   1.407559    
      140910   1.400617    
      140911   1.393707    
      140912   1.386827    
      140913   1.379979    
      140914   1.373167    
      140915   1.366395    
      140916   1.359666    
      140917   1.352986    
      140918   1.346360    
      140919   1.339792    
      140920   1.333285    
      140921   1.326840    
      140922   1.320457    
      140923   1.314132    
      140924   1.307862    
      140925   1.301641    
      140926   1.295458    
      140927   1.289296    
      140928   1.283122    
      140929   1.276877    
      140930   1.270459    
      140931   1.263714    
      140932   1.256506    
      140933   1.248898    
      140934   1.241054    
      140935   1.233093    
      140936   1.225078    
      140937   1.217038    
      140938   1.208987    
      140939   1.200931    
      140940   1.192873    
      140941   1.184813    
      140942   1.176752    
      140943   1.168693    
      140944   1.160634    
      140945   1.152577    
      140946   1.144522    
      140947   1.136469    
      140948   1.128419    
      140949   1.120372    
      140950   1.112329    
      140951   1.104290    
      140952   1.096255    
      140953   1.088225    
      140954   1.080200    
      140955   1.072181    
      140956   1.064168    
      140957   1.056162    
      140958   1.048163    
      140959   1.040171    
      140960   1.032188    
      140961   1.024213    
      140962   1.016248    
      140963   1.008293    
      140964   1.000349    
      140965  0.9924169    
      140966  0.9844972    
      140967  0.9765912    
      140968  0.9687001    
      140969  0.9608250    
      140970  0.9529673    
      140971  0.9451287    
      140972  0.9373108    
      140973  0.9295155    
      140974  0.9217447    
      140975  0.9140009    
      140976  0.9062866    
      140977  0.8986050    
      140978  0.8909594    
      140979  0.8833541    
      140980  0.8757938    
      140981  0.8682841    
      140982  0.8608311    
      140983  0.8534402    
      140984  0.8461140    
      140985  0.8388524    
      140986  0.8316533    
      140987  0.8245121    
      140988  0.8174194    
      140989  0.8103548    
      140990  0.8032821    
      140991  0.7961388    
      140992  0.7888350    
      140993  0.7812957    
      140994  0.7735417    
      140995  0.7656543    
      140996  0.7576969    
      140997  0.7497050    
      140998  0.7416967    
      140999  0.7336813    
      141000  0.7256634    
      141001  0.7176455    
      141002  0.7096292    
      141003  0.7016158    
      141004  0.6936060    
      141005  0.6856007    
      141006  0.6776010    
      141007  0.6696079    
      141008  0.6616225    
      141009  0.6536463    
      141010  0.6456806    
      141011  0.6377269    
      141012  0.6297867    
      141013  0.6218616    
      141014  0.6139530    
      141015  0.6060628    
      141016  0.5981929    
      141017  0.5903457    
      141018  0.5825233    
      141019  0.5747288    
      141020  0.5669651    
      141021  0.5592359    
      141022  0.5515454    
      141023  0.5438989    
      141024  0.5363028    
      141025  0.5287645    
      141026  0.5212926    
      141027  0.5138958    
      141028  0.5065801    
      141029  0.4993492    
      141030  0.4922062    
      141031  0.4851557    
      141032  0.4782030    
      141033  0.4713526    
      141034  0.4646074    
      141035  0.4579676    
      141036  0.4514285    
      141037  0.4449778    
      141038  0.4385895    
      141039  0.4322189    
      141040  0.4257910    
      141041  0.4191824    
      141042  0.4122225    
      141043  0.4047904    
      141044  0.3969786    
      141045  0.3889477    
      141046  0.3808042    
      141047  0.3726056    
      141048  0.3643807    
      141049  0.3561428    
      141050  0.3478979    
      141051  0.3396483    
      141052  0.3313950    
      141053  0.3231380    
      141054  0.3148775    
      141055  0.3066137    
      141056  0.2983468    
      141057  0.2900771    
      141058  0.2818048    
      141059  0.2735303    
      141060  0.2652539    
      141061  0.2569761    
      141062  0.2486971    
      141063  0.2404175    
      141064  0.2321373    
      141065  0.2238568    
      141066  0.2155760    
      141067  0.2072950    
      141068  0.1990140    
      141069  0.1907328    
      141070  0.1824516    
      141071  0.1741704    
      141072  0.1658894    
      141073  0.1576084    
      141074  0.1493278    
      141075  0.1410475    
      141076  0.1327677    
      141077  0.1244887    
      141078  0.1162107    
      141079  0.1079341    
      141080  9.9659264E-02
      141081  9.1386855E-02
      141082  8.3117798E-02
      141083  7.4853569E-02
      141084  6.6596784E-02
      141085  5.8352478E-02
      141086  5.0131220E-02
      141087  4.1956659E-02
      141088  3.3884138E-02
      141089  2.6047494E-02
      141090  1.8774275E-02
      141091  1.2862367E-02
      141092  1.0157094E-02
      141093  1.2862176E-02
      141094  1.8773817E-02
      141095  2.6046678E-02
      141096  3.3882875E-02
      141097  4.1954875E-02
      141098  5.0128855E-02
      141099  5.8349475E-02
      141100  6.6593118E-02
      141101  7.4849211E-02
      141102  8.3112739E-02
      141103  9.1381110E-02
      141104  9.9652849E-02
      141105  0.1079270    
      141106  0.1162031    
      141107  0.1244806    
      141108  0.1327591    
      141109  0.1410384    
      141110  0.1493184    
      141111  0.1575987    
      141112  0.1658794    
      141113  0.1741602    
      141114  0.1824412    
      141115  0.1907223    
      141116  0.1990034    
      141117  0.2072845    
      141118  0.2155657    
      141119  0.2238467    
      141120  0.2321278    
      141121  0.2404088    
      141122  0.2486898    
      141123  0.2569708    
      141124  0.2652517    
      141125  0.2735325    
      141126  0.2818132    
      141127  0.2900939    
      141128  0.2983744    
      141129  0.3066549    
      141130  0.3149353    
      141131  0.3232155    
      141132  0.3314956    
      141133  0.3397756    
      141134  0.3480553    
      141135  0.3563348    
      141136  0.3646139    
      141137  0.3728925    
      141138  0.3811703    
      141139  0.3894472    
      141140  0.3977225    
      141141  0.4059958    
      141142  0.4142659    
      141143  0.4225315    
      141144  0.4307905    
      141145  0.4390401    
      141146  0.4472766    
      141147  0.4554954    
      141148  0.4636905    
      141149  0.4718533    
      141150  0.4799688    
      141151  0.4880108    
      141152  0.4959349    
      141153  0.5036638    
      141154  0.5110579    
      141155  0.5179238    
      141156  0.5241683    
      141157  0.5299703    
      141158  0.5355767    
      141159  0.5411571    
      141160  0.5468080    
      141161  0.5525724    
      141162  0.5584647    
      141163  0.5644858    
      141164  0.5706297    
      141165  0.5768896    
      141166  0.5832597    
      141167  0.5897329    
      141168  0.5963019    
      141169  0.6029603    
      141170  0.6097034    
      141171  0.6165277    
      141172  0.6234305    
      141173  0.6304098    
      141174  0.6374642    
      141175  0.6445931    
      141176  0.6517972    
      141177  0.6590798    
      141178  0.6664441    
      141179  0.6738899    
      141180  0.6814111    
      141181  0.6889980    
      141182  0.6966428    
      141183  0.7043401    
      141184  0.7120857    
      141185  0.7198755    
      141186  0.7277051    
      141187  0.7355705    
      141188  0.7434678    
      141189  0.7513933    
      141190  0.7593440    
      141191  0.7673171    
      141192  0.7753099    
      141193  0.7833207    
      141194  0.7913474    
      141195  0.7993883    
      141196  0.8074419    
      141197  0.8155071    
      141198  0.8235826    
      141199  0.8316675    
      141200  0.8397610    
      141201  0.8478619    
      141202  0.8559697    
      141203  0.8640836    
      141204  0.8722031    
      141205  0.8803273    
      141206  0.8884556    
      141207  0.8965870    
      141208  0.9047207    
      141209  0.9128553    
      141210  0.9209894    
      141211  0.9291205    
      141212  0.9372455    
      141213  0.9453598    
      141214  0.9534565    
      141215  0.9615256    
      141216  0.9695522    
      141217  0.9775151    
      141218  0.9853864    
      141219  0.9931322    
      141220   1.000712    
      141221   1.008079    
      141222   1.015194    
      141223   1.022043    
      141224   1.028649    
      141225   1.035075    
      141226   1.041386    
      141227   1.047632    
      141228   1.053844    
      141229   1.060038    
      141230   1.066222    
      141231   1.072401    
      141232   1.078578    
      141233   1.084757    
      141234   1.090943    
      141235   1.097144    
      141236   1.103371    
      141237   1.109638    
      141238   1.115959    
      141239   1.122344    
      141240   1.128800    
      141241   1.135335    
      141242   1.141952    
      141243   1.148652    
      141244   1.155434    
      141245   1.162297    
      141246   1.169239    
      141247   1.176253    
      141248   1.183338    
      141249   1.190490    
      141250   1.197709    
      141251   1.204997    
      141252   1.212353    
      141253   1.219779    
      141254   1.227273    
      141255   1.234829    
      141256   1.242443    
      141257   1.250109    
      141258   1.257825    
      141259   1.265585    
      141260   1.273388    
      141261   1.281229    
      141262   1.289106    
      141263   1.297014    
      141264   1.304950    
      141265   1.312911    
      141266   1.320894    
      141267   1.328897    
      141268   1.336918    
      141269   1.344954    
      141270   1.353006    
      141271   1.361069    
      141272   1.369144    
      141273   1.377230    
      141274   1.385325    
      141275   1.393429    
      141276   1.401540    
      141277   1.409658    
      141278   1.417783    
      141279   1.425913    
      141280   1.434049    
      141281   1.442189    
      141282   1.450335    
      141283   1.458484    
      141284   1.466636    
      141285   1.474793    
      141286   1.482952    
      141287   1.491114    
      141288   1.499279    
      141289   1.507447    
      141290   1.515616    
      141291   1.523788    
      141292   1.531961    
      141293   1.540136    
      141294   1.548313    
      141295   1.556491    
      141296   1.564670    
      141297   1.572851    
      141298   1.581033    
      141299   1.589216    
      141300   1.597399    
      141301   1.605584    
      141302   1.613769    
      141303   1.621955    
      141304   1.630142    
      141305   1.638329    
      141306   1.646516    
      141307   1.654704    
      141308   1.662893    
      141309   1.671082    
      141310   1.679271    
      141311   1.687460    
      141312   1.695650    
      141313   1.703840    
      141314   1.712030    
      141315   1.720220    
      141316   1.728411    
      141317   1.736601    
      141318   1.744792    
      141319   1.752983    
      141320   1.761173    
      141321   1.769365    
      141322   1.777556    
      141323   1.785747    
      141324   1.793938    
      141325   1.802129    
      141326   1.810320    
      141327   1.818511    
      141328   1.826703    
      141329   1.834894    
      141330   1.843086    
      141331   1.851277    
      141332   1.859468    
      141333   1.867659    
      141334   1.875851    
      141335   1.884042    
      141336   1.892233    
      141337   1.900424    
      141338   1.908616    
      141339   1.916807    
      141340   1.924998    
      141341   1.933189    
