       65241  0.9224761    
       65242  0.9144078    
       65243  0.9063406    
       65244  0.8982741    
       65245  0.8902088    
       65246  0.8821445    
       65247  0.8740814    
       65248  0.8660197    
       65249  0.8579593    
       65250  0.8499002    
       65251  0.8418429    
       65252  0.8337871    
       65253  0.8257332    
       65254  0.8176813    
       65255  0.8096313    
       65256  0.8015836    
       65257  0.7935382    
       65258  0.7854953    
       65259  0.7774551    
       65260  0.7694178    
       65261  0.7613834    
       65262  0.7533523    
       65263  0.7453245    
       65264  0.7373003    
       65265  0.7292799    
       65266  0.7212636    
       65267  0.7132517    
       65268  0.7052443    
       65269  0.6972418    
       65270  0.6892446    
       65271  0.6812528    
       65272  0.6732669    
       65273  0.6652871    
       65274  0.6573141    
       65275  0.6493480    
       65276  0.6413895    
       65277  0.6334390    
       65278  0.6254970    
       65279  0.6175641    
       65280  0.6096408    
       65281  0.6017280    
       65282  0.5938261    
       65283  0.5859362    
       65284  0.5780590    
       65285  0.5701955    
       65286  0.5623468    
       65287  0.5545139    
       65288  0.5466982    
       65289  0.5389010    
       65290  0.5311236    
       65291  0.5233676    
       65292  0.5156348    
       65293  0.5079272    
       65294  0.5002470    
       65295  0.4925967    
       65296  0.4849793    
       65297  0.4773981    
       65298  0.4698571    
       65299  0.4623609    
       65300  0.4549143    
       65301  0.4475223    
       65302  0.4401877    
       65303  0.4329107    
       65304  0.4256893    
       65305  0.4185205    
       65306  0.4114005    
       65307  0.4043247    
       65308  0.3972864    
       65309  0.3902742    
       65310  0.3832715    
       65311  0.3762552    
       65312  0.3691899    
       65313  0.3620188    
       65314  0.3546638    
       65315  0.3470489    
       65316  0.3391750    
       65317  0.3311285    
       65318  0.3229784    
       65319  0.3147697    
       65320  0.3065289    
       65321  0.2982707    
       65322  0.2900031    
       65323  0.2817305    
       65324  0.2734554    
       65325  0.2651789    
       65326  0.2569018    
       65327  0.2486245    
       65328  0.2403472    
       65329  0.2320700    
       65330  0.2237930    
       65331  0.2155162    
       65332  0.2072394    
       65333  0.1989628    
       65334  0.1906862    
       65335  0.1824096    
       65336  0.1741330    
       65337  0.1658564    
       65338  0.1575798    
       65339  0.1493032    
       65340  0.1410268    
       65341  0.1327505    
       65342  0.1244747    
       65343  0.1161995    
       65344  0.1079253    
       65345  9.9652559E-02
       65346  9.1381945E-02
       65347  8.3114363E-02
       65348  7.4851319E-02
       65349  6.6595428E-02
       65350  5.8351744E-02
       65351  5.0130911E-02
       65352  4.1956626E-02
       65353  3.3884272E-02
       65354  2.6047716E-02
       65355  1.8774524E-02
       65356  1.2862615E-02
       65357  1.0157382E-02
       65358  1.2862647E-02
       65359  1.8774606E-02
       65360  2.6047880E-02
       65361  3.3884570E-02
       65362  4.1957121E-02
       65363  5.0131705E-02
       65364  5.8352977E-02
       65365  6.6597298E-02
       65366  7.4854098E-02
       65367  8.3118334E-02
       65368  9.1387406E-02
       65369  9.9659801E-02
       65370  0.1079346    
       65371  0.1162113    
       65372  0.1244892    
       65373  0.1327683    
       65374  0.1410480    
       65375  0.1493284    
       65376  0.1576090    
       65377  0.1658900    
       65378  0.1741711    
       65379  0.1824523    
       65380  0.1907336    
       65381  0.1990148    
       65382  0.2072961    
       65383  0.2155773    
       65384  0.2238585    
       65385  0.2321397    
       65386  0.2404207    
       65387  0.2487017    
       65388  0.2569826    
       65389  0.2652634    
       65390  0.2735440    
       65391  0.2818244    
       65392  0.2901046    
       65393  0.2983845    
       65394  0.3066639    
       65395  0.3149427    
       65396  0.3232208    
       65397  0.3314980    
       65398  0.3397742    
       65399  0.3480495    
       65400  0.3563240    
       65401  0.3645977    
       65402  0.3728707    
       65403  0.3811435    
       65404  0.3894160    
       65405  0.3976887    
       65406  0.4059617    
       65407  0.4142351    
       65408  0.4225089    
       65409  0.4307827    
       65410  0.4390560    
       65411  0.4473277    
       65412  0.4555961    
       65413  0.4638587    
       65414  0.4721106    
       65415  0.4803436    
       65416  0.4885435    
       65417  0.4966856    
       65418  0.5047283    
       65419  0.5126182    
       65420  0.5203597    
       65421  0.5280085    
       65422  0.5356137    
       65423  0.5432075    
       65424  0.5508108    
       65425  0.5584354    
       65426  0.5660871    
       65427  0.5737690    
       65428  0.5814818    
       65429  0.5892246    
       65430  0.5969951    
       65431  0.6047912    
       65432  0.6126103    
       65433  0.6204501    
       65434  0.6283082    
       65435  0.6361821    
       65436  0.6440690    
       65437  0.6519659    
       65438  0.6598696    
       65439  0.6677765    
       65440  0.6756825    
       65441  0.6835835    
       65442  0.6914735    
       65443  0.6993437    
       65444  0.7071782    
       65445  0.7149470    
       65446  0.7225921    
       65447  0.7300131    
       65448  0.7370864    
       65449  0.7437717    
       65450  0.7501755    
       65451  0.7564331    
       65452  0.7626372    
       65453  0.7688438    
       65454  0.7750831    
       65455  0.7813729    
       65456  0.7877239    
       65457  0.7941434    
       65458  0.8006381    
       65459  0.8072128    
       65460  0.8138694    
       65461  0.8206071    
       65462  0.8274238    
       65463  0.8343165    
       65464  0.8412819    
       65465  0.8483175    
       65466  0.8554219    
       65467  0.8625946    
       65468  0.8698369    
       65469  0.8771505    
       65470  0.8845346    
       65471  0.8919827    
       65472  0.8994859    
       65473  0.9070377    
       65474  0.9146340    
       65475  0.9222713    
       65476  0.9299467    
       65477  0.9376572    
       65478  0.9454002    
       65479  0.9531732    
       65480  0.9609735    
       65481  0.9687991    
       65482  0.9766478    
       65483  0.9845177    
       65484  0.9924068    
       65485   1.000314    
       65486   1.008237    
       65487   1.016175    
       65488   1.024127    
       65489   1.032091    
       65490   1.040067    
       65491   1.048054    
       65492   1.056051    
       65493   1.064057    
       65494   1.072071    
       65495   1.080093    
       65496   1.088122    
       65497   1.096158    
       65498   1.104199    
       65499   1.112246    
       65500   1.120298    
       65501   1.128355    
       65502   1.136415    
       65503   1.144480    
       65504   1.152548    
       65505   1.160619    
       65506   1.168693    
       65507   1.176768    
       65508   1.184843    
       65509   1.192914    
       65510   1.200975    
       65511   1.209009    
       65512   1.216977    
       65513   1.224807    
       65514   1.232361    
       65515   1.239492    
       65516   1.246217    
       65517   1.252705    
       65518   1.259097    
       65519   1.265474    
       65520   1.271876    
       65521   1.278323    
       65522   1.284820    
       65523   1.291369    
       65524   1.297971    
       65525   1.304626    
       65526   1.311333    
       65527   1.318092    
       65528   1.324903    
       65529   1.331766    
       65530   1.338680    
       65531   1.345644    
       65532   1.352659    
       65533   1.359725    
       65534   1.366842    
       65535   1.374011    
       65536   1.381234    
       65537   1.388508    
       65538   1.395829    
       65539   1.403190    
       65540   1.410586    
       65541   1.418010    
       65542   1.425457    
       65543   1.432921    
       65544   1.440392    
       65545   1.447858    
       65546   1.455301    
       65547   1.462698    
       65548   1.470012    
       65549   1.477192    
       65550   1.484162    
       65551   1.490819    
       65552   1.497069    
       65553   1.502898    
       65554   1.508398    
       65555   1.513698    
       65556   1.518916    
       65557   1.524147    
       65558   1.529456    
       65559   1.534883    
       65560   1.540447    
       65561   1.546156    
       65562   1.552011    
       65563   1.558006    
       65564   1.564131    
       65565   1.570376    
       65566   1.576734    
       65567   1.583197    
       65568   1.589757    
       65569   1.596409    
       65570   1.603146    
       65571   1.609966    
       65572   1.616865    
       65573   1.623841    
       65574   1.630893    
       65575   1.638020    
       65576   1.645222    
       65577   1.652503    
       65578   1.659866    
       65579   1.667310    
       65580   1.674830    
       65581   1.682416    
       65582   1.690060    
       65583   1.697756    
       65584   1.705501    
       65585   1.713290    
       65586   1.721120    
       65587   1.728985    
       65588   1.736882    
       65589   1.744807    
       65590   1.752758    
       65591   1.760730    
       65592   1.768723    
       65593   1.776734    
       65594   1.784761    
       65595   1.792801    
       65596   1.800855    
       65597   1.808920    
       65598   1.816996    
       65599   1.825081    
       65600   1.833174    
       65601   1.841275    
       65602   1.849383    
       65603   1.857497    
       65604   1.865616    
       65605   1.873740    
       65606   1.881868    
       65607   1.889999    
       65608   1.898132    
       65609   1.906267    
       65610   1.914401    
       65611   1.922532    
       65612   1.930657    
       65613   1.938771    
       65614   1.946867    
       65615   1.954936    
       65616   1.962962    
       65617   1.970925    
       65618   1.978796    
       65619   1.986541    
       65620   1.994120    
       65621   2.001486    
       65622   2.008601    
       65623   2.015449    
       65624   2.022054    
       65625   2.028480    
       65626   2.034790    
       65627   2.041036    
       65628   2.047248    
       65629   2.053442    
       65630   2.059626    
       65631   2.065805    
       65632   2.071981    
       65633   2.078159    
       65634   2.084342    
       65635   2.090535    
       65636   2.096739    
       65637   2.102944    
