      100521   1.405506    
      100522   1.397438    
      100523   1.389369    
      100524   1.381302    
      100525   1.373236    
      100526   1.365171    
      100527   1.357107    
      100528   1.349044    
      100529   1.340982    
      100530   1.332922    
      100531   1.324863    
      100532   1.316806    
      100533   1.308751    
      100534   1.300697    
      100535   1.292646    
      100536   1.284596    
      100537   1.276549    
      100538   1.268505    
      100539   1.260463    
      100540   1.252423    
      100541   1.244387    
      100542   1.236354    
      100543   1.228323    
      100544   1.220297    
      100545   1.212274    
      100546   1.204255    
      100547   1.196240    
      100548   1.188230    
      100549   1.180225    
      100550   1.172224    
      100551   1.164229    
      100552   1.156240    
      100553   1.148256    
      100554   1.140279    
      100555   1.132309    
      100556   1.124347    
      100557   1.116392    
      100558   1.108446    
      100559   1.100508    
      100560   1.092581    
      100561   1.084663    
      100562   1.076756    
      100563   1.068861    
      100564   1.060979    
      100565   1.053110    
      100566   1.045255    
      100567   1.037416    
      100568   1.029595    
      100569   1.021791    
      100570   1.014008    
      100571   1.006245    
      100572  0.9985065    
      100573  0.9907926    
      100574  0.9831064    
      100575  0.9754502    
      100576  0.9678271    
      100577  0.9602407    
      100578  0.9526951    
      100579  0.9451951    
      100580  0.9377459    
      100581  0.9303528    
      100582  0.9230191    
      100583  0.9157450    
      100584  0.9085290    
      100585  0.9013684    
      100586  0.8942598    
      100587  0.8871997    
      100588  0.8801835    
      100589  0.8732062    
      100590  0.8662634    
      100591  0.8593522    
      100592  0.8524719    
      100593  0.8456240    
      100594  0.8388114    
      100595  0.8320381    
      100596  0.8253087    
      100597  0.8186281    
      100598  0.8120015    
      100599  0.8054328    
      100600  0.7989255    
      100601  0.7924803    
      100602  0.7860964    
      100603  0.7797708    
      100604  0.7735005    
      100605  0.7672787    
      100606  0.7610943    
      100607  0.7549294    
      100608  0.7487495    
      100609  0.7424920    
      100610  0.7360508    
      100611  0.7292665    
      100612  0.7220157    
      100613  0.7143762    
      100614  0.7065123    
      100615  0.6985389    
      100616  0.6905147    
      100617  0.6824673    
      100618  0.6744093    
      100619  0.6663460    
      100620  0.6582803    
      100621  0.6502133    
      100622  0.6421461    
      100623  0.6340792    
      100624  0.6260130    
      100625  0.6179482    
      100626  0.6098849    
      100627  0.6018233    
      100628  0.5937634    
      100629  0.5857049    
      100630  0.5776477    
      100631  0.5695913    
      100632  0.5615351    
      100633  0.5534777    
      100634  0.5454174    
      100635  0.5373517    
      100636  0.5292765    
      100637  0.5211867    
      100638  0.5130754    
      100639  0.5049347    
      100640  0.4967592    
      100641  0.4885505    
      100642  0.4803188    
      100643  0.4720737    
      100644  0.4638198    
      100645  0.4555596    
      100646  0.4472946    
      100647  0.4390262    
      100648  0.4307552    
      100649  0.4224822    
      100650  0.4142077    
      100651  0.4059321    
      100652  0.3976555    
      100653  0.3893782    
      100654  0.3811004    
      100655  0.3728222    
      100656  0.3645436    
      100657  0.3562647    
      100658  0.3479856    
      100659  0.3397062    
      100660  0.3314267    
      100661  0.3231470    
      100662  0.3148672    
      100663  0.3065874    
      100664  0.2983074    
      100665  0.2900274    
      100666  0.2817473    
      100667  0.2734671    
      100668  0.2651870    
      100669  0.2569068    
      100670  0.2486267    
      100671  0.2403467    
      100672  0.2320668    
      100673  0.2237872    
      100674  0.2155078    
      100675  0.2072289    
      100676  0.1989506    
      100677  0.1906730    
      100678  0.1823961    
      100679  0.1741199    
      100680  0.1658444    
      100681  0.1575694    
      100682  0.1492948    
      100683  0.1410206    
      100684  0.1327465    
      100685  0.1244727    
      100686  0.1161991    
      100687  0.1079261    
      100688  9.9653959E-02
      100689  9.1383472E-02
      100690  8.3115727E-02
      100691  7.4852377E-02
      100692  6.6596180E-02
      100693  5.8352262E-02
      100694  5.0131258E-02
      100695  4.1956849E-02
      100696  3.3884406E-02
      100697  2.6047792E-02
      100698  1.8774565E-02
      100699  1.2862634E-02
      100700  1.0157389E-02
      100701  1.2862644E-02
      100702  1.8774590E-02
      100703  2.6047843E-02
      100704  3.3884499E-02
      100705  4.1957002E-02
      100706  5.0131511E-02
      100707  5.8352664E-02
      100708  6.6596813E-02
      100709  7.4853353E-02
      100710  8.3117187E-02
      100711  9.1385648E-02
      100712  9.9657133E-02
      100713  0.1079306    
      100714  0.1162051    
      100715  0.1244800    
      100716  0.1327544    
      100717  0.1410273    
      100718  0.1492979    
      100719  0.1575653    
      100720  0.1658290    
      100721  0.1740891    
      100722  0.1823459    
      100723  0.1905999    
      100724  0.1988518    
      100725  0.2071019    
      100726  0.2153505    
      100727  0.2235976    
      100728  0.2318426    
      100729  0.2400840    
      100730  0.2483185    
      100731  0.2565389    
      100732  0.2647308    
      100733  0.2728651    
      100734  0.2808901    
      100735  0.2887177    
      100736  0.2962396    
      100737  0.3034379    
      100738  0.3104112    
      100739  0.3172747    
      100740  0.3241093    
      100741  0.3309636    
      100742  0.3378645    
      100743  0.3448259    
      100744  0.3518519    
      100745  0.3589423    
      100746  0.3660965    
      100747  0.3733157    
      100748  0.3806027    
      100749  0.3879587    
      100750  0.3953806    
      100751  0.4028602    
      100752  0.4103895    
      100753  0.4179637    
      100754  0.4255791    
      100755  0.4332328    
      100756  0.4409219    
      100757  0.4486437    
      100758  0.4563957    
      100759  0.4641754    
      100760  0.4719808    
      100761  0.4798096    
      100762  0.4876602    
      100763  0.4955306    
      100764  0.5034193    
      100765  0.5113248    
      100766  0.5192456    
      100767  0.5271807    
      100768  0.5351290    
      100769  0.5430893    
      100770  0.5510609    
      100771  0.5590428    
      100772  0.5670343    
      100773  0.5750346    
      100774  0.5830430    
      100775  0.5910590    
      100776  0.5990818    
      100777  0.6071109    
      100778  0.6151459    
      100779  0.6231863    
      100780  0.6312317    
      100781  0.6392816    
      100782  0.6473355    
      100783  0.6553931    
      100784  0.6634538    
      100785  0.6715169    
      100786  0.6795809    
      100787  0.6876429    
      100788  0.6956963    
      100789  0.7037259    
      100790  0.7116984    
      100791  0.7195427    
      100792  0.7271270    
      100793  0.7342814    
      100794  0.7409821    
      100795  0.7473991    
      100796  0.7536933    
      100797  0.7599602    
      100798  0.7662505    
      100799  0.7725863    
      100800  0.7789738    
      100801  0.7854148    
      100802  0.7919102    
      100803  0.7984593    
      100804  0.8050615    
      100805  0.8117162    
      100806  0.8184234    
      100807  0.8251826    
      100808  0.8319939    
      100809  0.8388568    
      100810  0.8457708    
      100811  0.8527355    
      100812  0.8597505    
      100813  0.8668163    
      100814  0.8739336    
      100815  0.8811032    
      100816  0.8883257    
      100817  0.8955999    
      100818  0.9029211    
      100819  0.9102827    
      100820  0.9176784    
      100821  0.9251026    
      100822  0.9325501    
      100823  0.9400138    
      100824  0.9474849    
      100825  0.9549506    
      100826  0.9623941    
      100827  0.9697909    
      100828  0.9771055    
      100829  0.9842854    
      100830  0.9912543    
      100831  0.9979116    
      100832   1.004161    
      100833   1.009990    
      100834   1.015489    
      100835   1.020789    
      100836   1.026008    
      100837   1.031238    
      100838   1.036548    
      100839   1.041975    
      100840   1.047539    
      100841   1.053248    
      100842   1.059103    
      100843   1.065099    
      100844   1.071224    
      100845   1.077469    
      100846   1.083827    
      100847   1.090290    
      100848   1.096850    
      100849   1.103502    
      100850   1.110239    
      100851   1.117059    
      100852   1.123958    
      100853   1.130934    
      100854   1.137986    
      100855   1.145113    
      100856   1.152315    
      100857   1.159596    
      100858   1.166958    
      100859   1.174403    
      100860   1.181923    
      100861   1.189509    
      100862   1.197153    
      100863   1.204849    
      100864   1.212594    
      100865   1.220383    
      100866   1.228213    
      100867   1.236078    
      100868   1.243975    
      100869   1.251900    
      100870   1.259851    
      100871   1.267823    
      100872   1.275816    
      100873   1.283827    
      100874   1.291853    
      100875   1.299894    
      100876   1.307948    
      100877   1.316013    
      100878   1.324089    
      100879   1.332173    
      100880   1.340267    
      100881   1.348368    
      100882   1.356475    
      100883   1.364589    
      100884   1.372708    
      100885   1.380832    
      100886   1.388961    
      100887   1.397092    
      100888   1.405225    
      100889   1.413359    
      100890   1.421493    
      100891   1.429624    
      100892   1.437749    
      100893   1.445863    
      100894   1.453960    
      100895   1.462029    
      100896   1.470055    
      100897   1.478017    
      100898   1.485888    
      100899   1.493633    
      100900   1.501212    
      100901   1.508579    
      100902   1.515694    
      100903   1.522542    
      100904   1.529148    
      100905   1.535573    
      100906   1.541883    
      100907   1.548129    
      100908   1.554341    
      100909   1.560535    
      100910   1.566719    
      100911   1.572898    
      100912   1.579075    
      100913   1.585254    
      100914   1.591440    
      100915   1.597641    
      100916   1.603868    
      100917   1.610135    
      100918   1.616455    
      100919   1.622839    
      100920   1.629296    
      100921   1.635831    
      100922   1.642448    
      100923   1.649148    
      100924   1.655931    
      100925   1.662794    
      100926   1.669735    
      100927   1.676749    
      100928   1.683834    
      100929   1.690986    
      100930   1.698206    
      100931   1.705493    
      100932   1.712849    
      100933   1.720275    
      100934   1.727769    
      100935   1.735325    
      100936   1.742939    
      100937   1.750605    
      100938   1.758320    
      100939   1.766081    
      100940   1.773884    
      100941   1.781725    
      100942   1.789602    
      100943   1.797509    
      100944   1.805445    
      100945   1.813406    
      100946   1.821390    
      100947   1.829393    
      100948   1.837414    
      100949   1.845450    
      100950   1.853501    
      100951   1.861565    
      100952   1.869640    
      100953   1.877726    
      100954   1.885821    
      100955   1.893924    
      100956   1.902036    
      100957   1.910154    
      100958   1.918278    
      100959   1.926409    
      100960   1.934545    
      100961   1.942685    
      100962   1.950830    
      100963   1.958979    
      100964   1.967132    
      100965   1.975288    
      100966   1.983448    
      100967   1.991610    
      100968   1.999775    
      100969   2.007942    
      100970   2.016112    
      100971   2.024283    
      100972   2.032457    
      100973   2.040632    
      100974   2.048808    
      100975   2.056985    
      100976   2.065164    
      100977   2.073340    
      100978   2.081511    
      100979   2.089666    
      100980   2.097773    
