      198034   2.101695    
      198035   2.094832    
      198036   2.088020    
      198037   2.081262    
      198038   2.074559    
      198039   2.067914    
      198040   2.061326    
      198041   2.054796    
      198042   2.048318    
      198043   2.041890    
      198044   2.035504    
      198045   2.029152    
      198046   2.022822    
      198047   2.016488    
      198048   2.010101    
      198049   2.003576    
      198050   1.996779    
      198051   1.989576    
      198052   1.981987    
      198053   1.974156    
      198054   1.966202    
      198055   1.958188    
      198056   1.950147    
      198057   1.942093    
      198058   1.934033    
      198059   1.925969    
      198060   1.917903    
      198061   1.909837    
      198062   1.901771    
      198063   1.893705    
      198064   1.885640    
      198065   1.877577    
      198066   1.869515    
      198067   1.861456    
      198068   1.853400    
      198069   1.845346    
      198070   1.837296    
      198071   1.829250    
      198072   1.821208    
      198073   1.813171    
      198074   1.805139    
      198075   1.797113    
      198076   1.789092    
      198077   1.781078    
      198078   1.773071    
      198079   1.765071    
      198080   1.757080    
      198081   1.749097    
      198082   1.741123    
      198083   1.733159    
      198084   1.725205    
      198085   1.717263    
      198086   1.709334    
      198087   1.701418    
      198088   1.693516    
      198089   1.685631    
      198090   1.677762    
      198091   1.669912    
      198092   1.662083    
      198093   1.654276    
      198094   1.646494    
      198095   1.638738    
      198096   1.631012    
      198097   1.623318    
      198098   1.615660    
      198099   1.608042    
      198100   1.600469    
      198101   1.592946    
      198102   1.585479    
      198103   1.578076    
      198104   1.570738    
      198105   1.563467    
      198106   1.556261    
      198107   1.549116    
      198108   1.542024    
      198109   1.534967    
      198110   1.527908    
      198111   1.520788    
      198112   1.513516    
      198113   1.506009    
      198114   1.498278    
      198115   1.490404    
      198116   1.482454    
      198117   1.474466    
      198118   1.466461    
      198119   1.458448    
      198120   1.450432    
      198121   1.442415    
      198122   1.434401    
      198123   1.426389    
      198124   1.418380    
      198125   1.410376    
      198126   1.402378    
      198127   1.394387    
      198128   1.386403    
      198129   1.378428    
      198130   1.370465    
      198131   1.362513    
      198132   1.354574    
      198133   1.346651    
      198134   1.338745    
      198135   1.330857    
      198136   1.322989    
      198137   1.315144    
      198138   1.307325    
      198139   1.299533    
      198140   1.291773    
      198141   1.284047    
      198142   1.276361    
      198143   1.268719    
      198144   1.261129    
      198145   1.253597    
      198146   1.246132    
      198147   1.238744    
      198148   1.231438    
      198149   1.224218    
      198150   1.217087    
      198151   1.210051    
      198152   1.203114    
      198153   1.196283    
      198154   1.189561    
      198155   1.182949    
      198156   1.176448    
      198157   1.170052    
      198158   1.163756    
      198159   1.157556    
      198160   1.151444    
      198161   1.145412    
      198162   1.139452    
      198163   1.133554    
      198164   1.127710    
      198165   1.121898    
      198166   1.116078    
      198167   1.110160    
      198168   1.104003    
      198169   1.097437    
      198170   1.090427    
      198171   1.083100    
      198172   1.075593    
      198173   1.067990    
      198174   1.060338    
      198175   1.052660    
      198176   1.044972    
      198177   1.037282    
      198178   1.029596    
      198179   1.021920    
      198180   1.014258    
      198181   1.006613    
      198182  0.9989882    
      198183  0.9913875    
      198184  0.9838139    
      198185  0.9762703    
      198186  0.9687607    
      198187  0.9612890    
      198188  0.9538602    
      198189  0.9464791    
      198190  0.9391506    
      198191  0.9318776    
      198192  0.9246625    
      198193  0.9175069    
      198194  0.9104128    
      198195  0.9033834    
      198196  0.8964225    
      198197  0.8895338    
      198198  0.8827210    
      198199  0.8759881    
      198200  0.8693384    
      198201  0.8627746    
      198202  0.8562983    
      198203  0.8499092    
      198204  0.8436066    
      198205  0.8373889    
      198206  0.8312451    
      198207  0.8251429    
      198208  0.8190135    
      198209  0.8127290    
      198210  0.8060802    
      198211  0.7988814    
      198212  0.7912188    
      198213  0.7832946    
      198214  0.7752454    
      198215  0.7671404    
      198216  0.7590117    
      198217  0.7508737    
      198218  0.7427325    
      198219  0.7345906    
      198220  0.7264494    
      198221  0.7183092    
      198222  0.7101706    
      198223  0.7020337    
      198224  0.6938987    
      198225  0.6857659    
      198226  0.6776355    
      198227  0.6695077    
      198228  0.6613827    
      198229  0.6532609    
      198230  0.6451427    
      198231  0.6370282    
      198232  0.6289179    
      198233  0.6208121    
      198234  0.6127112    
      198235  0.6046157    
      198236  0.5965260    
      198237  0.5884427    
      198238  0.5803664    
      198239  0.5722976    
      198240  0.5642371    
      198241  0.5561856    
      198242  0.5481440    
      198243  0.5401130    
      198244  0.5320938    
      198245  0.5240874    
      198246  0.5160952    
      198247  0.5081184    
      198248  0.5001587    
      198249  0.4922175    
      198250  0.4842970    
      198251  0.4763991    
      198252  0.4685264    
      198253  0.4606813    
      198254  0.4528670    
      198255  0.4450863    
      198256  0.4373426    
      198257  0.4296394    
      198258  0.4219804    
      198259  0.4143695    
      198260  0.4068105    
      198261  0.3993070    
      198262  0.3918616    
      198263  0.3844762    
      198264  0.3771521    
      198265  0.3698910    
      198266  0.3626956    
      198267  0.3555699    
      198268  0.3485192    
      198269  0.3415513    
      198270  0.3346758    
      198271  0.3279040    
      198272  0.3212488    
      198273  0.3147224    
      198274  0.3083351    
      198275  0.3020908    
      198276  0.2959840    
      198277  0.2900015    
      198278  0.2841173    
      198279  0.2782893    
      198280  0.2724464    
      198281  0.2664777    
      198282  0.2602259    
      198283  0.2535150    
      198284  0.2462922    
      198285  0.2386819    
      198286  0.2308412    
      198287  0.2228720    
      198288  0.2148252    
      198289  0.2067263    
      198290  0.1985890    
      198291  0.1904214    
      198292  0.1822287    
      198293  0.1740150    
      198294  0.1657833    
      198295  0.1575372    
      198296  0.1492803    
      198297  0.1410161    
      198298  0.1327471    
      198299  0.1244752    
      198300  0.1162019    
      198301  0.1079285    
      198302  9.9655733E-02
      198303  9.1384724E-02
      198304  8.3116576E-02
      198305  7.4852951E-02
      198306  6.6596560E-02
      198307  5.8352504E-02
      198308  5.0131410E-02
      198309  4.1956943E-02
      198310  3.3884466E-02
      198311  2.6047826E-02
      198312  1.8774582E-02
      198313  1.2862641E-02
      198314  1.0157389E-02
      198315  1.2862640E-02
      198316  1.8774576E-02
      198317  2.6047818E-02
      198318  3.3884451E-02
      198319  4.1956928E-02
      198320  5.0131384E-02
      198321  5.8352470E-02
      198322  6.6596508E-02
      198323  7.4852869E-02
      198324  8.3116449E-02
      198325  9.1384515E-02
      198326  9.9655420E-02
      198327  0.1079280    
      198328  0.1162012    
      198329  0.1244739    
      198330  0.1327450    
      198331  0.1410128    
      198332  0.1492750    
      198333  0.1575285    
      198334  0.1657690    
      198335  0.1739907    
      198336  0.1821853    
      198337  0.1903419    
      198338  0.1984465    
      198339  0.2064856    
      198340  0.2144441    
      198341  0.2222986    
      198342  0.2300038    
      198343  0.2374875    
      198344  0.2446829    
      198345  0.2515726    
      198346  0.2582007    
      198347  0.2646458    
      198348  0.2709771    
      198349  0.2772430    
      198350  0.2834738    
      198351  0.2896872    
      198352  0.2958942    
      198353  0.3021023    
      198354  0.3083182    
      198355  0.3145494    
      198356  0.3208063    
      198357  0.3271023    
      198358  0.3334522    
      198359  0.3398693    
      198360  0.3463638    
      198361  0.3529424    
      198362  0.3596065    
      198363  0.3663554    
      198364  0.3731879    
      198365  0.3801014    
      198366  0.3870928    
      198367  0.3941591    
      198368  0.4012953    
      198369  0.4084958    
      198370  0.4157555    
      198371  0.4230691    
      198372  0.4304315    
      198373  0.4378392    
      198374  0.4452910    
      198375  0.4527877    
      198376  0.4603295    
      198377  0.4679153    
      198378  0.4755433    
      198379  0.4832129    
      198380  0.4909229    
      198381  0.4986714    
      198382  0.5064564    
      198383  0.5142753    
      198384  0.5221254    
      198385  0.5300040    
      198386  0.5379083    
      198387  0.5458361    
      198388  0.5537851    
      198389  0.5617533    
      198390  0.5697390    
      198391  0.5777406    
      198392  0.5857565    
      198393  0.5937856    
      198394  0.6018267    
      198395  0.6098787    
      198396  0.6179407    
      198397  0.6260117    
      198398  0.6340911    
      198399  0.6421781    
      198400  0.6502720    
      198401  0.6583724    
      198402  0.6664786    
      198403  0.6745903    
      198404  0.6827071    
      198405  0.6908282    
      198406  0.6989536    
      198407  0.7070829    
      198408  0.7152159    
      198409  0.7233521    
      198410  0.7314914    
      198411  0.7396336    
      198412  0.7477783    
      198413  0.7559254    
      198414  0.7640748    
      198415  0.7722262    
      198416  0.7803795    
      198417  0.7885345    
      198418  0.7966912    
      198419  0.8048493    
      198420  0.8130088    
      198421  0.8211695    
      198422  0.8293314    
      198423  0.8374943    
      198424  0.8456582    
      198425  0.8538228    
      198426  0.8619884    
      198427  0.8701545    
      198428  0.8783213    
      198429  0.8864886    
      198430  0.8946564    
      198431  0.9028246    
      198432  0.9109933    
      198433  0.9191623    
      198434  0.9273314    
      198435  0.9355009    
      198436  0.9436705    
      198437  0.9518402    
      198438  0.9600099    
      198439  0.9681797    
      198440  0.9763495    
      198441  0.9845193    
      198442  0.9926890    
      198443   1.000859    
      198444   1.009028    
      198445   1.017197    
      198446   1.025366    
      198447   1.033535    
      198448   1.041704    
      198449   1.049872    
      198450   1.058040    
      198451   1.066207    
      198452   1.074374    
      198453   1.082541    
      198454   1.090707    
      198455   1.098872    
      198456   1.107037    
      198457   1.115202    
      198458   1.123366    
      198459   1.131529    
      198460   1.139691    
      198461   1.147853    
