       82041   1.151110    
       82042   1.143042    
       82043   1.134975    
       82044   1.126909    
       82045   1.118843    
       82046   1.110779    
       82047   1.102716    
       82048   1.094655    
       82049   1.086594    
       82050   1.078535    
       82051   1.070478    
       82052   1.062422    
       82053   1.054368    
       82054   1.046317    
       82055   1.038267    
       82056   1.030219    
       82057   1.022174    
       82058   1.014131    
       82059   1.006091    
       82060  0.9980534    
       82061  0.9900191    
       82062  0.9819880    
       82063  0.9739602    
       82064  0.9659361    
       82065  0.9579158    
       82066  0.9498996    
       82067  0.9418876    
       82068  0.9338803    
       82069  0.9258778    
       82070  0.9178806    
       82071  0.9098889    
       82072  0.9019029    
       82073  0.8939233    
       82074  0.8859503    
       82075  0.8779844    
       82076  0.8700259    
       82077  0.8620755    
       82078  0.8541336    
       82079  0.8462008    
       82080  0.8382777    
       82081  0.8303651    
       82082  0.8224634    
       82083  0.8145736    
       82084  0.8066967    
       82085  0.7988335    
       82086  0.7909850    
       82087  0.7831525    
       82088  0.7753372    
       82089  0.7675403    
       82090  0.7597634    
       82091  0.7520080    
       82092  0.7442757    
       82093  0.7365687    
       82094  0.7288893    
       82095  0.7212400    
       82096  0.7136238    
       82097  0.7060438    
       82098  0.6985043    
       82099  0.6910099    
       82100  0.6835656    
       82101  0.6761764    
       82102  0.6688451    
       82103  0.6615721    
       82104  0.6543556    
       82105  0.6471930    
       82106  0.6400808    
       82107  0.6330156    
       82108  0.6259930    
       82109  0.6190083    
       82110  0.6120577    
       82111  0.6051389    
       82112  0.5982515    
       82113  0.5913969    
       82114  0.5845780    
       82115  0.5777984    
       82116  0.5710623    
       82117  0.5643741    
       82118  0.5577376    
       82119  0.5511551    
       82120  0.5446246    
       82121  0.5381333    
       82122  0.5316517    
       82123  0.5251285    
       82124  0.5184737    
       82125  0.5115480    
       82126  0.5042133    
       82127  0.4964733    
       82128  0.4884726    
       82129  0.4803333    
       82130  0.4721244    
       82131  0.4638814    
       82132  0.4556224    
       82133  0.4473557    
       82134  0.4390854    
       82135  0.4308133    
       82136  0.4225403    
       82137  0.4142667    
       82138  0.4059925    
       82139  0.3977180    
       82140  0.3894430    
       82141  0.3811674    
       82142  0.3728914    
       82143  0.3646148    
       82144  0.3563377    
       82145  0.3480602    
       82146  0.3397822    
       82147  0.3315037    
       82148  0.3232248    
       82149  0.3149454    
       82150  0.3066657    
       82151  0.2983857    
       82152  0.2901054    
       82153  0.2818249    
       82154  0.2735443    
       82155  0.2652636    
       82156  0.2569827    
       82157  0.2487018    
       82158  0.2404207    
       82159  0.2321396    
       82160  0.2238585    
       82161  0.2155773    
       82162  0.2072960    
       82163  0.1990148    
       82164  0.1907335    
       82165  0.1824523    
       82166  0.1741710    
       82167  0.1658899    
       82168  0.1576090    
       82169  0.1493283    
       82170  0.1410480    
       82171  0.1327682    
       82172  0.1244892    
       82173  0.1162112    
       82174  0.1079345    
       82175  9.9659726E-02
       82176  9.1387317E-02
       82177  8.3118252E-02
       82178  7.4854024E-02
       82179  6.6597223E-02
       82180  5.8352903E-02
       82181  5.0131634E-02
       82182  4.1957054E-02
       82183  3.3884503E-02
       82184  2.6047822E-02
       82185  1.8774556E-02
       82186  1.2862602E-02
       82187  1.0157330E-02
       82188  1.2862528E-02
       82189  1.8774368E-02
       82190  2.6047457E-02
       82191  3.3883862E-02
       82192  4.1955985E-02
       82193  5.0129931E-02
       82194  5.8350254E-02
       82195  6.6593185E-02
       82196  7.4848011E-02
       82197  8.3109587E-02
       82198  9.1375262E-02
       82199  9.9643558E-02
       82200  0.1079136    
       82201  0.1161850    
       82202  0.1244572    
       82203  0.1327303    
       82204  0.1410042    
       82205  0.1492790    
       82206  0.1575547    
       82207  0.1658313    
       82208  0.1741089    
       82209  0.1823874    
       82210  0.1906664    
       82211  0.1989460    
       82212  0.2072259    
       82213  0.2155060    
       82214  0.2237863    
       82215  0.2320667    
       82216  0.2403471    
       82217  0.2486276    
       82218  0.2569080    
       82219  0.2651884    
       82220  0.2734688    
       82221  0.2817491    
       82222  0.2900294    
       82223  0.2983097    
       82224  0.3065899    
       82225  0.3148700    
       82226  0.3231499    
       82227  0.3314298    
       82228  0.3397095    
       82229  0.3479890    
       82230  0.3562683    
       82231  0.3645472    
       82232  0.3728257    
       82233  0.3811035    
       82234  0.3893805    
       82235  0.3976562    
       82236  0.4059302    
       82237  0.4142016    
       82238  0.4224697    
       82239  0.4307337    
       82240  0.4389927    
       82241  0.4472461    
       82242  0.4554925    
       82243  0.4637292    
       82244  0.4719490    
       82245  0.4801354    
       82246  0.4882531    
       82247  0.4962303    
       82248  0.5039390    
       82249  0.5112211    
       82250  0.5180506    
       82251  0.5245632    
       82252  0.5309051    
       82253  0.5371788    
       82254  0.5434466    
       82255  0.5497482    
       82256  0.5561047    
       82257  0.5625271    
       82258  0.5690238    
       82259  0.5756000    
       82260  0.5822578    
       82261  0.5889966    
       82262  0.5958142    
       82263  0.6027077    
       82264  0.6096740    
       82265  0.6167103    
       82266  0.6238153    
       82267  0.6309886    
       82268  0.6382315    
       82269  0.6455457    
       82270  0.6529303    
       82271  0.6603788    
       82272  0.6678823    
       82273  0.6754342    
       82274  0.6830304    
       82275  0.6906674    
       82276  0.6983423    
       82277  0.7060523    
       82278  0.7137946    
       82279  0.7215664    
       82280  0.7293656    
       82281  0.7371900    
       82282  0.7450373    
       82283  0.7529056    
       82284  0.7607933    
       82285  0.7686985    
       82286  0.7766200    
       82287  0.7845563    
       82288  0.7925065    
       82289  0.8004692    
       82290  0.8084435    
       82291  0.8164287    
       82292  0.8244238    
       82293  0.8324280    
       82294  0.8404406    
       82295  0.8484607    
       82296  0.8564880    
       82297  0.8645219    
       82298  0.8725617    
       82299  0.8806071    
       82300  0.8886575    
       82301  0.8967125    
       82302  0.9047718    
       82303  0.9128348    
       82304  0.9209012    
       82305  0.9289703    
       82306  0.9370410    
       82307  0.9451119    
       82308  0.9531786    
       82309  0.9612323    
       82310  0.9692527    
       82311  0.9771956    
       82312  0.9849706    
       82313  0.9924241    
       82314  0.9994200    
       82315   1.006022    
       82316   1.012414    
       82317   1.018727    
       82318   1.025036    
       82319   1.031379    
       82320   1.037769    
       82321   1.044210    
       82322   1.050706    
       82323   1.057255    
       82324   1.063857    
       82325   1.070512    
       82326   1.077219    
       82327   1.083978    
       82328   1.090789    
       82329   1.097651    
       82330   1.104565    
       82331   1.111530    
       82332   1.118545    
       82333   1.125611    
       82334   1.132728    
       82335   1.139897    
       82336   1.147120    
       82337   1.154394    
       82338   1.161715    
       82339   1.169076    
       82340   1.176472    
       82341   1.183896    
       82342   1.191343    
       82343   1.198807    
       82344   1.206278    
       82345   1.213744    
       82346   1.221187    
       82347   1.228584    
       82348   1.235899    
       82349   1.243079    
       82350   1.250048    
       82351   1.256705    
       82352   1.262955    
       82353   1.268783    
       82354   1.274283    
       82355   1.279583    
       82356   1.284802    
       82357   1.290032    
       82358   1.295342    
       82359   1.300769    
       82360   1.306333    
       82361   1.312042    
       82362   1.317897    
       82363   1.323893    
       82364   1.330017    
       82365   1.336262    
       82366   1.342620    
       82367   1.349083    
       82368   1.355644    
       82369   1.362295    
       82370   1.369033    
       82371   1.375852    
       82372   1.382751    
       82373   1.389727    
       82374   1.396779    
       82375   1.403906    
       82376   1.411109    
       82377   1.418389    
       82378   1.425752    
       82379   1.433196    
       82380   1.440716    
       82381   1.448302    
       82382   1.455946    
       82383   1.463643    
       82384   1.471388    
       82385   1.479177    
       82386   1.487006    
       82387   1.494871    
       82388   1.502768    
       82389   1.510693    
       82390   1.518644    
       82391   1.526617    
       82392   1.534610    
       82393   1.542620    
       82394   1.550647    
       82395   1.558688    
       82396   1.566741    
       82397   1.574806    
       82398   1.582882    
       82399   1.590967    
       82400   1.599060    
       82401   1.607161    
       82402   1.615269    
       82403   1.623383    
       82404   1.631502    
       82405   1.639626    
       82406   1.647754    
       82407   1.655885    
       82408   1.664019    
       82409   1.672153    
       82410   1.680287    
       82411   1.688418    
       82412   1.696543    
       82413   1.704657    
       82414   1.712754    
       82415   1.720822    
       82416   1.728848    
       82417   1.736811    
       82418   1.744682    
       82419   1.752427    
       82420   1.760006    
       82421   1.767373    
       82422   1.774487    
       82423   1.781335    
       82424   1.787941    
       82425   1.794366    
       82426   1.800677    
       82427   1.806923    
       82428   1.813135    
       82429   1.819329    
       82430   1.825513    
       82431   1.831692    
       82432   1.837869    
       82433   1.844047    
       82434   1.850233    
       82435   1.856434    
       82436   1.862661    
       82437   1.868928    
       82438   1.875249    
       82439   1.881633    
       82440   1.888090    
       82441   1.894625    
       82442   1.901242    
       82443   1.907942    
       82444   1.914725    
       82445   1.921588    
       82446   1.928529    
       82447   1.935543    
       82448   1.942627    
       82449   1.949780    
       82450   1.956999    
       82451   1.964287    
       82452   1.971643    
       82453   1.979069    
       82454   1.986562    
       82455   1.994119    
       82456   2.001733    
       82457   2.009399    
       82458   2.017114    
       82459   2.024874    
       82460   2.032677    
       82461   2.040518    
       82462   2.048394    
       82463   2.056301    
       82464   2.064232    
       82465   2.072183    
       82466   2.080138    
       82467   2.088066    
