      172789   2.139732    
      172790   2.131709    
      172791   2.123691    
      172792   2.115678    
      172793   2.107670    
      172794   2.099669    
      172795   2.091673    
      172796   2.083685    
      172797   2.075704    
      172798   2.067730    
      172799   2.059765    
      172800   2.051808    
      172801   2.043860    
      172802   2.035923    
      172803   2.027996    
      172804   2.020080    
      172805   2.012177    
      172806   2.004287    
      172807   1.996411    
      172808   1.988550    
      172809   1.980706    
      172810   1.972880    
      172811   1.965073    
      172812   1.957286    
      172813   1.949522    
      172814   1.941781    
      172815   1.934067    
      172816   1.926381    
      172817   1.918724    
      172818   1.911100    
      172819   1.903510    
      172820   1.895955    
      172821   1.888438    
      172822   1.880962    
      172823   1.873529    
      172824   1.866143    
      172825   1.858804    
      172826   1.851516    
      172827   1.844277    
      172828   1.837086    
      172829   1.829942    
      172830   1.822843    
      172831   1.815791    
      172832   1.808785    
      172833   1.801825    
      172834   1.794913    
      172835   1.788050    
      172836   1.781238    
      172837   1.774479    
      172838   1.767776    
      172839   1.761131    
      172840   1.754544    
      172841   1.748013    
      172842   1.741536    
      172843   1.735107    
      172844   1.728721    
      172845   1.722369    
      172846   1.716039    
      172847   1.709706    
      172848   1.703319    
      172849   1.696793    
      172850   1.689996    
      172851   1.682793    
      172852   1.675205    
      172853   1.667374    
      172854   1.659419    
      172855   1.651406    
      172856   1.643365    
      172857   1.635311    
      172858   1.627250    
      172859   1.619187    
      172860   1.611121    
      172861   1.603055    
      172862   1.594989    
      172863   1.586923    
      172864   1.578858    
      172865   1.570795    
      172866   1.562733    
      172867   1.554674    
      172868   1.546617    
      172869   1.538564    
      172870   1.530514    
      172871   1.522468    
      172872   1.514426    
      172873   1.506389    
      172874   1.498357    
      172875   1.490330    
      172876   1.482310    
      172877   1.474296    
      172878   1.466289    
      172879   1.458289    
      172880   1.450297    
      172881   1.442314    
      172882   1.434340    
      172883   1.426377    
      172884   1.418423    
      172885   1.410481    
      172886   1.402552    
      172887   1.394636    
      172888   1.386734    
      172889   1.378849    
      172890   1.370980    
      172891   1.363130    
      172892   1.355301    
      172893   1.347494    
      172894   1.339712    
      172895   1.331956    
      172896   1.324230    
      172897   1.316536    
      172898   1.308878    
      172899   1.301260    
      172900   1.293687    
      172901   1.286164    
      172902   1.278697    
      172903   1.271293    
      172904   1.263956    
      172905   1.256685    
      172906   1.249479    
      172907   1.242334    
      172908   1.235242    
      172909   1.228184    
      172910   1.221125    
      172911   1.214005    
      172912   1.206733    
      172913   1.199227    
      172914   1.191496    
      172915   1.183622    
      172916   1.175672    
      172917   1.167684    
      172918   1.159679    
      172919   1.151666    
      172920   1.143650    
      172921   1.135633    
      172922   1.127619    
      172923   1.119607    
      172924   1.111598    
      172925   1.103595    
      172926   1.095596    
      172927   1.087605    
      172928   1.079621    
      172929   1.071647    
      172930   1.063683    
      172931   1.055731    
      172932   1.047793    
      172933   1.039869    
      172934   1.031963    
      172935   1.024075    
      172936   1.016207    
      172937   1.008363    
      172938   1.000543    
      172939  0.9927515    
      172940  0.9849911    
      172941  0.9772655    
      172942  0.9695791    
      172943  0.9619374    
      172944  0.9543468    
      172945  0.9468149    
      172946  0.9393504    
      172947  0.9319623    
      172948  0.9246562    
      172949  0.9174359    
      172950  0.9103048    
      172951  0.9032679    
      172952  0.8963310    
      172953  0.8894993    
      172954  0.8827769    
      172955  0.8761655    
      172956  0.8696638    
      172957  0.8632674    
      172958  0.8569714    
      172959  0.8507711    
      172960  0.8446592    
      172961  0.8386269    
      172962  0.8326659    
      172963  0.8267681    
      172964  0.8209231    
      172965  0.8151113    
      172966  0.8092902    
      172967  0.8033725    
      172968  0.7972145    
      172969  0.7906473    
      172970  0.7836359    
      172971  0.7763082    
      172972  0.7688003    
      172973  0.7611968    
      172974  0.7535436    
      172975  0.7458652    
      172976  0.7381760    
      172977  0.7304851    
      172978  0.7227986    
      172979  0.7151217    
      172980  0.7074584    
      172981  0.6998124    
      172982  0.6921870    
      172983  0.6845852    
      172984  0.6770103    
      172985  0.6694654    
      172986  0.6619542    
      172987  0.6544809    
      172988  0.6470500    
      172989  0.6396667    
      172990  0.6323355    
      172991  0.6250597    
      172992  0.6178414    
      172993  0.6106824    
      172994  0.6035845    
      172995  0.5965510    
      172996  0.5895853    
      172997  0.5826906    
      172998  0.5758694    
      172999  0.5691222    
      173000  0.5624432    
      173001  0.5558133    
      173002  0.5491961    
      173003  0.5425235    
      173004  0.5356767    
      173005  0.5285013    
      173006  0.5209125    
      173007  0.5130028    
      173008  0.5049092    
      173009  0.4967211    
      173010  0.4884862    
      173011  0.4802286    
      173012  0.4719603    
      173013  0.4636870    
      173014  0.4554114    
      173015  0.4471346    
      173016  0.4388573    
      173017  0.4305798    
      173018  0.4223019    
      173019  0.4140240    
      173020  0.4057459    
      173021  0.3974677    
      173022  0.3891892    
      173023  0.3809106    
      173024  0.3726318    
      173025  0.3643529    
      173026  0.3560737    
      173027  0.3477944    
      173028  0.3395149    
      173029  0.3312352    
      173030  0.3229554    
      173031  0.3146755    
      173032  0.3063954    
      173033  0.2981151    
      173034  0.2898348    
      173035  0.2815543    
      173036  0.2732738    
      173037  0.2649931    
      173038  0.2567124    
      173039  0.2484317    
      173040  0.2401508    
      173041  0.2318699    
      173042  0.2235890    
      173043  0.2153081    
      173044  0.2070271    
      173045  0.1987461    
      173046  0.1904652    
      173047  0.1821843    
      173048  0.1739035    
      173049  0.1656228    
      173050  0.1573423    
      173051  0.1490621    
      173052  0.1407824    
      173053  0.1325032    
      173054  0.1242248    
      173055  0.1159475    
      173056  0.1076718    
      173057  9.9398136E-02
      173058  9.1127366E-02
      173059  8.2860582E-02
      173060  7.4599594E-02
      173061  6.6347495E-02
      173062  5.8109939E-02
      173063  4.9898341E-02
      173064  4.1737441E-02
      173065  3.3683892E-02
      173066  2.5872286E-02
      173067  1.8628648E-02
      173068  1.2743322E-02
      173069  1.0039172E-02
      173070  1.2682468E-02
      173071  1.8478289E-02
      173072  2.5590194E-02
      173073  3.3216648E-02
      173074  4.1022036E-02
      173075  4.8865270E-02
      173076  5.6688715E-02
      173077  6.4470351E-02
      173078  7.2198100E-02
      173079  7.9852141E-02
      173080  8.7394357E-02
      173081  9.4786815E-02
      173082  0.1020166    
      173083  0.1091074    
      173084  0.1161024    
      173085  0.1230465    
      173086  0.1299773    
      173087  0.1369208    
      173088  0.1438908    
      173089  0.1508953    
      173090  0.1579394    
      173091  0.1650256    
      173092  0.1721548    
      173093  0.1793282    
      173094  0.1865496    
      173095  0.1938241    
      173096  0.2011564    
      173097  0.2085523    
      173098  0.2160141    
      173099  0.2235400    
      173100  0.2311248    
      173101  0.2387628    
      173102  0.2464502    
      173103  0.2541839    
      173104  0.2619604    
      173105  0.2697763    
      173106  0.2776280    
      173107  0.2855120    
      173108  0.2934248    
      173109  0.3013634    
      173110  0.3093251    
      173111  0.3173076    
      173112  0.3253086    
      173113  0.3333263    
      173114  0.3413590    
      173115  0.3494053    
      173116  0.3574637    
      173117  0.3655332    
      173118  0.3736126    
      173119  0.3817009    
      173120  0.3897974    
      173121  0.3979012    
      173122  0.4060117    
      173123  0.4141281    
      173124  0.4222498    
      173125  0.4303762    
      173126  0.4385064    
      173127  0.4466397    
      173128  0.4547752    
      173129  0.4629116    
      173130  0.4710473    
      173131  0.4791802    
      173132  0.4873069    
      173133  0.4954228    
      173134  0.5035211    
      173135  0.5115918    
      173136  0.5196201    
      173137  0.5275850    
      173138  0.5354586    
      173139  0.5432066    
      173140  0.5507888    
      173141  0.5581599    
      173142  0.5652797    
      173143  0.5721325    
      173144  0.5787425    
      173145  0.5851709    
      173146  0.5914837    
      173147  0.5977311    
      173148  0.6039442    
      173149  0.6101391    
      173150  0.6163241    
      173151  0.6225036    
      173152  0.6286812    
      173153  0.6348606    
      173154  0.6410472    
      173155  0.6472487    
      173156  0.6534761    
      173157  0.6597434    
      173158  0.6660641    
      173159  0.6724490    
      173160  0.6789060    
      173161  0.6854412    
      173162  0.6920584    
      173163  0.6987587    
      173164  0.7055411    
      173165  0.7124043    
      173166  0.7193453    
      173167  0.7263600    
      173168  0.7334445    
      173169  0.7405967    
      173170  0.7478163    
      173171  0.7551040    
      173172  0.7624608    
      173173  0.7698871    
      173174  0.7773810    
      173175  0.7849382    
      173176  0.7925528    
      173177  0.8002198    
      173178  0.8079357    
      173179  0.8156969    
      173180  0.8235003    
      173181  0.8313423    
      173182  0.8392193    
      173183  0.8471277    
      173184  0.8550641    
      173185  0.8630254    
      173186  0.8710090    
      173187  0.8790125    
      173188  0.8870336    
      173189  0.8950706    
      173190  0.9031218    
      173191  0.9111857    
      173192  0.9192613    
      173193  0.9273471    
      173194  0.9354422    
      173195  0.9435459    
      173196  0.9516574    
      173197  0.9597758    
      173198  0.9679006    
      173199  0.9760313    
      173200  0.9841671    
      173201  0.9923079    
      173202   1.000453    
      173203   1.008602    
      173204   1.016755    
      173205   1.024912    
      173206   1.033071    
      173207   1.041234    
      173208   1.049399    
      173209   1.057566    
      173210   1.065736    
      173211   1.073907    
      173212   1.082081    
      173213   1.090256    
      173214   1.098433    
      173215   1.106611    
      173216   1.114790    
      173217   1.122971    
      173218   1.131153    
      173219   1.139336    
      173220   1.147520    
      173221   1.155704    
      173222   1.163889    
      173223   1.172076    
      173224   1.180262    
      173225   1.188449    
      173226   1.196637    
      173227   1.204825    
      173228   1.213014    
      173229   1.221202    
      173230   1.229392    
      173231   1.237581    
      173232   1.245771    
      173233   1.253961    
      173234   1.262151    
      173235   1.270342    
      173236   1.278532    
      173237   1.286723    
      173238   1.294913    
      173239   1.303104    
      173240   1.311295    
      173241   1.319486    
      173242   1.327677    
      173243   1.335868    
      173244   1.344059    
      173245   1.352251    
      173246   1.360442    
      173247   1.368633    
      173248   1.376825    
      173249   1.385016    
      173250   1.393207    
      173251   1.401398    
      173252   1.409590    
      173253   1.417781    
      173254   1.425972    
      173255   1.434164    
      173256   1.442355    
      173257   1.450546    
      173258   1.458737    
      173259   1.466929    
      173260   1.475120    
      173261   1.483311    
