      256939   2.102838    
      256940   2.095077    
      256941   2.087351    
      256942   2.079665    
      256943   2.072023    
      256944   2.064432    
      256945   2.056900    
      256946   2.049436    
      256947   2.042048    
      256948   2.034743    
      256949   2.027523    
      256950   2.020391    
      256951   2.013355    
      256952   2.006418    
      256953   1.999587    
      256954   1.992865    
      256955   1.986254    
      256956   1.979753    
      256957   1.973357    
      256958   1.967061    
      256959   1.960861    
      256960   1.954750    
      256961   1.948718    
      256962   1.942757    
      256963   1.936860    
      256964   1.931015    
      256965   1.925204    
      256966   1.919383    
      256967   1.913465    
      256968   1.907308    
      256969   1.900741    
      256970   1.893730    
      256971   1.886403    
      256972   1.878895    
      256973   1.871293    
      256974   1.863640    
      256975   1.855962    
      256976   1.848274    
      256977   1.840584    
      256978   1.832898    
      256979   1.825222    
      256980   1.817560    
      256981   1.809915    
      256982   1.802291    
      256983   1.794690    
      256984   1.787117    
      256985   1.779573    
      256986   1.772064    
      256987   1.764592    
      256988   1.757164    
      256989   1.749783    
      256990   1.742455    
      256991   1.735182    
      256992   1.727967    
      256993   1.720811    
      256994   1.713717    
      256995   1.706689    
      256996   1.699728    
      256997   1.692840    
      256998   1.686027    
      256999   1.679295    
      257000   1.672645    
      257001   1.666080    
      257002   1.659601    
      257003   1.653202    
      257004   1.646873    
      257005   1.640584    
      257006   1.634272    
      257007   1.627820    
      257008   1.621037    
      257009   1.613754    
      257010   1.606045    
      257011   1.598089    
      257012   1.590015    
      257013   1.581885    
      257014   1.573731    
      257015   1.565567    
      257016   1.557400    
      257017   1.549232    
      257018   1.541063    
      257019   1.532895    
      257020   1.524729    
      257021   1.516563    
      257022   1.508399    
      257023   1.500236    
      257024   1.492074    
      257025   1.483915    
      257026   1.475757    
      257027   1.467601    
      257028   1.459448    
      257029   1.451297    
      257030   1.443149    
      257031   1.435004    
      257032   1.426863    
      257033   1.418725    
      257034   1.410592    
      257035   1.402463    
      257036   1.394339    
      257037   1.386220    
      257038   1.378107    
      257039   1.370001    
      257040   1.361902    
      257041   1.353811    
      257042   1.345729    
      257043   1.337656    
      257044   1.329594    
      257045   1.321544    
      257046   1.313507    
      257047   1.305485    
      257048   1.297480    
      257049   1.289493    
      257050   1.281526    
      257051   1.273583    
      257052   1.265666    
      257053   1.257779    
      257054   1.249924    
      257055   1.242107    
      257056   1.234330    
      257057   1.226599    
      257058   1.218917    
      257059   1.211288    
      257060   1.203715    
      257061   1.196201    
      257062   1.188746    
      257063   1.181352    
      257064   1.174020    
      257065   1.166750    
      257066   1.159547    
      257067   1.152413    
      257068   1.145354    
      257069   1.138378    
      257070   1.131494    
      257071   1.124714    
      257072   1.118050    
      257073   1.111516    
      257074   1.105121    
      257075   1.098870    
      257076   1.092759    
      257077   1.086777    
      257078   1.080904    
      257079   1.075113    
      257080   1.069367    
      257081   1.063618    
      257082   1.057800    
      257083   1.051822    
      257084   1.045569    
      257085   1.038927    
      257086   1.031862    
      257087   1.024439    
      257088   1.016765    
      257089   1.008926    
      257090   1.000981    
      257091  0.9929640    
      257092  0.9848961    
      257093  0.9767902    
      257094  0.9686553    
      257095  0.9604988    
      257096  0.9523269    
      257097  0.9441446    
      257098  0.9359555    
      257099  0.9277623    
      257100  0.9195666    
      257101  0.9113697    
      257102  0.9031726    
      257103  0.8949759    
      257104  0.8867801    
      257105  0.8785857    
      257106  0.8703930    
      257107  0.8622025    
      257108  0.8540142    
      257109  0.8458288    
      257110  0.8376465    
      257111  0.8294677    
      257112  0.8212927    
      257113  0.8131222    
      257114  0.8049567    
      257115  0.7967967    
      257116  0.7886431    
      257117  0.7804966    
      257118  0.7723582    
      257119  0.7642289    
      257120  0.7561102    
      257121  0.7480034    
      257122  0.7399105    
      257123  0.7318336    
      257124  0.7237753    
      257125  0.7157385    
      257126  0.7077274    
      257127  0.6997464    
      257128  0.6918011    
      257129  0.6838989    
      257130  0.6760484    
      257131  0.6682607    
      257132  0.6605487    
      257133  0.6529268    
      257134  0.6454103    
      257135  0.6380137    
      257136  0.6307492    
      257137  0.6236262    
      257138  0.6166517    
      257139  0.6098276    
      257140  0.6031502    
      257141  0.5966111    
      257142  0.5901980    
      257143  0.5838950    
      257144  0.5776842    
      257145  0.5715483    
      257146  0.5654736    
      257147  0.5594503    
      257148  0.5534735    
      257149  0.5475419    
      257150  0.5416563    
      257151  0.5358201    
      257152  0.5300378    
      257153  0.5243149    
      257154  0.5186549    
      257155  0.5130559    
      257156  0.5075040    
      257157  0.5019630    
      257158  0.4963583    
      257159  0.4905656    
      257160  0.4843998    
      257161  0.4776683    
      257162  0.4703761    
      257163  0.4627011    
      257164  0.4548029    
      257165  0.4467753    
      257166  0.4386717    
      257167  0.4305209    
      257168  0.4223377    
      257169  0.4141304    
      257170  0.4059043    
      257171  0.3976635    
      257172  0.3894110    
      257173  0.3811500    
      257174  0.3728830    
      257175  0.3646117    
      257176  0.3563375    
      257177  0.3480613    
      257178  0.3397838    
      257179  0.3315052    
      257180  0.3232261    
      257181  0.3149465    
      257182  0.3066665    
      257183  0.2983863    
      257184  0.2901059    
      257185  0.2818253    
      257186  0.2735446    
      257187  0.2652639    
      257188  0.2569830    
      257189  0.2487020    
      257190  0.2404209    
      257191  0.2321398    
      257192  0.2238587    
      257193  0.2155775    
      257194  0.2072962    
      257195  0.1990150    
      257196  0.1907337    
      257197  0.1824524    
      257198  0.1741712    
      257199  0.1658901    
      257200  0.1576091    
      257201  0.1493285    
      257202  0.1410481    
      257203  0.1327683    
      257204  0.1244893    
      257205  0.1162113    
      257206  0.1079347    
      257207  9.9659875E-02
      257208  9.1387466E-02
      257209  8.3118409E-02
      257210  7.4854165E-02
      257211  6.6597372E-02
      257212  5.8353044E-02
      257213  5.0131764E-02
      257214  4.1957177E-02
      257215  3.3884622E-02
      257216  2.6047930E-02
      257217  1.8774647E-02
      257218  1.2862684E-02
      257219  1.0157422E-02
      257220  1.2862682E-02
      257221  1.8774645E-02
      257222  2.6047925E-02
      257223  3.3884618E-02
      257224  4.1957177E-02
      257225  5.0131768E-02
      257226  5.8353044E-02
      257227  6.6597372E-02
      257228  7.4854173E-02
      257229  8.3118409E-02
      257230  9.1387480E-02
      257231  9.9659875E-02
      257232  0.1079347    
      257233  0.1162113    
      257234  0.1244893    
      257235  0.1327684    
      257236  0.1410481    
      257237  0.1493285    
      257238  0.1576092    
      257239  0.1658901    
      257240  0.1741712    
      257241  0.1824525    
      257242  0.1907337    
      257243  0.1990150    
      257244  0.2072963    
      257245  0.2155775    
      257246  0.2238588    
      257247  0.2321400    
      257248  0.2404211    
      257249  0.2487021    
      257250  0.2569832    
      257251  0.2652641    
      257252  0.2735450    
      257253  0.2818258    
      257254  0.2901065    
      257255  0.2983871    
      257256  0.3066677    
      257257  0.3149481    
      257258  0.3232285    
      257259  0.3315089    
      257260  0.3397891    
      257261  0.3480693    
