      177277   2.121909    
      177278   2.113935    
      177279   2.105970    
      177280   2.098013    
      177281   2.090066    
      177282   2.082128    
      177283   2.074201    
      177284   2.066286    
      177285   2.058383    
      177286   2.050492    
      177287   2.042616    
      177288   2.034755    
      177289   2.026911    
      177290   2.019084    
      177291   2.011277    
      177292   2.003491    
      177293   1.995727    
      177294   1.987986    
      177295   1.980272    
      177296   1.972586    
      177297   1.964929    
      177298   1.957305    
      177299   1.949714    
      177300   1.942160    
      177301   1.934644    
      177302   1.927168    
      177303   1.919735    
      177304   1.912348    
      177305   1.905010    
      177306   1.897722    
      177307   1.890482    
      177308   1.883291    
      177309   1.876147    
      177310   1.869049    
      177311   1.861996    
      177312   1.854990    
      177313   1.848031    
      177314   1.841119    
      177315   1.834256    
      177316   1.827443    
      177317   1.820685    
      177318   1.813982    
      177319   1.807337    
      177320   1.800749    
      177321   1.794219    
      177322   1.787742    
      177323   1.781313    
      177324   1.774927    
      177325   1.768575    
      177326   1.762245    
      177327   1.755911    
      177328   1.749524    
      177329   1.742999    
      177330   1.736202    
      177331   1.728999    
      177332   1.721411    
      177333   1.713580    
      177334   1.705625    
      177335   1.697612    
      177336   1.689571    
      177337   1.681517    
      177338   1.673456    
      177339   1.665392    
      177340   1.657327    
      177341   1.649261    
      177342   1.641194    
      177343   1.633129    
      177344   1.625064    
      177345   1.617001    
      177346   1.608939    
      177347   1.600880    
      177348   1.592824    
      177349   1.584770    
      177350   1.576720    
      177351   1.568674    
      177352   1.560632    
      177353   1.552595    
      177354   1.544563    
      177355   1.536537    
      177356   1.528516    
      177357   1.520502    
      177358   1.512495    
      177359   1.504496    
      177360   1.496504    
      177361   1.488521    
      177362   1.480547    
      177363   1.472583    
      177364   1.464629    
      177365   1.456687    
      177366   1.448758    
      177367   1.440842    
      177368   1.432941    
      177369   1.425055    
      177370   1.417186    
      177371   1.409337    
      177372   1.401508    
      177373   1.393701    
      177374   1.385918    
      177375   1.378162    
      177376   1.370436    
      177377   1.362742    
      177378   1.355084    
      177379   1.347466    
      177380   1.339893    
      177381   1.332370    
      177382   1.324903    
      177383   1.317500    
      177384   1.310162    
      177385   1.302891    
      177386   1.295685    
      177387   1.288540    
      177388   1.281448    
      177389   1.274390    
      177390   1.267332    
      177391   1.260212    
      177392   1.252940    
      177393   1.245434    
      177394   1.237703    
      177395   1.229829    
      177396   1.221879    
      177397   1.213891    
      177398   1.205885    
      177399   1.197872    
      177400   1.189856    
      177401   1.181840    
      177402   1.173825    
      177403   1.165813    
      177404   1.157805    
      177405   1.149801    
      177406   1.141803    
      177407   1.133811    
      177408   1.125827    
      177409   1.117853    
      177410   1.109889    
      177411   1.101937    
      177412   1.093999    
      177413   1.086076    
      177414   1.078169    
      177415   1.070281    
      177416   1.062414    
      177417   1.054569    
      177418   1.046749    
      177419   1.038958    
      177420   1.031197    
      177421   1.023472    
      177422   1.015785    
      177423   1.008144    
      177424   1.000553    
      177425  0.9930210    
      177426  0.9855567    
      177427  0.9781685    
      177428  0.9708625    
      177429  0.9636424    
      177430  0.9565113    
      177431  0.9494746    
      177432  0.9425378    
      177433  0.9357063    
      177434  0.9289839    
      177435  0.9223725    
      177436  0.9158708    
      177437  0.9094745    
      177438  0.9031785    
      177439  0.8969784    
      177440  0.8908666    
      177441  0.8848344    
      177442  0.8788736    
      177443  0.8729759    
      177444  0.8671312    
      177445  0.8613199    
      177446  0.8554993    
      177447  0.8495822    
      177448  0.8434253    
      177449  0.8368598    
      177450  0.8298501    
      177451  0.8225237    
      177452  0.8150167    
      177453  0.8074141    
      177454  0.7997617    
      177455  0.7920840    
      177456  0.7843956    
      177457  0.7767054    
      177458  0.7690197    
      177459  0.7613436    
      177460  0.7536811    
      177461  0.7460359    
      177462  0.7384114    
      177463  0.7308105    
      177464  0.7232366    
      177465  0.7156929    
      177466  0.7081829    
      177467  0.7007110    
      177468  0.6932818    
      177469  0.6859004    
      177470  0.6785713    
      177471  0.6712978    
      177472  0.6640821    
      177473  0.6569257    
      177474  0.6498307    
      177475  0.6428006    
      177476  0.6358386    
      177477  0.6289489    
      177478  0.6221352    
      177479  0.6154011    
      177480  0.6087502    
      177481  0.6021852    
      177482  0.5957074    
      177483  0.5893164    
      177484  0.5830111    
      177485  0.5767882    
      177486  0.5706326    
      177487  0.5645026    
      177488  0.5583166    
      177489  0.5519257    
      177490  0.5451101    
      177491  0.5377471    
      177492  0.5299807    
      177493  0.5219992    
      177494  0.5139160    
      177495  0.5057877    
      177496  0.4976403    
      177497  0.4894852    
      177498  0.4813272    
      177499  0.4731683    
      177500  0.4650095    
      177501  0.4568512    
      177502  0.4486937    
      177503  0.4405371    
      177504  0.4323815    
      177505  0.4242271    
      177506  0.4160740    
      177507  0.4079224    
      177508  0.3997723    
      177509  0.3916240    
      177510  0.3834776    
      177511  0.3753332    
      177512  0.3671911    
      177513  0.3590513    
      177514  0.3509140    
      177515  0.3427793    
      177516  0.3346473    
      177517  0.3265180    
      177518  0.3183915    
      177519  0.3102677    
      177520  0.3021461    
      177521  0.2940266    
      177522  0.2859086    
      177523  0.2777914    
      177524  0.2696740    
      177525  0.2615553    
      177526  0.2534336    
      177527  0.2453071    
      177528  0.2371734    
      177529  0.2290300    
      177530  0.2208745    
      177531  0.2127045    
      177532  0.2045187    
      177533  0.1963162    
      177534  0.1880976    
      177535  0.1798646    
      177536  0.1716198    
      177537  0.1633686    
      177538  0.1551145    
      177539  0.1468594    
      177540  0.1386045    
      177541  0.1303512    
      177542  0.1221010    
      177543  0.1138556    
      177544  0.1056174    
      177545  9.7389407E-02
      177546  8.9175060E-02
      177547  8.0978245E-02
      177548  7.2803378E-02
      177549  6.4656019E-02
      177550  5.6543961E-02
      177551  4.8479751E-02
      177552  4.0488042E-02
      177553  3.2624122E-02
      177554  2.5018834E-02
      177555  1.7987002E-02
      177556  1.2289488E-02
      177557  9.6789254E-03
      177558  1.2234463E-02
      177559  1.7849710E-02
      177560  2.4763484E-02
      177561  3.2215435E-02
      177562  3.9897189E-02
      177563  4.7687866E-02
      177564  5.5540033E-02
      177565  6.3431732E-02
      177566  7.1347028E-02
      177567  7.9263583E-02
      177568  8.7149978E-02
      177569  9.4979301E-02
      177570  0.1027377    
      177571  0.1104288    
      177572  0.1180668    
      177573  0.1256692    
      177574  0.1332527    
      177575  0.1408317    
      177576  0.1484181    
      177577  0.1560216    
      177578  0.1636495    
      177579  0.1713065    
      177580  0.1789959    
      177581  0.1867197    
      177582  0.1944785    
      177583  0.2022721    
      177584  0.2100991    
      177585  0.2179577    
      177586  0.2258455    
      177587  0.2337601    
      177588  0.2416992    
      177589  0.2496607    
      177590  0.2576424    
      177591  0.2656424    
      177592  0.2736591    
      177593  0.2816908    
      177594  0.2897361    
      177595  0.2977937    
      177596  0.3058625    
      177597  0.3139414    
      177598  0.3220294    
      177599  0.3301257    
      177600  0.3382296    
      177601  0.3463403    
      177602  0.3544571    
      177603  0.3625795    
      177604  0.3707067    
      177605  0.3788383    
      177606  0.3869734    
      177607  0.3951113    
      177608  0.4032512    
      177609  0.4113917    
      177610  0.4195315    
      177611  0.4276680    
      177612  0.4357983    
      177613  0.4439178    
      177614  0.4520196    
      177615  0.4600939    
      177616  0.4681258    
      177617  0.4760946    
      177618  0.4839724    
      177619  0.4917254    
      177620  0.4993133    
      177621  0.5066907    
      177622  0.5138171    
      177623  0.5206763    
      177624  0.5272917    
      177625  0.5337242    
      177626  0.5400398    
      177627  0.5462893    
      177628  0.5525038    
      177629  0.5586997    
      177630  0.5648853    
      177631  0.5710652    
      177632  0.5772428    
      177633  0.5834221    
      177634  0.5896083    
      177635  0.5958093    
      177636  0.6020361    
      177637  0.6083027    
      177638  0.6146227    
      177639  0.6210068    
      177640  0.6274632    
      177641  0.6339979    
      177642  0.6406147    
      177643  0.6473147    
      177644  0.6540970    
      177645  0.6609600    
      177646  0.6679012    
      177647  0.6749160    
      177648  0.6820010    
      177649  0.6891543    
      177650  0.6963758    
      177651  0.7036659    
      177652  0.7110252    
      177653  0.7184538    
      177654  0.7259495    
      177655  0.7335081    
      177656  0.7411237    
      177657  0.7487916    
      177658  0.7565081    
      177659  0.7642699    
      177660  0.7720738    
      177661  0.7799164    
      177662  0.7877938    
      177663  0.7957026    
      177664  0.8036395    
      177665  0.8116012    
      177666  0.8195851    
      177667  0.8275889    
      177668  0.8356103    
      177669  0.8436476    
      177670  0.8516992    
      177671  0.8597634    
      177672  0.8678392    
      177673  0.8759252    
      177674  0.8840207    
      177675  0.8921247    
      177676  0.9002362    
      177677  0.9083549    
      177678  0.9164798    
      177679  0.9246106    
      177680  0.9327468    
      177681  0.9408877    
      177682  0.9490330    
      177683  0.9571825    
      177684  0.9653357    
      177685  0.9734923    
      177686  0.9816520    
      177687  0.9898145    
      177688  0.9979797    
      177689   1.006147    
      177690   1.014317    
      177691   1.022489    
      177692   1.030663    
      177693   1.038838    
      177694   1.047015    
      177695   1.055194    
      177696   1.063373    
      177697   1.071554    
      177698   1.079736    
      177699   1.087919    
      177700   1.096103    
      177701   1.104288    
      177702   1.112473    
      177703   1.120660    
      177704   1.128846    
      177705   1.137033    
      177706   1.145221    
      177707   1.153409    
      177708   1.161598    
      177709   1.169787    
      177710   1.177976    
      177711   1.186166    
      177712   1.194356    
      177713   1.202546    
      177714   1.210736    
      177715   1.218927    
      177716   1.227117    
      177717   1.235308    
      177718   1.243499    
      177719   1.251690    
      177720   1.259881    
      177721   1.268072    
      177722   1.276263    
      177723   1.284454    
      177724   1.292645    
      177725   1.300837    
      177726   1.309028    
      177727   1.317219    
      177728   1.325410    
      177729   1.333602    
      177730   1.341793    
      177731   1.349984    
      177732   1.358176    
      177733   1.366367    
      177734   1.374558    
      177735   1.382750    
      177736   1.390941    
      177737   1.399132    
      177738   1.407324    
      177739   1.415515    
      177740   1.423706    
      177741   1.431897    
