      278257   2.152877    
      278258   2.145191    
      278259   2.137514    
      278260   2.129852    
      278261   2.122206    
      278262   2.114582    
      278263   2.106981    
      278264   2.099408    
      278265   2.091864    
      278266   2.084355    
      278267   2.076883    
      278268   2.069454    
      278269   2.062074    
      278270   2.054745    
      278271   2.047472    
      278272   2.040257    
      278273   2.033102    
      278274   2.026009    
      278275   2.018980    
      278276   2.012019    
      278277   2.005131    
      278278   1.998318    
      278279   1.991586    
      278280   1.984935    
      278281   1.978369    
      278282   1.971884    
      278283   1.965470    
      278284   1.959102    
      278285   1.952726    
      278286   1.946243    
      278287   1.939481    
      278288   1.932261    
      278289   1.924603    
      278290   1.916677    
      278291   1.908617    
      278292   1.900494    
      278293   1.892343    
      278294   1.884180    
      278295   1.876013    
      278296   1.867844    
      278297   1.859675    
      278298   1.851506    
      278299   1.843338    
      278300   1.835172    
      278301   1.827006    
      278302   1.818842    
      278303   1.810679    
      278304   1.802517    
      278305   1.794358    
      278306   1.786200    
      278307   1.778044    
      278308   1.769891    
      278309   1.761740    
      278310   1.753593    
      278311   1.745448    
      278312   1.737307    
      278313   1.729169    
      278314   1.721036    
      278315   1.712907    
      278316   1.704783    
      278317   1.696664    
      278318   1.688552    
      278319   1.680445    
      278320   1.672346    
      278321   1.664255    
      278322   1.656173    
      278323   1.648100    
      278324   1.640039    
      278325   1.631989    
      278326   1.623952    
      278327   1.615930    
      278328   1.607925    
      278329   1.599938    
      278330   1.591972    
      278331   1.584028    
      278332   1.576112    
      278333   1.568224    
      278334   1.560369    
      278335   1.552552    
      278336   1.544776    
      278337   1.537045    
      278338   1.529363    
      278339   1.521734    
      278340   1.514161    
      278341   1.506646    
      278342   1.499192    
      278343   1.491798    
      278344   1.484466    
      278345   1.477196    
      278346   1.469993    
      278347   1.462859    
      278348   1.455801    
      278349   1.448824    
      278350   1.441941    
      278351   1.435161    
      278352   1.428497    
      278353   1.421963    
      278354   1.415568    
      278355   1.409317    
      278356   1.403207    
      278357   1.397225    
      278358   1.391352    
      278359   1.385561    
      278360   1.379815    
      278361   1.374066    
      278362   1.368248    
      278363   1.362271    
      278364   1.356018    
      278365   1.349376    
      278366   1.342311    
      278367   1.334889    
      278368   1.327214    
      278369   1.319376    
      278370   1.311431    
      278371   1.303414    
      278372   1.295346    
      278373   1.287240    
      278374   1.279105    
      278375   1.270949    
      278376   1.262776    
      278377   1.254594    
      278378   1.246405    
      278379   1.238212    
      278380   1.230016    
      278381   1.221819    
      278382   1.213622    
      278383   1.205426    
      278384   1.197230    
      278385   1.189035    
      278386   1.180843    
      278387   1.172652    
      278388   1.164464    
      278389   1.156278    
      278390   1.148096    
      278391   1.139917    
      278392   1.131742    
      278393   1.123572    
      278394   1.115406    
      278395   1.107246    
      278396   1.099093    
      278397   1.090946    
      278398   1.082808    
      278399   1.074679    
      278400   1.066560    
      278401   1.058453    
      278402   1.050360    
      278403   1.042283    
      278404   1.034225    
      278405   1.026188    
      278406   1.018177    
      278407   1.010196    
      278408   1.002251    
      278409  0.9943487    
      278410  0.9864984    
      278411  0.9787109    
      278412  0.9709990    
      278413  0.9633772    
      278414  0.9558609    
      278415  0.9484646    
      278416  0.9412004    
      278417  0.9340779    
      278418  0.9271039    
      278419  0.9202805    
      278420  0.9136038    
      278421  0.9070656    
      278422  0.9006536    
      278423  0.8943520    
      278424  0.8881427    
      278425  0.8820087    
      278426  0.8759363    
      278427  0.8699156    
      278428  0.8639420    
      278429  0.8580143    
      278430  0.8521336    
      278431  0.8463033    
      278432  0.8405285    
      278433  0.8348152    
      278434  0.8291686    
      278435  0.8235892    
      278436  0.8180692    
      278437  0.8125873    
      278438  0.8071024    
      278439  0.8015419    
      278440  0.7957853    
      278441  0.7896597    
      278442  0.7829922    
      278443  0.7757814    
      278444  0.7681851    
      278445  0.7603579    
      278446  0.7523953    
      278447  0.7443494    
      278448  0.7362487    
      278449  0.7281094    
      278450  0.7199413    
      278451  0.7117515    
      278452  0.7035450    
      278453  0.6953262    
      278454  0.6870984    
      278455  0.6788641    
      278456  0.6706250    
      278457  0.6623820    
      278458  0.6541361    
      278459  0.6458876    
      278460  0.6376371    
      278461  0.6293845    
      278462  0.6211302    
      278463  0.6128739    
      278464  0.6046157    
      278465  0.5963559    
      278466  0.5880940    
      278467  0.5798302    
      278468  0.5715641    
      278469  0.5632957    
      278470  0.5550249    
      278471  0.5467515    
      278472  0.5384761    
      278473  0.5301998    
      278474  0.5219229    
      278475  0.5136458    
      278476  0.5053685    
      278477  0.4970909    
      278478  0.4888132    
      278479  0.4805353    
      278480  0.4722572    
      278481  0.4639789    
      278482  0.4557006    
      278483  0.4474220    
      278484  0.4391433    
      278485  0.4308645    
      278486  0.4225855    
      278487  0.4143064    
      278488  0.4060271    
      278489  0.3977478    
      278490  0.3894683    
      278491  0.3811887    
      278492  0.3729090    
      278493  0.3646291    
      278494  0.3563492    
      278495  0.3480692    
      278496  0.3397891    
      278497  0.3315089    
      278498  0.3232286    
      278499  0.3149482    
      278500  0.3066677    
      278501  0.2983871    
      278502  0.2901065    
      278503  0.2818258    
      278504  0.2735450    
      278505  0.2652641    
      278506  0.2569832    
      278507  0.2487022    
      278508  0.2404211    
      278509  0.2321399    
      278510  0.2238588    
      278511  0.2155776    
      278512  0.2072963    
      278513  0.1990150    
      278514  0.1907337    
      278515  0.1824525    
      278516  0.1741712    
      278517  0.1658901    
      278518  0.1576092    
      278519  0.1493285    
      278520  0.1410481    
      278521  0.1327683    
      278522  0.1244893    
      278523  0.1162113    
      278524  0.1079347    
      278525  9.9659875E-02
      278526  9.1387466E-02
      278527  8.3118409E-02
      278528  7.4854165E-02
      278529  6.6597372E-02
      278530  5.8353044E-02
      278531  5.0131764E-02
      278532  4.1957177E-02
      278533  3.3884622E-02
      278534  2.6047930E-02
      278535  1.8774647E-02
      278536  1.2862684E-02
      278537  1.0157422E-02
      278538  1.2862682E-02
      278539  1.8774645E-02
      278540  2.6047925E-02
      278541  3.3884618E-02
