      116201   1.622005    
      116202   1.613936    
      116203   1.605868    
      116204   1.597800    
      116205   1.589734    
      116206   1.581668    
      116207   1.573604    
      116208   1.565541    
      116209   1.557479    
      116210   1.549418    
      116211   1.541359    
      116212   1.533302    
      116213   1.525246    
      116214   1.517192    
      116215   1.509141    
      116216   1.501091    
      116217   1.493044    
      116218   1.484999    
      116219   1.476956    
      116220   1.468917    
      116221   1.460880    
      116222   1.452847    
      116223   1.444816    
      116224   1.436790    
      116225   1.428766    
      116226   1.420747    
      116227   1.412732    
      116228   1.404722    
      116229   1.396716    
      116230   1.388716    
      116231   1.380720    
      116232   1.372731    
      116233   1.364747    
      116234   1.356771    
      116235   1.348801    
      116236   1.340838    
      116237   1.332883    
      116238   1.324936    
      116239   1.316999    
      116240   1.309071    
      116241   1.301153    
      116242   1.293246    
      116243   1.285351    
      116244   1.277468    
      116245   1.269599    
      116246   1.261745    
      116247   1.253906    
      116248   1.246084    
      116249   1.238281    
      116250   1.230497    
      116251   1.222735    
      116252   1.214996    
      116253   1.207282    
      116254   1.199596    
      116255   1.191940    
      116256   1.184317    
      116257   1.176730    
      116258   1.169185    
      116259   1.161685    
      116260   1.154235    
      116261   1.146842    
      116262   1.139509    
      116263   1.132235    
      116264   1.125019    
      116265   1.117858    
      116266   1.110750    
      116267   1.103690    
      116268   1.096674    
      116269   1.089698    
      116270   1.082755    
      116271   1.075844    
      116272   1.068964    
      116273   1.062117    
      116274   1.055305    
      116275   1.048532    
      116276   1.041803    
      116277   1.035123    
      116278   1.028497    
      116279   1.021929    
      116280   1.015422    
      116281   1.008977    
      116282   1.002594    
      116283  0.9962686    
      116284  0.9899989    
      116285  0.9837778    
      116286  0.9775947    
      116287  0.9714324    
      116288  0.9652585    
      116289  0.9590129    
      116290  0.9525942    
      116291  0.9458473    
      116292  0.9386381    
      116293  0.9310287    
      116294  0.9231836    
      116295  0.9152222    
      116296  0.9072068    
      116297  0.8991669    
      116298  0.8911157    
      116299  0.8830590    
      116300  0.8749999    
      116301  0.8669397    
      116302  0.8588792    
      116303  0.8508191    
      116304  0.8427601    
      116305  0.8347025    
      116306  0.8266469    
      116307  0.8185936    
      116308  0.8105431    
      116309  0.8024957    
      116310  0.7944517    
      116311  0.7864118    
      116312  0.7783763    
      116313  0.7703457    
      116314  0.7623204    
      116315  0.7543008    
      116316  0.7462873    
      116317  0.7382804    
      116318  0.7302806    
      116319  0.7222884    
      116320  0.7143043    
      116321  0.7063290    
      116322  0.6983631    
      116323  0.6904074    
      116324  0.6824625    
      116325  0.6745293    
      116326  0.6666088    
      116327  0.6587019    
      116328  0.6508098    
      116329  0.6429337    
      116330  0.6350751    
      116331  0.6272354    
      116332  0.6194164    
      116333  0.6116199    
      116334  0.6038479    
      116335  0.5961027    
      116336  0.5883868    
      116337  0.5807029    
      116338  0.5730537    
      116339  0.5654410    
      116340  0.5578643    
      116341  0.5503213    
      116342  0.5428054    
      116343  0.5353011    
      116344  0.5277771    
      116345  0.5201833    
      116346  0.5124551    
      116347  0.5045432    
      116348  0.4964768    
      116349  0.4883184    
      116350  0.4801078    
      116351  0.4718681    
      116352  0.4636122    
      116353  0.4553476    
      116354  0.4470783    
      116355  0.4388066    
      116356  0.4305339    
      116357  0.4222609    
      116358  0.4139881    
      116359  0.4057154    
      116360  0.3974430    
      116361  0.3891707    
      116362  0.3808984    
      116363  0.3726258    
      116364  0.3643528    
      116365  0.3560789    
      116366  0.3478042    
      116367  0.3395284    
      116368  0.3312514    
      116369  0.3229736    
      116370  0.3146950    
      116371  0.3064159    
      116372  0.2981363    
      116373  0.2898565    
      116374  0.2815764    
      116375  0.2732962    
      116376  0.2650159    
      116377  0.2567355    
      116378  0.2484551    
      116379  0.2401746    
      116380  0.2318941    
      116381  0.2236135    
      116382  0.2153330    
      116383  0.2070526    
      116384  0.1987721    
      116385  0.1904918    
      116386  0.1822115    
      116387  0.1739314    
      116388  0.1656516    
      116389  0.1573720    
      116390  0.1490929    
      116391  0.1408142    
      116392  0.1325364    
      116393  0.1242597    
      116394  0.1159844    
      116395  0.1077112    
      116396  9.9441014E-02
      116397  9.1174915E-02
      116398  8.2914457E-02
      116399  7.4661635E-02
      116400  6.6419214E-02
      116401  5.8192085E-02
      116402  4.9990289E-02
      116403  4.1836705E-02
      116404  3.3785988E-02
      116405  2.5971241E-02
      116406  1.8718783E-02
      116407  1.2824137E-02
      116408  1.0127249E-02
      116409  1.2825439E-02
      116410  1.8722042E-02
      116411  2.5977457E-02
      116412  3.3796385E-02
      116413  4.1852467E-02
      116414  5.0012346E-02
      116415  5.8220807E-02
      116416  6.6454291E-02
      116417  7.4702203E-02
      116418  8.2959406E-02
      116419  9.1223098E-02
      116420  9.9491537E-02
      116421  0.1077635    
      116422  0.1160380    
      116423  0.1243143    
      116424  0.1325919    
      116425  0.1408705    
      116426  0.1491498    
      116427  0.1574295    
      116428  0.1657096    
      116429  0.1739900    
      116430  0.1822705    
      116431  0.1905511    
      116432  0.1988318    
      116433  0.2071126    
      116434  0.2153933    
      116435  0.2236741    
      116436  0.2319548    
      116437  0.2402356    
      116438  0.2485163    
      116439  0.2567970    
      116440  0.2650776    
      116441  0.2733582    
      116442  0.2816387    
      116443  0.2899192    
      116444  0.2981996    
      116445  0.3064800    
      116446  0.3147602    
      116447  0.3230404    
      116448  0.3313205    
      116449  0.3396004    
      116450  0.3478803    
      116451  0.3561600    
      116452  0.3644395    
      116453  0.3727188    
      116454  0.3809979    
      116455  0.3892767    
      116456  0.3975554    
      116457  0.4058338    
      116458  0.4141121    
      116459  0.4223901    
      116460  0.4306679    
      116461  0.4389457    
      116462  0.4472232    
      116463  0.4555005    
      116464  0.4637776    
      116465  0.4720547    
      116466  0.4803315    
      116467  0.4886081    
      116468  0.4968842    
      116469  0.5051596    
      116470  0.5134333    
      116471  0.5217037    
      116472  0.5299671    
      116473  0.5382152    
      116474  0.5464322    
      116475  0.5545881    
      116476  0.5626239    
      116477  0.5704373    
      116478  0.5778906    
      116479  0.5849523    
      116480  0.5917381    
      116481  0.5983846    
      116482  0.6049794    
      116483  0.6115730    
      116484  0.6181943    
      116485  0.6248584    
      116486  0.6315711    
      116487  0.6383345    
      116488  0.6451492    
      116489  0.6520154    
      116490  0.6589327    
      116491  0.6659004    
      116492  0.6729183    
      116493  0.6799868    
      116494  0.6871068    
      116495  0.6942793    
      116496  0.7015049    
      116497  0.7087823    
      116498  0.7161064    
      116499  0.7234704    
      116500  0.7308681    
      116501  0.7382941    
      116502  0.7457429    
      116503  0.7532077    
      116504  0.7606795    
      116505  0.7681457    
      116506  0.7755892    
      116507  0.7829856    
      116508  0.7902992    
      116509  0.7974772    
      116510  0.8044435    
      116511  0.8110969    
      116512  0.8173420    
      116513  0.8231661    
      116514  0.8286628    
      116515  0.8339608    
      116516  0.8391776    
      116517  0.8444061    
      116518  0.8497133    
      116519  0.8551393    
      116520  0.8607043    
      116521  0.8664154    
      116522  0.8722720    
      116523  0.8782681    
      116524  0.8843932    
      116525  0.8906381    
      116526  0.8969959    
      116527  0.9034590    
      116528  0.9100196    
      116529  0.9166712    
      116530  0.9234086    
      116531  0.9302282    
      116532  0.9371272    
      116533  0.9441032    
      116534  0.9511551    
      116535  0.9582822    
      116536  0.9654849    
      116537  0.9727657    
      116538  0.9801283    
      116539  0.9875726    
      116540  0.9950925    
      116541   1.002678    
      116542   1.010322    
      116543   1.018019    
      116544   1.025764    
      116545   1.033553    
      116546   1.041383    
      116547   1.049248    
      116548   1.057145    
      116549   1.065070    
      116550   1.073020    
      116551   1.080993    
      116552   1.088986    
      116553   1.096996    
      116554   1.105023    
      116555   1.113064    
      116556   1.121117    
      116557   1.129183    
      116558   1.137258    
      116559   1.145343    
      116560   1.153436    
      116561   1.161537    
      116562   1.169645    
      116563   1.177759    
      116564   1.185878    
      116565   1.194002    
      116566   1.202130    
      116567   1.210262    
      116568   1.218395    
      116569   1.226530    
      116570   1.234663    
      116571   1.242794    
      116572   1.250919    
      116573   1.259033    
      116574   1.267130    
      116575   1.275198    
      116576   1.283225    
      116577   1.291187    
      116578   1.299058    
      116579   1.306803    
      116580   1.314382    
      116581   1.321749    
      116582   1.328863    
      116583   1.335711    
      116584   1.342317    
      116585   1.348742    
      116586   1.355052    
      116587   1.361298    
      116588   1.367510    
      116589   1.373704    
      116590   1.379888    
      116591   1.386067    
      116592   1.392244    
      116593   1.398423    
      116594   1.404609    
      116595   1.410810    
      116596   1.417037    
      116597   1.423304    
      116598   1.429625    
      116599   1.436009    
      116600   1.442466    
      116601   1.449001    
      116602   1.455618    
      116603   1.462318    
      116604   1.469100    
      116605   1.475963    
      116606   1.482904    
      116607   1.489919    
      116608   1.497003    
      116609   1.504155    
      116610   1.511375    
      116611   1.518662    
      116612   1.526019    
      116613   1.533445    
      116614   1.540938    
      116615   1.548495    
      116616   1.556108    
      116617   1.563775    
      116618   1.571490    
      116619   1.579250    
      116620   1.587053    
      116621   1.594894    
      116622   1.602771    
      116623   1.610679    
      116624   1.618615    
      116625   1.626576    
      116626   1.634559    
      116627   1.642562    
      116628   1.650583    
      116629   1.658620    
      116630   1.666671    
      116631   1.674734    
      116632   1.682809    
      116633   1.690895    
      116634   1.698990    
      116635   1.707093    
      116636   1.715205    
      116637   1.723323    
      116638   1.731448    
      116639   1.739578    
      116640   1.747714    
      116641   1.755854    
      116642   1.763999    
      116643   1.772148    
      116644   1.780301    
      116645   1.788458    
      116646   1.796617    
      116647   1.804779    
      116648   1.812944    
      116649   1.821111    
      116650   1.829281    
      116651   1.837452    
      116652   1.845626    
      116653   1.853801    
      116654   1.861977    
      116655   1.870156    
      116656   1.878335    
      116657   1.886516    
      116658   1.894698    
      116659   1.902880    
      116660   1.911064    
      116661   1.919249    
      116662   1.927434    
      116663   1.935620    
      116664   1.943806    
      116665   1.951993    
      116666   1.960181    
      116667   1.968369    
      116668   1.976557    
      116669   1.984746    
      116670   1.992935    
      116671   2.001125    
      116672   2.009314    
      116673   2.017504    
      116674   2.025694    
      116675   2.033885    
      116676   2.042075    
      116677   2.050266    
      116678   2.058457    
      116679   2.066648    
      116680   2.074838    
      116681   2.083029    
      116682   2.091220    
      116683   2.099411    
      116684   2.107600    
      116685   2.115788    
      116686   2.123968    
      116687   2.132131    
      116688   2.140245    
