      193546   2.094755    
      193547   2.087517    
      193548   2.080326    
      193549   2.073181    
      193550   2.066083    
      193551   2.059030    
      193552   2.052024    
      193553   2.045065    
      193554   2.038153    
      193555   2.031290    
      193556   2.024478    
      193557   2.017719    
      193558   2.011016    
      193559   2.004371    
      193560   1.997784    
      193561   1.991253    
      193562   1.984776    
      193563   1.978348    
      193564   1.971962    
      193565   1.965610    
      193566   1.959279    
      193567   1.952946    
      193568   1.946559    
      193569   1.940034    
      193570   1.933236    
      193571   1.926033    
      193572   1.918444    
      193573   1.910613    
      193574   1.902659    
      193575   1.894646    
      193576   1.886605    
      193577   1.878551    
      193578   1.870490    
      193579   1.862427    
      193580   1.854361    
      193581   1.846295    
      193582   1.838228    
      193583   1.830163    
      193584   1.822098    
      193585   1.814035    
      193586   1.805973    
      193587   1.797914    
      193588   1.789858    
      193589   1.781804    
      193590   1.773754    
      193591   1.765708    
      193592   1.757666    
      193593   1.749629    
      193594   1.741597    
      193595   1.733571    
      193596   1.725550    
      193597   1.717536    
      193598   1.709529    
      193599   1.701530    
      193600   1.693538    
      193601   1.685555    
      193602   1.677581    
      193603   1.669617    
      193604   1.661664    
      193605   1.653722    
      193606   1.645792    
      193607   1.637876    
      193608   1.629975    
      193609   1.622089    
      193610   1.614220    
      193611   1.606371    
      193612   1.598541    
      193613   1.590735    
      193614   1.582952    
      193615   1.575196    
      193616   1.567470    
      193617   1.559776    
      193618   1.552118    
      193619   1.544500    
      193620   1.536927    
      193621   1.529404    
      193622   1.521938    
      193623   1.514534    
      193624   1.507196    
      193625   1.499925    
      193626   1.492719    
      193627   1.485575    
      193628   1.478483    
      193629   1.471425    
      193630   1.464366    
      193631   1.457246    
      193632   1.449974    
      193633   1.442468    
      193634   1.434736    
      193635   1.426862    
      193636   1.418912    
      193637   1.410925    
      193638   1.402919    
      193639   1.394906    
      193640   1.386890    
      193641   1.378873    
      193642   1.370859    
      193643   1.362847    
      193644   1.354838    
      193645   1.346835    
      193646   1.338837    
      193647   1.330845    
      193648   1.322861    
      193649   1.314887    
      193650   1.306923    
      193651   1.298971    
      193652   1.291032    
      193653   1.283109    
      193654   1.275203    
      193655   1.267315    
      193656   1.259447    
      193657   1.251602    
      193658   1.243783    
      193659   1.235991    
      193660   1.228231    
      193661   1.220505    
      193662   1.212819    
      193663   1.205177    
      193664   1.197587    
      193665   1.190055    
      193666   1.182590    
      193667   1.175202    
      193668   1.167896    
      193669   1.160676    
      193670   1.153545    
      193671   1.146509    
      193672   1.139572    
      193673   1.132741    
      193674   1.126019    
      193675   1.119407    
      193676   1.112906    
      193677   1.106510    
      193678   1.100214    
      193679   1.094014    
      193680   1.087902    
      193681   1.081870    
      193682   1.075909    
      193683   1.070012    
      193684   1.064167    
      193685   1.058356    
      193686   1.052535    
      193687   1.046618    
      193688   1.040461    
      193689   1.033895    
      193690   1.026885    
      193691   1.019558    
      193692   1.012051    
      193693   1.004448    
      193694  0.9967960    
      193695  0.9891186    
      193696  0.9814302    
      193697  0.9737401    
      193698  0.9660546    
      193699  0.9583786    
      193700  0.9507161    
      193701  0.9430711    
      193702  0.9354466    
      193703  0.9278460    
      193704  0.9202722    
      193705  0.9127287    
      193706  0.9052191    
      193707  0.8977475    
      193708  0.8903186    
      193709  0.8829374    
      193710  0.8756088    
      193711  0.8683358    
      193712  0.8611207    
      193713  0.8539650    
      193714  0.8468709    
      193715  0.8398415    
      193716  0.8328805    
      193717  0.8259917    
      193718  0.8191789    
      193719  0.8124458    
      193720  0.8057959    
      193721  0.7992321    
      193722  0.7927556    
      193723  0.7863663    
      193724  0.7800637    
      193725  0.7738460    
      193726  0.7677021    
      193727  0.7615996    
      193728  0.7554699    
      193729  0.7491848    
      193730  0.7425351    
      193731  0.7353352    
      193732  0.7276720    
      193733  0.7197475    
      193734  0.7116982    
      193735  0.7035929    
      193736  0.6954641    
      193737  0.6873261    
      193738  0.6791846    
      193739  0.6710427    
      193740  0.6629012    
      193741  0.6547610    
      193742  0.6466222    
      193743  0.6384852    
      193744  0.6303501    
      193745  0.6222171    
      193746  0.6140864    
      193747  0.6059585    
      193748  0.5978334    
      193749  0.5897114    
      193750  0.5815929    
      193751  0.5734782    
      193752  0.5653677    
      193753  0.5572617    
      193754  0.5491606    
      193755  0.5410648    
      193756  0.5329748    
      193757  0.5248913    
      193758  0.5168146    
      193759  0.5087454    
      193760  0.5006845    
      193761  0.4926326    
      193762  0.4845904    
      193763  0.4765588    
      193764  0.4685390    
      193765  0.4605319    
      193766  0.4525390    
      193767  0.4445613    
      193768  0.4366004    
      193769  0.4286581    
      193770  0.4207361    
      193771  0.4128366    
      193772  0.4049619    
      193773  0.3971147    
      193774  0.3892978    
      193775  0.3815141    
      193776  0.3737671    
      193777  0.3660601    
      193778  0.3583968    
      193779  0.3507813    
      193780  0.3432171    
      193781  0.3357078    
      193782  0.3282561    
      193783  0.3208639    
      193784  0.3135323    
      193785  0.3062630    
      193786  0.2990590    
      193787  0.2919239    
      193788  0.2848631    
      193789  0.2778840    
      193790  0.2709962    
      193791  0.2642109    
      193792  0.2575403    
      193793  0.2509965    
      193794  0.2445888    
      193795  0.2383200    
      193796  0.2321818    
      193797  0.2261548    
      193798  0.2202023    
      193799  0.2142584    
      193800  0.2082168    
      193801  0.2019224    
      193802  0.1952022    
      193803  0.1880008    
      193804  0.1804267    
      193805  0.1726254    
      193806  0.1646946    
      193807  0.1566831    
      193808  0.1486158    
      193809  0.1405067    
      193810  0.1323645    
      193811  0.1241948    
      193812  0.1160019    
      193813  0.1077896    
      193814  9.9561386E-02
      193815  9.1321468E-02
      193816  8.3074495E-02
      193817  7.4825093E-02
      193818  6.6578209E-02
      193819  5.8340505E-02
      193820  5.0123621E-02
      193821  4.1951936E-02
      193822  3.3881307E-02
      193823  2.6045900E-02
      193824  1.8773463E-02
      193825  1.2862030E-02
      193826  1.0157034E-02
      193827  1.2862340E-02
      193828  1.8774256E-02
      193829  2.6047472E-02
      193830  3.3884108E-02
      193831  4.1956622E-02
      193832  5.0131172E-02
      193833  5.8352418E-02
      193834  6.6596709E-02
      193835  7.4853480E-02
      193836  8.3117686E-02
      193837  9.1386706E-02
      193838  9.9659041E-02
      193839  0.1079338    
      193840  0.1162103    
      193841  0.1244880    
      193842  0.1327667    
      193843  0.1410460    
      193844  0.1493256    
      193845  0.1576052    
      193846  0.1658845    
      193847  0.1741632    
      193848  0.1824406    
      193849  0.1907163    
      193850  0.1989893    
      193851  0.2072581    
      193852  0.2155209    
      193853  0.2237749    
      193854  0.2320159    
      193855  0.2402379    
      193856  0.2484322    
      193857  0.2565868    
      193858  0.2646871    
      193859  0.2727181    
      193860  0.2806610    
      193861  0.2884839    
      193862  0.2961272    
      193863  0.3035153    
      193864  0.3105942    
      193865  0.3173690    
      193866  0.3239027    
      193867  0.3302778    
      193868  0.3365612    
      193869  0.3427981    
      193870  0.3490124    
      193871  0.3552147    
      193872  0.3614108    
      193873  0.3676054    
      193874  0.3738050    
      193875  0.3800187    
      193876  0.3862585    
      193877  0.3925396    
      193878  0.3988776    
      193879  0.4052854    
      193880  0.4117728    
      193881  0.4183455    
      193882  0.4250043    
      193883  0.4317480    
      193884  0.4385752    
      193885  0.4454834    
      193886  0.4524692    
      193887  0.4595292    
      193888  0.4666612    
      193889  0.4738622    
      193890  0.4811282    
      193891  0.4884542    
      193892  0.4958335    
      193893  0.5032588    
      193894  0.5107254    
      193895  0.5182325    
      193896  0.5257810    
      193897  0.5333704    
      193898  0.5410004    
      193899  0.5486708    
      193900  0.5563811    
      193901  0.5641298    
      193902  0.5719147    
      193903  0.5797336    
      193904  0.5875837    
      193905  0.5954622    
      193906  0.6033664    
      193907  0.6112941    
      193908  0.6192430    
      193909  0.6272112    
      193910  0.6351969    
      193911  0.6431985    
      193912  0.6512144    
      193913  0.6592435    
      193914  0.6672846    
      193915  0.6753367    
      193916  0.6833986    
      193917  0.6914696    
      193918  0.6995490    
      193919  0.7076359    
      193920  0.7157300    
      193921  0.7238302    
      193922  0.7319365    
      193923  0.7400481    
      193924  0.7481648    
      193925  0.7562859    
      193926  0.7644113    
      193927  0.7725406    
      193928  0.7806736    
      193929  0.7888098    
      193930  0.7969491    
      193931  0.8050911    
      193932  0.8132359    
      193933  0.8213830    
      193934  0.8295323    
      193935  0.8376837    
      193936  0.8458370    
      193937  0.8539921    
      193938  0.8621488    
      193939  0.8703068    
      193940  0.8784662    
      193941  0.8866271    
      193942  0.8947889    
      193943  0.9029518    
      193944  0.9111156    
      193945  0.9192803    
      193946  0.9274458    
      193947  0.9356120    
      193948  0.9437788    
      193949  0.9519461    
      193950  0.9601139    
      193951  0.9682822    
      193952  0.9764508    
      193953  0.9846197    
      193954  0.9927889    
      193955   1.000958    
      193956   1.009128    
      193957   1.017298    
      193958   1.025467    
      193959   1.033637    
      193960   1.041807    
      193961   1.049977    
      193962   1.058146    
      193963   1.066316    
      193964   1.074486    
      193965   1.082655    
      193966   1.090824    
      193967   1.098993    
      193968   1.107161    
      193969   1.115329    
      193970   1.123497    
      193971   1.131665    
      193972   1.139832    
      193973   1.147998    
      193974   1.156164    
      193975   1.164330    
      193976   1.172495    
      193977   1.180659    
      193978   1.188823    
      193979   1.196986    
      193980   1.205149    
      193981   1.213310    
