      127401   1.753701    
      127402   1.745632    
      127403   1.737563    
      127404   1.729496    
      127405   1.721429    
      127406   1.713364    
      127407   1.705299    
      127408   1.697236    
      127409   1.689175    
      127410   1.681114    
      127411   1.673055    
      127412   1.664998    
      127413   1.656942    
      127414   1.648889    
      127415   1.640837    
      127416   1.632787    
      127417   1.624740    
      127418   1.616695    
      127419   1.608652    
      127420   1.600613    
      127421   1.592576    
      127422   1.584542    
      127423   1.576512    
      127424   1.568485    
      127425   1.560462    
      127426   1.552443    
      127427   1.544428    
      127428   1.536418    
      127429   1.528412    
      127430   1.520411    
      127431   1.512416    
      127432   1.504427    
      127433   1.496443    
      127434   1.488466    
      127435   1.480496    
      127436   1.472533    
      127437   1.464579    
      127438   1.456632    
      127439   1.448694    
      127440   1.440767    
      127441   1.432849    
      127442   1.424942    
      127443   1.417047    
      127444   1.409164    
      127445   1.401295    
      127446   1.393440    
      127447   1.385602    
      127448   1.377780    
      127449   1.369976    
      127450   1.362193    
      127451   1.354430    
      127452   1.346692    
      127453   1.338978    
      127454   1.331292    
      127455   1.323635    
      127456   1.316013    
      127457   1.308426    
      127458   1.300880    
      127459   1.293380    
      127460   1.285931    
      127461   1.278538    
      127462   1.271205    
      127463   1.263931    
      127464   1.256715    
      127465   1.249555    
      127466   1.242447    
      127467   1.235387    
      127468   1.228372    
      127469   1.221395    
      127470   1.214453    
      127471   1.207542    
      127472   1.200662    
      127473   1.193815    
      127474   1.187003    
      127475   1.180230    
      127476   1.173501    
      127477   1.166821    
      127478   1.160195    
      127479   1.153627    
      127480   1.147120    
      127481   1.140675    
      127482   1.134292    
      127483   1.127967    
      127484   1.121697    
      127485   1.115476    
      127486   1.109293    
      127487   1.103131    
      127488   1.096957    
      127489   1.090712    
      127490   1.084295    
      127491   1.077550    
      127492   1.070343    
      127493   1.062735    
      127494   1.054891    
      127495   1.046930    
      127496   1.038915    
      127497   1.030876    
      127498   1.022825    
      127499   1.014768    
      127500   1.006710    
      127501  0.9986498    
      127502  0.9905898    
      127503  0.9825302    
      127504  0.9744717    
      127505  0.9664147    
      127506  0.9583595    
      127507  0.9503065    
      127508  0.9422565    
      127509  0.9342095    
      127510  0.9261662    
      127511  0.9181268    
      127512  0.9100919    
      127513  0.9020619    
      127514  0.8940372    
      127515  0.8860182    
      127516  0.8780054    
      127517  0.8699993    
      127518  0.8620002    
      127519  0.8540088    
      127520  0.8460256    
      127521  0.8380511    
      127522  0.8300860    
      127523  0.8221310    
      127524  0.8141870    
      127525  0.8062549    
      127526  0.7983352    
      127527  0.7904292    
      127528  0.7825382    
      127529  0.7746632    
      127530  0.7668056    
      127531  0.7589672    
      127532  0.7511494    
      127533  0.7433543    
      127534  0.7355838    
      127535  0.7278401    
      127536  0.7201260    
      127537  0.7124447    
      127538  0.7047994    
      127539  0.6971946    
      127540  0.6896352    
      127541  0.6821266    
      127542  0.6746753    
      127543  0.6672869    
      127544  0.6599646    
      127545  0.6527082    
      127546  0.6455162    
      127547  0.6383848    
      127548  0.6313047    
      127549  0.6242553    
      127550  0.6171991    
      127551  0.6100706    
      127552  0.6027759    
      127553  0.5952380    
      127554  0.5874808    
      127555  0.5795889    
      127556  0.5716267    
      127557  0.5636300    
      127558  0.5556173    
      127559  0.5475975    
      127560  0.5395753    
      127561  0.5315532    
      127562  0.5235328    
      127563  0.5155151    
      127564  0.5075011    
      127565  0.4994916    
      127566  0.4914874    
      127567  0.4834898    
      127568  0.4754996    
      127569  0.4675185    
      127570  0.4595478    
      127571  0.4515887    
      127572  0.4436429    
      127573  0.4357118    
      127574  0.4277969    
      127575  0.4199000    
      127576  0.4120230    
      127577  0.4041680    
      127578  0.3963372    
      127579  0.3885335    
      127580  0.3807598    
      127581  0.3730195    
      127582  0.3653166    
      127583  0.3576561    
      127584  0.3500436    
      127585  0.3424862    
      127586  0.3349918    
      127587  0.3275687    
      127588  0.3202230    
      127589  0.3129574    
      127590  0.3057715    
      127591  0.2986614    
      127592  0.2916153    
      127593  0.2846097    
      127594  0.2775996    
      127595  0.2705043    
      127596  0.2632105    
      127597  0.2556208    
      127598  0.2477566    
      127599  0.2397133    
      127600  0.2315698    
      127601  0.2233731    
      127602  0.2151498    
      127603  0.2069137    
      127604  0.1986715    
      127605  0.1904262    
      127606  0.1821792    
      127607  0.1739310    
      127608  0.1656816    
      127609  0.1574311    
      127610  0.1491790    
      127611  0.1409252    
      127612  0.1326692    
      127613  0.1244109    
      127614  0.1161506    
      127615  0.1078887    
      127616  9.9625893E-02
      127617  9.1363035E-02
      127618  8.3101317E-02
      127619  7.4842513E-02
      127620  6.6589564E-02
      127621  5.8347888E-02
      127622  5.0128400E-02
      127623  4.1955005E-02
      127624  3.3883244E-02
      127625  2.6047084E-02
      127626  1.8774156E-02
      127627  1.2862412E-02
      127628  1.0157260E-02
      127629  1.2862539E-02
      127630  1.8774483E-02
      127631  2.6047738E-02
      127632  3.3884410E-02
      127633  4.1956950E-02
      127634  5.0131530E-02
      127635  5.8352791E-02
      127636  6.6597104E-02
      127637  7.4853905E-02
      127638  8.3118133E-02
      127639  9.1387197E-02
      127640  9.9659599E-02
      127641  0.1079344    
      127642  0.1162110    
      127643  0.1244890    
      127644  0.1327680    
      127645  0.1410478    
      127646  0.1493281    
      127647  0.1576087    
      127648  0.1658897    
      127649  0.1741707    
      127650  0.1824518    
      127651  0.1907328    
      127652  0.1990139    
      127653  0.2072948    
      127654  0.2155756    
      127655  0.2238562    
      127656  0.2321368    
      127657  0.2404172    
      127658  0.2486975    
      127659  0.2569776    
      127660  0.2652577    
      127661  0.2735376    
      127662  0.2818175    
      127663  0.2900973    
      127664  0.2983770    
      127665  0.3066568    
      127666  0.3149365    
      127667  0.3232162    
      127668  0.3314958    
      127669  0.3397755    
      127670  0.3480551    
      127671  0.3563346    
      127672  0.3646140    
      127673  0.3728932    
      127674  0.3811723    
      127675  0.3894511    
      127676  0.3977293    
      127677  0.4060065    
      127678  0.4142817    
      127679  0.4225534    
      127680  0.4308184    
      127681  0.4390705    
      127682  0.4472983    
      127683  0.4554802    
      127684  0.4635783    
      127685  0.4715269    
      127686  0.4792385    
      127687  0.4866728    
      127688  0.4938958    
      127689  0.5009971    
      127690  0.5080450    
      127691  0.5150830    
      127692  0.5221360    
      127693  0.5292205    
      127694  0.5363468    
      127695  0.5435200    
      127696  0.5507427    
      127697  0.5580148    
      127698  0.5653323    
      127699  0.5726888    
      127700  0.5800784    
      127701  0.5874957    
      127702  0.5949354    
      127703  0.6023906    
      127704  0.6098526    
      127705  0.6173086    
      127706  0.6247413    
      127707  0.6321256    
      127708  0.6394252    
      127709  0.6465874    
      127710  0.6535356    
      127711  0.6601688    
      127712  0.6663938    
      127713  0.6722022    
      127714  0.6776882    
      127715  0.6829797    
      127716  0.6881925    
      127717  0.6934185    
      127718  0.6987241    
      127719  0.7041491    
      127720  0.7097133    
      127721  0.7154239    
      127722  0.7212802    
      127723  0.7272759    
      127724  0.7334008    
      127725  0.7396454    
      127726  0.7460030    
      127727  0.7524660    
      127728  0.7590266    
      127729  0.7656780    
      127730  0.7724153    
      127731  0.7792349    
      127732  0.7861338    
      127733  0.7931099    
      127734  0.8001617    
      127735  0.8072886    
      127736  0.8144912    
      127737  0.8217720    
      127738  0.8291344    
      127739  0.8365787    
      127740  0.8440987    
      127741  0.8516846    
      127742  0.8593284    
      127743  0.8670252    
      127744  0.8747702    
      127745  0.8825594    
      127746  0.8903887    
      127747  0.8982538    
      127748  0.9061508    
      127749  0.9140761    
      127750  0.9220266    
      127751  0.9299995    
      127752  0.9379923    
      127753  0.9460031    
      127754  0.9540296    
      127755  0.9620705    
      127756  0.9701241    
      127757  0.9781892    
      127758  0.9862647    
      127759  0.9943495    
      127760   1.002443    
      127761   1.010544    
      127762   1.018651    
      127763   1.026765    
      127764   1.034885    
      127765   1.043009    
      127766   1.051136    
      127767   1.059268    
      127768   1.067401    
      127769   1.075536    
      127770   1.083669    
      127771   1.091800    
      127772   1.099925    
      127773   1.108039    
      127774   1.116136    
      127775   1.124204    
      127776   1.132231    
      127777   1.140193    
      127778   1.148064    
      127779   1.155809    
      127780   1.163388    
      127781   1.170754    
      127782   1.177869    
      127783   1.184717    
      127784   1.191322    
      127785   1.197747    
      127786   1.204058    
      127787   1.210304    
      127788   1.216516    
      127789   1.222710    
      127790   1.228894    
      127791   1.235073    
      127792   1.241250    
      127793   1.247428    
      127794   1.253614    
      127795   1.259815    
      127796   1.266042    
      127797   1.272309    
      127798   1.278630    
      127799   1.285014    
      127800   1.291471    
      127801   1.298006    
      127802   1.304623    
      127803   1.311323    
      127804   1.318106    
      127805   1.324969    
      127806   1.331910    
      127807   1.338924    
      127808   1.346009    
      127809   1.353161    
      127810   1.360380    
      127811   1.367668    
      127812   1.375024    
      127813   1.382450    
      127814   1.389944    
      127815   1.397500    
      127816   1.405114    
      127817   1.412780    
      127818   1.420495    
      127819   1.428256    
      127820   1.436059    
      127821   1.443900    
      127822   1.451777    
      127823   1.459684    
      127824   1.467620    
      127825   1.475581    
      127826   1.483564    
      127827   1.491567    
      127828   1.499588    
      127829   1.507625    
      127830   1.515676    
      127831   1.523740    
      127832   1.531815    
      127833   1.539901    
      127834   1.547996    
      127835   1.556099    
      127836   1.564210    
      127837   1.572329    
      127838   1.580453    
      127839   1.588584    
      127840   1.596720    
      127841   1.604860    
      127842   1.613005    
      127843   1.621154    
      127844   1.629307    
      127845   1.637463    
      127846   1.645622    
      127847   1.653785    
      127848   1.661950    
      127849   1.670117    
      127850   1.678286    
      127851   1.686458    
      127852   1.694631    
      127853   1.702807    
      127854   1.710983    
      127855   1.719162    
      127856   1.727341    
      127857   1.735522    
      127858   1.743703    
      127859   1.751886    
      127860   1.760070    
      127861   1.768254    
      127862   1.776440    
      127863   1.784625    
      127864   1.792812    
      127865   1.800999    
      127866   1.809186    
      127867   1.817374    
      127868   1.825563    
      127869   1.833752    
      127870   1.841941    
      127871   1.850130    
      127872   1.858320    
      127873   1.866510    
      127874   1.874700    
      127875   1.882890    
      127876   1.891081    
      127877   1.899271    
      127878   1.907462    
      127879   1.915653    
      127880   1.923844    
      127881   1.932035    
      127882   1.940226    
      127883   1.948417    
      127884   1.956608    
      127885   1.964799    
      127886   1.972991    
      127887   1.981182    
      127888   1.989373    
      127889   1.997564    
      127890   2.005756    
      127891   2.013947    
      127892   2.022138    
      127893   2.030329    
      127894   2.038521    
      127895   2.046712    
      127896   2.054903    
      127897   2.063095    
      127898   2.071286    
      127899   2.079477    
      127900   2.087668    
      127901   2.095859    
