      226084   2.090129    
      226085   2.082187    
      226086   2.074258    
      226087   2.066342    
      226088   2.058440    
      226089   2.050554    
      226090   2.042686    
      226091   2.034836    
      226092   2.027007    
      226093   2.019200    
      226094   2.011417    
      226095   2.003661    
      226096   1.995935    
      226097   1.988241    
      226098   1.980583    
      226099   1.972965    
      226100   1.965392    
      226101   1.957869    
      226102   1.950402    
      226103   1.942999    
      226104   1.935661    
      226105   1.928391    
      226106   1.921185    
      226107   1.914040    
      226108   1.906948    
      226109   1.899890    
      226110   1.892832    
      226111   1.885712    
      226112   1.878439    
      226113   1.870933    
      226114   1.863202    
      226115   1.855328    
      226116   1.847378    
      226117   1.839390    
      226118   1.831385    
      226119   1.823371    
      226120   1.815355    
      226121   1.807338    
      226122   1.799324    
      226123   1.791312    
      226124   1.783303    
      226125   1.775300    
      226126   1.767302    
      226127   1.759310    
      226128   1.751326    
      226129   1.743352    
      226130   1.735388    
      226131   1.727436    
      226132   1.719497    
      226133   1.711574    
      226134   1.703668    
      226135   1.695780    
      226136   1.687912    
      226137   1.680067    
      226138   1.672248    
      226139   1.664456    
      226140   1.656696    
      226141   1.648970    
      226142   1.641284    
      226143   1.633642    
      226144   1.626052    
      226145   1.618520    
      226146   1.611055    
      226147   1.603667    
      226148   1.596362    
      226149   1.589142    
      226150   1.582011    
      226151   1.574974    
      226152   1.568038    
      226153   1.561206    
      226154   1.554484    
      226155   1.547873    
      226156   1.541372    
      226157   1.534976    
      226158   1.528680    
      226159   1.522480    
      226160   1.516369    
      226161   1.510337    
      226162   1.504376    
      226163   1.498479    
      226164   1.492634    
      226165   1.486823    
      226166   1.481002    
      226167   1.475085    
      226168   1.468927    
      226169   1.462361    
      226170   1.455350    
      226171   1.448022    
      226172   1.440515    
      226173   1.432913    
      226174   1.425260    
      226175   1.417583    
      226176   1.409894    
      226177   1.402204    
      226178   1.394519    
      226179   1.386842    
      226180   1.379180    
      226181   1.371535    
      226182   1.363911    
      226183   1.356310    
      226184   1.348737    
      226185   1.341193    
      226186   1.333683    
      226187   1.326212    
      226188   1.318783    
      226189   1.311402    
      226190   1.304074    
      226191   1.296801    
      226192   1.289586    
      226193   1.282431    
      226194   1.275337    
      226195   1.268308    
      226196   1.261347    
      226197   1.254459    
      226198   1.247646    
      226199   1.240914    
      226200   1.234264    
      226201   1.227701    
      226202   1.221225    
      226203   1.214836    
      226204   1.208533    
      226205   1.202315    
      226206   1.196169    
      226207   1.190059    
      226208   1.183914    
      226209   1.177599    
      226210   1.170899    
      226211   1.163643    
      226212   1.155942    
      226213   1.147995    
      226214   1.139930    
      226215   1.131813    
      226216   1.123674    
      226217   1.115526    
      226218   1.107375    
      226219   1.099224    
      226220   1.091074    
      226221   1.082924    
      226222   1.074776    
      226223   1.066630    
      226224   1.058486    
      226225   1.050344    
      226226   1.042204    
      226227   1.034067    
      226228   1.025933    
      226229   1.017802    
      226230   1.009674    
      226231   1.001550    
      226232  0.9934306    
      226233  0.9853154    
      226234  0.9772050    
      226235  0.9691000    
      226236  0.9610009    
      226237  0.9529082    
      226238  0.9448225    
      226239  0.9367446    
      226240  0.9286749    
      226241  0.9206145    
      226242  0.9125642    
      226243  0.9045250    
      226244  0.8964980    
      226245  0.8884845    
      226246  0.8804857    
      226247  0.8725033    
      226248  0.8645391    
      226249  0.8565948    
      226250  0.8486725    
      226251  0.8407745    
      226252  0.8329036    
      226253  0.8250623    
      226254  0.8172534    
      226255  0.8094801    
      226256  0.8017453    
      226257  0.7940522    
      226258  0.7864041    
      226259  0.7788047    
      226260  0.7712571    
      226261  0.7637647    
      226262  0.7563300    
      226263  0.7489548    
      226264  0.7416404    
      226265  0.7343889    
      226266  0.7272034    
      226267  0.7200877    
      226268  0.7130476    
      226269  0.7060910    
      226270  0.6992279    
      226271  0.6924697    
      226272  0.6858296    
      226273  0.6793206    
      226274  0.6729532    
      226275  0.6667327    
      226276  0.6606557    
      226277  0.6547134    
      226278  0.6488873    
      226279  0.6431514    
      226280  0.6374720    
      226281  0.6318039    
      226282  0.6260841    
      226283  0.6202196    
      226284  0.6140820    
      226285  0.6075256    
      226286  0.6004992    
      226287  0.5930854    
      226288  0.5854076    
      226289  0.5775632    
      226290  0.5696128    
      226291  0.5615913    
      226292  0.5535194    
      226293  0.5454100    
      226294  0.5372721    
      226295  0.5291128    
      226296  0.5209384    
      226297  0.5127537    
      226298  0.5045625    
      226299  0.4963672    
      226300  0.4881694    
      226301  0.4799706    
      226302  0.4717716    
      226303  0.4635730    
      226304  0.4553754    
      226305  0.4471793    
      226306  0.4389848    
      226307  0.4307925    
      226308  0.4226025    
      226309  0.4144153    
      226310  0.4062311    
      226311  0.3980504    
      226312  0.3898736    
      226313  0.3817012    
      226314  0.3735337    
      226315  0.3653717    
      226316  0.3572159    
      226317  0.3490671    
      226318  0.3409263    
      226319  0.3327945    
      226320  0.3246729    
      226321  0.3165632    
      226322  0.3084669    
      226323  0.3003863    
      226324  0.2923239    
      226325  0.2842826    
      226326  0.2762661    
      226327  0.2682790    
      226328  0.2603266    
      226329  0.2524158    
      226330  0.2445549    
      226331  0.2367543    
      226332  0.2290260    
      226333  0.2213838    
      226334  0.2138418    
      226335  0.2064139    
      226336  0.1991114    
      226337  0.1919426    
      226338  0.1849123    
      226339  0.1780202    
      226340  0.1712599    
      226341  0.1646205    
      226342  0.1580858    
      226343  0.1516359    
      226344  0.1452479    
      226345  0.1388985    
      226346  0.1325664    
      226347  0.1262313    
      226348  0.1198717    
      226349  0.1134595    
      226350  0.1069551    
      226351  0.1003068    
      226352  9.3457237E-02
      226353  8.6368345E-02
      226354  7.9043493E-02
      226355  7.1532339E-02
      226356  6.3901879E-02
      226357  5.6197979E-02
      226358  4.8446216E-02
      226359  4.0675066E-02
      226360  3.2942589E-02
      226361  2.5386719E-02
      226362  1.8337820E-02
      226363  1.2590747E-02
      226364  9.9710245E-03
      226365  1.2664099E-02
      226366  1.8520299E-02
      226367  2.5729802E-02
      226368  3.3508021E-02
      226369  4.1531436E-02
      226370  4.9666911E-02
      226371  5.7858445E-02
      226372  6.6081084E-02
      226373  7.4322477E-02
      226374  8.2575850E-02
      226375  9.0837173E-02
      226376  9.9103913E-02
      226377  0.1073744    
      226378  0.1156476    
      226379  0.1239227    
      226380  0.1321991    
      226381  0.1404766    
      226382  0.1487548    
      226383  0.1570336    
      226384  0.1653128    
      226385  0.1735923    
      226386  0.1818720    
      226387  0.1901519    
      226388  0.1984320    
      226389  0.2067122    
      226390  0.2149924    
      226391  0.2232727    
      226392  0.2315530    
      226393  0.2398334    
      226394  0.2481137    
      226395  0.2563941    
      226396  0.2646745    
      226397  0.2729548    
      226398  0.2812350    
      226399  0.2895153    
      226400  0.2977955    
      226401  0.3060756    
      226402  0.3143557    
      226403  0.3226357    
      226404  0.3309157    
      226405  0.3391955    
      226406  0.3474753    
      226407  0.3557549    
      226408  0.3640345    
      226409  0.3723140    
      226410  0.3805933    
      226411  0.3888726    
      226412  0.3971516    
      226413  0.4054306    
      226414  0.4137095    
      226415  0.4219882    
      226416  0.4302667    
      226417  0.4385452    
      226418  0.4468234    
      226419  0.4551015    
      226420  0.4633794    
      226421  0.4716572    
      226422  0.4799348    
      226423  0.4882121    
      226424  0.4964893    
      226425  0.5047662    
      226426  0.5130428    
      226427  0.5213187    
      226428  0.5295932    
      226429  0.5378652    
      226430  0.5461347    
      226431  0.5544017    
      226432  0.5626665    
      226433  0.5709292    
      226434  0.5791899    
      226435  0.5874487    
      226436  0.5957059    
      226437  0.6039613    
      226438  0.6122152    
      226439  0.6204675    
      226440  0.6287184    
      226441  0.6369677    
      226442  0.6452156    
      226443  0.6534621    
      226444  0.6617072    
      226445  0.6699508    
      226446  0.6781932    
      226447  0.6864341    
      226448  0.6946737    
      226449  0.7029120    
      226450  0.7111490    
      226451  0.7193846    
      226452  0.7276188    
      226453  0.7358516    
      226454  0.7440832    
      226455  0.7523134    
      226456  0.7605422    
      226457  0.7687696    
      226458  0.7769955    
      226459  0.7852201    
      226460  0.7934433    
      226461  0.8016651    
