       40601  0.5963559    
       40602  0.5880940    
       40603  0.5798300    
       40604  0.5715640    
       40605  0.5632956    
       40606  0.5550248    
       40607  0.5467514    
       40608  0.5384759    
       40609  0.5301995    
       40610  0.5219228    
       40611  0.5136456    
       40612  0.5053682    
       40613  0.4970907    
       40614  0.4888130    
       40615  0.4805350    
       40616  0.4722570    
       40617  0.4639788    
       40618  0.4557003    
       40619  0.4474218    
       40620  0.4391431    
       40621  0.4308643    
       40622  0.4225853    
       40623  0.4143062    
       40624  0.4060270    
       40625  0.3977476    
       40626  0.3894681    
       40627  0.3811885    
       40628  0.3729088    
       40629  0.3646290    
       40630  0.3563490    
       40631  0.3480690    
       40632  0.3397889    
       40633  0.3315087    
       40634  0.3232284    
       40635  0.3149480    
       40636  0.3066675    
       40637  0.2983869    
       40638  0.2901063    
       40639  0.2818255    
       40640  0.2735448    
       40641  0.2652639    
       40642  0.2569830    
       40643  0.2487020    
       40644  0.2404209    
       40645  0.2321398    
       40646  0.2238586    
       40647  0.2155774    
       40648  0.2072961    
       40649  0.1990148    
       40650  0.1907335    
       40651  0.1824522    
       40652  0.1741710    
       40653  0.1658899    
       40654  0.1576089    
       40655  0.1493282    
       40656  0.1410479    
       40657  0.1327681    
       40658  0.1244891    
       40659  0.1162111    
       40660  0.1079345    
       40661  9.9659659E-02
       40662  9.1387257E-02
       40663  8.3118200E-02
       40664  7.4853957E-02
       40665  6.6597164E-02
       40666  5.8352843E-02
       40667  5.0131582E-02
       40668  4.1957002E-02
       40669  3.3884458E-02
       40670  2.6047781E-02
       40671  1.8774521E-02
       40672  1.2862571E-02
       40673  1.0157295E-02
       40674  1.2862466E-02
       40675  1.8774260E-02
       40676  2.6047280E-02
       40677  3.3883594E-02
       40678  4.1955620E-02
       40679  5.0129507E-02
       40680  5.8349911E-02
       40681  6.6593207E-02
       40682  7.4848823E-02
       40683  8.3111733E-02
       40684  9.1379300E-02
       40685  9.9650003E-02
       40686  0.1079229    
       40687  0.1161973    
       40688  0.1244727    
       40689  0.1327487    
       40690  0.1410252    
       40691  0.1493018    
       40692  0.1575785    
       40693  0.1658552    
       40694  0.1741319    
       40695  0.1824085    
       40696  0.1906851    
       40697  0.1989617    
       40698  0.2072382    
       40699  0.2155148    
       40700  0.2237914    
       40701  0.2320682    
       40702  0.2403452    
       40703  0.2486222    
       40704  0.2568993    
       40705  0.2651761    
       40706  0.2734525    
       40707  0.2817275    
       40708  0.2900000    
       40709  0.2982674    
       40710  0.3065250    
       40711  0.3147644    
       40712  0.3229703    
       40713  0.3311155    
       40714  0.3391549    
       40715  0.3470201    
       40716  0.3546386    
       40717  0.3620253    
       40718  0.3692666    
       40719  0.3764431    
       40720  0.3836108    
       40721  0.3908026    
       40722  0.3980394    
       40723  0.4053360    
       40724  0.4126983    
       40725  0.4201224    
       40726  0.4276009    
       40727  0.4351278    
       40728  0.4426981    
       40729  0.4503080    
       40730  0.4579539    
       40731  0.4656328    
       40732  0.4733419    
       40733  0.4810788    
       40734  0.4888411    
       40735  0.4966267    
       40736  0.5044340    
       40737  0.5122611    
       40738  0.5201066    
       40739  0.5279691    
       40740  0.5358472    
       40741  0.5437397    
       40742  0.5516456    
       40743  0.5595639    
       40744  0.5674938    
       40745  0.5754343    
       40746  0.5833849    
       40747  0.5913447    
       40748  0.5993133    
       40749  0.6072899    
       40750  0.6152739    
       40751  0.6232648    
       40752  0.6312622    
       40753  0.6392653    
       40754  0.6472735    
       40755  0.6552862    
       40756  0.6633025    
       40757  0.6713217    
       40758  0.6793433    
       40759  0.6873664    
       40760  0.6953902    
       40761  0.7034141    
       40762  0.7114372    
       40763  0.7194582    
       40764  0.7274755    
       40765  0.7354857    
       40766  0.7434821    
       40767  0.7514510    
       40768  0.7593638    
       40769  0.7671646    
       40770  0.7747613    
       40771  0.7820722    
       40772  0.7891294    
       40773  0.7960493    
       40774  0.8029311    
       40775  0.8098346    
       40776  0.8167924    
       40777  0.8238202    
       40778  0.8309249    
       40779  0.8381095    
       40780  0.8453766    
       40781  0.8527256    
       40782  0.8601485    
       40783  0.8676335    
       40784  0.8751713    
       40785  0.8827557    
       40786  0.8903821    
       40787  0.8980464    
       40788  0.9057453    
       40789  0.9134753    
       40790  0.9212337    
       40791  0.9290177    
       40792  0.9368250    
       40793  0.9446531    
       40794  0.9524994    
       40795  0.9603615    
       40796  0.9682367    
       40797  0.9761218    
       40798  0.9840137    
       40799  0.9919083    
       40800  0.9998020    
       40801   1.007690    
       40802   1.015566    
       40803   1.023420    
       40804   1.031235    
       40805   1.038979    
       40806   1.046588    
       40807   1.053959    
       40808   1.060972    
       40809   1.067605    
       40810   1.073976    
       40811   1.080214    
       40812   1.086407    
       40813   1.092608    
       40814   1.098843    
       40815   1.105130    
       40816   1.111479    
       40817   1.117897    
       40818   1.124390    
       40819   1.130964    
       40820   1.137619    
       40821   1.144356    
       40822   1.151172    
       40823   1.158064    
       40824   1.165028    
       40825   1.172063    
       40826   1.179167    
       40827   1.186339    
       40828   1.193581    
       40829   1.200894    
       40830   1.208278    
       40831   1.215726    
       40832   1.223229    
       40833   1.230780    
       40834   1.238376    
       40835   1.246014    
       40836   1.253689    
       40837   1.261399    
       40838   1.269142    
       40839   1.276915    
       40840   1.284715    
       40841   1.292541    
       40842   1.300390    
       40843   1.308259    
       40844   1.316149    
       40845   1.324055    
       40846   1.331979    
       40847   1.339916    
       40848   1.347868    
       40849   1.355833    
       40850   1.363809    
       40851   1.371795    
       40852   1.379792    
       40853   1.387798    
       40854   1.395812    
       40855   1.403834    
       40856   1.411863    
       40857   1.419898    
       40858   1.427940    
       40859   1.435987    
       40860   1.444038    
       40861   1.452095    
       40862   1.460156    
       40863   1.468220    
       40864   1.476288    
       40865   1.484359    
       40866   1.492433    
       40867   1.500510    
       40868   1.508588    
       40869   1.516668    
       40870   1.524750    
       40871   1.532832    
       40872   1.540915    
       40873   1.548999    
       40874   1.557081    
       40875   1.565162    
       40876   1.573241    
       40877   1.581315    
       40878   1.589381    
       40879   1.597436    
       40880   1.605471    
       40881   1.613474    
       40882   1.621430    
       40883   1.629331    
       40884   1.637181    
       40885   1.644991    
       40886   1.652762    
       40887   1.660484    
       40888   1.668117    
       40889   1.675601    
       40890   1.682904    
       40891   1.690077    
       40892   1.697193    
       40893   1.704302    
       40894   1.711437    
       40895   1.718613    
       40896   1.725838    
       40897   1.733113    
       40898   1.740434    
       40899   1.747795    
       40900   1.755191    
       40901   1.762615    
       40902   1.770062    
       40903   1.777526    
       40904   1.784996    
       40905   1.792462    
       40906   1.799906    
       40907   1.807302    
       40908   1.814617    
       40909   1.821797    
       40910   1.828766    
       40911   1.835424    
       40912   1.841674    
       40913   1.847503    
       40914   1.853003    
       40915   1.858303    
       40916   1.863521    
       40917   1.868752    
       40918   1.874062    
       40919   1.879489    
       40920   1.885052    
       40921   1.890761    
       40922   1.896616    
       40923   1.902611    
       40924   1.908736    
       40925   1.914981    
       40926   1.921338    
       40927   1.927802    
       40928   1.934362    
       40929   1.941014    
       40930   1.947751    
       40931   1.954571    
       40932   1.961470    
       40933   1.968446    
       40934   1.975497    
       40935   1.982625    
       40936   1.989827    
       40937   1.997108    
       40938   2.004470    
       40939   2.011914    
       40940   2.019434    
       40941   2.027020    
       40942   2.034664    
       40943   2.042361    
       40944   2.050106    
       40945   2.057895    
       40946   2.065724    
       40947   2.073589    
       40948   2.081485    
       40949   2.089409    
       40950   2.097356    
       40951   2.105318    
       40952   2.113283    
       40953   2.121218    
