      183448   2.100152    
      183449   2.092308    
      183450   2.084482    
      183451   2.076674    
      183452   2.068888    
      183453   2.061123    
      183454   2.053383    
      183455   2.045669    
      183456   2.037982    
      183457   2.030326    
      183458   2.022701    
      183459   2.015111    
      183460   2.007556    
      183461   2.000040    
      183462   1.992564    
      183463   1.985131    
      183464   1.977744    
      183465   1.970406    
      183466   1.963117    
      183467   1.955878    
      183468   1.948687    
      183469   1.941543    
      183470   1.934445    
      183471   1.927392    
      183472   1.920386    
      183473   1.913426    
      183474   1.906514    
      183475   1.899651    
      183476   1.892839    
      183477   1.886081    
      183478   1.879378    
      183479   1.872733    
      183480   1.866145    
      183481   1.859615    
      183482   1.853138    
      183483   1.846709    
      183484   1.840323    
      183485   1.833971    
      183486   1.827641    
      183487   1.821307    
      183488   1.814920    
      183489   1.808395    
      183490   1.801598    
      183491   1.794396    
      183492   1.786807    
      183493   1.778976    
      183494   1.771021    
      183495   1.763008    
      183496   1.754967    
      183497   1.746913    
      183498   1.738853    
      183499   1.730789    
      183500   1.722723    
      183501   1.714657    
      183502   1.706591    
      183503   1.698525    
      183504   1.690460    
      183505   1.682397    
      183506   1.674335    
      183507   1.666276    
      183508   1.658220    
      183509   1.650166    
      183510   1.642116    
      183511   1.634070    
      183512   1.626028    
      183513   1.617990    
      183514   1.609958    
      183515   1.601932    
      183516   1.593912    
      183517   1.585898    
      183518   1.577891    
      183519   1.569891    
      183520   1.561899    
      183521   1.553916    
      183522   1.545943    
      183523   1.537979    
      183524   1.530025    
      183525   1.522083    
      183526   1.514154    
      183527   1.506238    
      183528   1.498336    
      183529   1.490451    
      183530   1.482582    
      183531   1.474733    
      183532   1.466903    
      183533   1.459096    
      183534   1.451314    
      183535   1.443558    
      183536   1.435832    
      183537   1.428138    
      183538   1.420480    
      183539   1.412862    
      183540   1.405288    
      183541   1.397766    
      183542   1.390299    
      183543   1.382896    
      183544   1.375558    
      183545   1.368287    
      183546   1.361081    
      183547   1.353937    
      183548   1.346845    
      183549   1.339787    
      183550   1.332728    
      183551   1.325608    
      183552   1.318336    
      183553   1.310830    
      183554   1.303099    
      183555   1.295225    
      183556   1.287274    
      183557   1.279287    
      183558   1.271281    
      183559   1.263268    
      183560   1.255252    
      183561   1.247236    
      183562   1.239221    
      183563   1.231209    
      183564   1.223201    
      183565   1.215197    
      183566   1.207199    
      183567   1.199207    
      183568   1.191223    
      183569   1.183249    
      183570   1.175285    
      183571   1.167333    
      183572   1.159395    
      183573   1.151471    
      183574   1.143565    
      183575   1.135677    
      183576   1.127810    
      183577   1.119965    
      183578   1.112145    
      183579   1.104354    
      183580   1.096593    
      183581   1.088868    
      183582   1.081182    
      183583   1.073540    
      183584   1.065949    
      183585   1.058417    
      183586   1.050953    
      183587   1.043565    
      183588   1.036259    
      183589   1.029039    
      183590   1.021908    
      183591   1.014871    
      183592   1.007934    
      183593   1.001103    
      183594  0.9943806    
      183595  0.9877692    
      183596  0.9812676    
      183597  0.9748714    
      183598  0.9685756    
      183599  0.9623755    
      183600  0.9562637    
      183601  0.9502316    
      183602  0.9442708    
      183603  0.9383731    
      183604  0.9325284    
      183605  0.9267170    
      183606  0.9208964    
      183607  0.9149793    
      183608  0.9088224    
      183609  0.9022566    
      183610  0.8952467    
      183611  0.8879203    
      183612  0.8804134    
      183613  0.8728108    
      183614  0.8651584    
      183615  0.8574808    
      183616  0.8497925    
      183617  0.8421023    
      183618  0.8344168    
      183619  0.8267407    
      183620  0.8190783    
      183621  0.8114332    
      183622  0.8038087    
      183623  0.7962080    
      183624  0.7886342    
      183625  0.7810905    
      183626  0.7735807    
      183627  0.7661090    
      183628  0.7586800    
      183629  0.7512988    
      183630  0.7439700    
      183631  0.7366970    
      183632  0.7294818    
      183633  0.7223260    
      183634  0.7152317    
      183635  0.7082021    
      183636  0.7012408    
      183637  0.6943518    
      183638  0.6875387    
      183639  0.6808054    
      183640  0.6741552    
      183641  0.6675909    
      183642  0.6611140    
      183643  0.6547242    
      183644  0.6484209    
      183645  0.6422024    
      183646  0.6360570    
      183647  0.6299515    
      183648  0.6238158    
      183649  0.6175193    
      183650  0.6108504    
      183651  0.6036286    
      183652  0.5959513    
      183653  0.5880193    
      183654  0.5799656    
      183655  0.5718575    
      183656  0.5637264    
      183657  0.5555862    
      183658  0.5474429    
      183659  0.5392989    
      183660  0.5311555    
      183661  0.5230131    
      183662  0.5148721    
      183663  0.5067328    
      183664  0.4985952    
      183665  0.4904597    
      183666  0.4823265    
      183667  0.4741957    
      183668  0.4660677    
      183669  0.4579427    
      183670  0.4498211    
      183671  0.4417030    
      183672  0.4335889    
      183673  0.4254790    
      183674  0.4173738    
      183675  0.4092737    
      183676  0.4011792    
      183677  0.3930906    
      183678  0.3850086    
      183679  0.3769337    
      183680  0.3688665    
      183681  0.3608078    
      183682  0.3527582    
      183683  0.3447187    
      183684  0.3366900    
      183685  0.3286732    
      183686  0.3206694    
      183687  0.3126797    
      183688  0.3047055    
      183689  0.2967481    
      183690  0.2888091    
      183691  0.2808901    
      183692  0.2729929    
      183693  0.2651195    
      183694  0.2572719    
      183695  0.2494523    
      183696  0.2416626    
      183697  0.2339049    
      183698  0.2261812    
      183699  0.2184935    
      183700  0.2108438    
      183701  0.2032338    
      183702  0.1956649    
      183703  0.1881386    
      183704  0.1806562    
      183705  0.1732192    
      183706  0.1658297    
      183707  0.1584898    
      183708  0.1512022    
      183709  0.1439701    
      183710  0.1367966    
      183711  0.1296820    
      183712  0.1226203    
      183713  0.1155933    
      183714  0.1085675    
      183715  0.1014912    
      183716  9.4304487E-02
      183717  8.6961150E-02
      183718  7.9456925E-02
      183719  7.1829118E-02
      183720  6.4123489E-02
      183721  5.6365348E-02
      183722  4.8570573E-02
      183723  4.0763568E-02
      183724  3.3001665E-02
      183725  2.5423193E-02
      183726  1.8358316E-02
      183727  1.2600940E-02
      183728  9.9754650E-03
      183729  1.2665369E-02
      183730  1.8518964E-02
      183731  2.5726069E-02
      183732  3.3502396E-02
      183733  4.1524895E-02
      183734  4.9660705E-02
      183735  5.7853531E-02
      183736  6.6077635E-02
      183737  7.4320257E-02
      183738  8.2574546E-02
      183739  9.0836525E-02
      183740  9.9103764E-02
      183741  0.1073746    
      183742  0.1156481    
      183743  0.1239234    
      183744  0.1322000    
      183745  0.1404776    
      183746  0.1487559    
      183747  0.1570348    
      183748  0.1653140    
      183749  0.1735936    
      183750  0.1818734    
      183751  0.1901533    
      183752  0.1984334    
      183753  0.2067136    
      183754  0.2149939    
      183755  0.2232742    
      183756  0.2315546    
      183757  0.2398349    
      183758  0.2481152    
      183759  0.2563955    
      183760  0.2646757    
      183761  0.2729558    
      183762  0.2812358    
      183763  0.2895155    
      183764  0.2977950    
      183765  0.3060741    
      183766  0.3143525    
      183767  0.3226300    
      183768  0.3309063    
      183769  0.3391806    
      183770  0.3474522    
      183771  0.3557196    
      183772  0.3639808    
      183773  0.3722330    
      183774  0.3804715    
      183775  0.3886901    
      183776  0.3968790    
      183777  0.4050251    
      183778  0.4131106    
      183779  0.4211128    
      183780  0.4289979    
      183781  0.4367185    
      183782  0.4442138    
      183783  0.4514217    
      183784  0.4583168    
      183785  0.4649293    
      183786  0.4713355    
      183787  0.4776151    
      183788  0.4838275    
      183789  0.4900078    
      183790  0.4961738    
      183791  0.5023347    
      183792  0.5084964    
      183793  0.5146639    
      183794  0.5208433    
      183795  0.5270425    
      183796  0.5332726    
      183797  0.5395471    
      183798  0.5458800    
      183799  0.5522825    
      183800  0.5587623    
      183801  0.5653229    
      183802  0.5719659    
      183803  0.5786928    
      183804  0.5855032    
      183805  0.5923957    
      183806  0.5993676    
      183807  0.6064152    
      183808  0.6135350    
      183809  0.6207252    
      183810  0.6279841    
      183811  0.6353101    
      183812  0.6426998    
      183813  0.6501461    
      183814  0.6576402    
      183815  0.6651744    
      183816  0.6727441    
      183817  0.6803480    
      183818  0.6879870    
      183819  0.6956626    
      183820  0.7033757    
      183821  0.7111257    
      183822  0.7189114    
      183823  0.7267305    
      183824  0.7345806    
      183825  0.7424590    
      183826  0.7503632    
      183827  0.7582908    
      183828  0.7662396    
      183829  0.7742078    
      183830  0.7821934    
      183831  0.7901949    
      183832  0.7982109    
      183833  0.8062400    
      183834  0.8142810    
      183835  0.8223330    
      183836  0.8303949    
      183837  0.8384659    
      183838  0.8465453    
      183839  0.8546324    
      183840  0.8627262    
      183841  0.8708265    
      183842  0.8789328    
      183843  0.8870444    
      183844  0.8951612    
      183845  0.9032824    
      183846  0.9114078    
      183847  0.9195371    
      183848  0.9276700    
      183849  0.9358062    
      183850  0.9439455    
      183851  0.9520876    
      183852  0.9602324    
      183853  0.9683795    
      183854  0.9765289    
      183855  0.9846803    
      183856  0.9928335    
      183857   1.000989    
      183858   1.009145    
      183859   1.017303    
      183860   1.025463    
      183861   1.033623    
      183862   1.041785    
      183863   1.049948    
      183864   1.058112    
      183865   1.066277    
      183866   1.074442    
      183867   1.082608    
      183868   1.090775    
      183869   1.098943    
      183870   1.107110    
      183871   1.115279    
      183872   1.123447    
      183873   1.131616    
      183874   1.139785    
      183875   1.147955    
      183876   1.156124    
      183877   1.164294    
      183878   1.172464    
      183879   1.180634    
      183880   1.188803    
      183881   1.196973    
      183882   1.205143    
      183883   1.213312    
      183884   1.221482    
      183885   1.229651    
      183886   1.237820    
      183887   1.245989    
      183888   1.254158    
      183889   1.262326    
      183890   1.270494    
      183891   1.278661    
      183892   1.286828    
      183893   1.294995    
      183894   1.303161    
      183895   1.311326    
      183896   1.319491    
      183897   1.327656    
      183898   1.335819    
      183899   1.343983    
      183900   1.352145    
      183901   1.360307    
