      208132   2.128176    
      208133   2.120343    
      208134   2.112388    
      208135   2.104375    
      208136   2.096334    
      208137   2.088279    
      208138   2.080219    
      208139   2.072155    
      208140   2.064089    
      208141   2.056023    
      208142   2.047957    
      208143   2.039891    
      208144   2.031826    
      208145   2.023763    
      208146   2.015702    
      208147   2.007642    
      208148   1.999585    
      208149   1.991532    
      208150   1.983482    
      208151   1.975436    
      208152   1.967394    
      208153   1.959357    
      208154   1.951325    
      208155   1.943298    
      208156   1.935278    
      208157   1.927264    
      208158   1.919257    
      208159   1.911257    
      208160   1.903265    
      208161   1.895282    
      208162   1.887308    
      208163   1.879344    
      208164   1.871391    
      208165   1.863449    
      208166   1.855520    
      208167   1.847604    
      208168   1.839702    
      208169   1.831816    
      208170   1.823948    
      208171   1.816098    
      208172   1.808269    
      208173   1.800462    
      208174   1.792680    
      208175   1.784924    
      208176   1.777198    
      208177   1.769504    
      208178   1.761846    
      208179   1.754228    
      208180   1.746655    
      208181   1.739132    
      208182   1.731665    
      208183   1.724262    
      208184   1.716924    
      208185   1.709653    
      208186   1.702447    
      208187   1.695302    
      208188   1.688210    
      208189   1.681153    
      208190   1.674094    
      208191   1.666974    
      208192   1.659701    
      208193   1.652195    
      208194   1.644464    
      208195   1.636590    
      208196   1.628640    
      208197   1.620652    
      208198   1.612647    
      208199   1.604633    
      208200   1.596617    
      208201   1.588601    
      208202   1.580586    
      208203   1.572574    
      208204   1.564566    
      208205   1.556562    
      208206   1.548564    
      208207   1.540573    
      208208   1.532589    
      208209   1.524614    
      208210   1.516650    
      208211   1.508698    
      208212   1.500760    
      208213   1.492837    
      208214   1.484930    
      208215   1.477042    
      208216   1.469175    
      208217   1.461330    
      208218   1.453510    
      208219   1.445719    
      208220   1.437958    
      208221   1.430233    
      208222   1.422547    
      208223   1.414905    
      208224   1.407315    
      208225   1.399783    
      208226   1.392318    
      208227   1.384930    
      208228   1.377624    
      208229   1.370404    
      208230   1.363273    
      208231   1.356237    
      208232   1.349300    
      208233   1.342469    
      208234   1.335747    
      208235   1.329135    
      208236   1.322634    
      208237   1.316238    
      208238   1.309942    
      208239   1.303742    
      208240   1.297631    
      208241   1.291599    
      208242   1.285638    
      208243   1.279740    
      208244   1.273896    
      208245   1.268085    
      208246   1.262264    
      208247   1.256346    
      208248   1.250189    
      208249   1.243623    
      208250   1.236612    
      208251   1.229285    
      208252   1.221778    
      208253   1.214175    
      208254   1.206523    
      208255   1.198846    
      208256   1.191157    
      208257   1.183467    
      208258   1.175781    
      208259   1.168105    
      208260   1.160443    
      208261   1.152798    
      208262   1.145174    
      208263   1.137573    
      208264   1.129999    
      208265   1.122456    
      208266   1.114946    
      208267   1.107474    
      208268   1.100046    
      208269   1.092665    
      208270   1.085336    
      208271   1.078063    
      208272   1.070848    
      208273   1.063692    
      208274   1.056598    
      208275   1.049569    
      208276   1.042608    
      208277   1.035719    
      208278   1.028907    
      208279   1.022174    
      208280   1.015524    
      208281   1.008961    
      208282   1.002484    
      208283  0.9960954    
      208284  0.9897929    
      208285  0.9835755    
      208286  0.9774314    
      208287  0.9713284    
      208288  0.9651973    
      208289  0.9589093    
      208290  0.9522545    
      208291  0.9450487    
      208292  0.9373813    
      208293  0.9294540    
      208294  0.9214023    
      208295  0.9132951    
      208296  0.9051642    
      208297  0.8970239    
      208298  0.8888803    
      208299  0.8807358    
      208300  0.8725916    
      208301  0.8644482    
      208302  0.8563062    
      208303  0.8481655    
      208304  0.8400265    
      208305  0.8318893    
      208306  0.8237543    
      208307  0.8156214    
      208308  0.8074912    
      208309  0.7993637    
      208310  0.7912394    
      208311  0.7831185    
      208312  0.7750013    
      208313  0.7668883    
      208314  0.7587798    
      208315  0.7506762    
      208316  0.7425783    
      208317  0.7344863    
      208318  0.7264010    
      208319  0.7183229    
      208320  0.7102529    
      208321  0.7021916    
      208322  0.6941400    
      208323  0.6860992    
      208324  0.6780702    
      208325  0.6700542    
      208326  0.6620526    
      208327  0.6540669    
      208328  0.6460987    
      208329  0.6381500    
      208330  0.6302227    
      208331  0.6223191    
      208332  0.6144418    
      208333  0.6065936    
      208334  0.5987778    
      208335  0.5909975    
      208336  0.5832561    
      208337  0.5755572    
      208338  0.5679042    
      208339  0.5603009    
      208340  0.5527502    
      208341  0.5452552    
      208342  0.5378181    
      208343  0.5304404    
      208344  0.5231235    
      208345  0.5158693    
      208346  0.5086809    
      208347  0.5015622    
      208348  0.4945189    
      208349  0.4875587    
      208350  0.4806916    
      208351  0.4739291    
      208352  0.4672840    
      208353  0.4607693    
      208354  0.4543954    
      208355  0.4481671    
      208356  0.4420805    
      208357  0.4361255    
      208358  0.4302813    
      208359  0.4245179    
      208360  0.4187911    
      208361  0.4130311    
      208362  0.4071348    
      208363  0.4009581    
      208364  0.3943277    
      208365  0.3871696    
      208366  0.3795922    
      208367  0.3717545    
      208368  0.3637701    
      208369  0.3557022    
      208370  0.3475814    
      208371  0.3394232    
      208372  0.3312364    
      208373  0.3230264    
      208374  0.3147974    
      208375  0.3065530    
      208376  0.2982973    
      208377  0.2900336    
      208378  0.2817643    
      208379  0.2734911    
      208380  0.2652155    
      208381  0.2569380    
      208382  0.2486593    
      208383  0.2403798    
      208384  0.2320998    
      208385  0.2238193    
      208386  0.2155386    
      208387  0.2072577    
      208388  0.1989766    
      208389  0.1906955    
      208390  0.1824144    
      208391  0.1741333    
      208392  0.1658522    
      208393  0.1575714    
      208394  0.1492908    
      208395  0.1410105    
      208396  0.1327308    
      208397  0.1244519    
      208398  0.1161740    
      208399  0.1078975    
      208400  9.9622786E-02
      208401  9.1350578E-02
      208402  8.3081804E-02
      208403  7.4817978E-02
      208404  6.6561759E-02
      208405  5.8318265E-02
      208406  5.0098166E-02
      208407  4.1925244E-02
      208408  3.3854984E-02
      208409  2.6021302E-02
      208410  1.8751476E-02
      208411  1.2842080E-02
      208412  1.0134220E-02
      208413  1.2823424E-02
      208414  1.8704355E-02
      208415  2.5929146E-02
      208416  3.3693112E-02
      208417  4.1658018E-02
      208418  4.9677473E-02
      208419  5.7685919E-02
      208420  6.5653071E-02
      208421  7.3564380E-02
      208422  8.1408888E-02
      208423  8.9171544E-02
      208424  9.6823223E-02
      208425  0.1043122    
      208426  0.1115812    
      208427  0.1186004    
      208428  0.1253865    
      208429  0.1319892    
      208430  0.1384650    
      208431  0.1448594    
      208432  0.1512048    
      208433  0.1575216    
      208434  0.1638246    
      208435  0.1701275    
      208436  0.1764450    
      208437  0.1827932    
      208438  0.1891876    
      208439  0.1956415    
      208440  0.2021651    
      208441  0.2087657    
      208442  0.2154470    
      208443  0.2222086    
      208444  0.2290469    
      208445  0.2359590    
      208446  0.2429410    
      208447  0.2499879    
      208448  0.2570946    
      208449  0.2642584    
      208450  0.2714781    
      208451  0.2787523    
      208452  0.2860802    
      208453  0.2934624    
      208454  0.3008984    
      208455  0.3083867    
      208456  0.3159250    
      208457  0.3235099    
      208458  0.3311384    
      208459  0.3388088    
      208460  0.3465198    
      208461  0.3542693    
      208462  0.3620552    
      208463  0.3698748    
      208464  0.3777255    
      208465  0.3856046    
      208466  0.3935094    
      208467  0.4014375    
      208468  0.4093868    
      208469  0.4173552    
      208470  0.4253412    
      208471  0.4333429    
      208472  0.4413591    
      208473  0.4493884    
      208474  0.4574296    
      208475  0.4654818    
      208476  0.4735439    
      208477  0.4816151    
      208478  0.4896945    
      208479  0.4977815    
      208480  0.5058756    
      208481  0.5139760    
      208482  0.5220823    
      208483  0.5301939    
      208484  0.5383106    
      208485  0.5464319    
      208486  0.5545573    
      208487  0.5626867    
      208488  0.5708197    
      208489  0.5789559    
      208490  0.5870953    
      208491  0.5952374    
      208492  0.6033822    
      208493  0.6115293    
      208494  0.6196787    
      208495  0.6278301    
      208496  0.6359835    
      208497  0.6441386    
      208498  0.6522952    
      208499  0.6604533    
      208500  0.6686128    
      208501  0.6767737    
      208502  0.6849355    
      208503  0.6930984    
      208504  0.7012624    
      208505  0.7094270    
      208506  0.7175925    
      208507  0.7257587    
      208508  0.7339256    
      208509  0.7420928    
      208510  0.7502607    
      208511  0.7584290    
      208512  0.7665976    
      208513  0.7747666    
      208514  0.7829358    
      208515  0.7911052    
      208516  0.7992748    
      208517  0.8074445    
      208518  0.8156143    
      208519  0.8237842    
      208520  0.8319539    
      208521  0.8401238    
      208522  0.8482934    
      208523  0.8564631    
      208524  0.8646325    
      208525  0.8728018    
      208526  0.8809708    
      208527  0.8891396    
      208528  0.8973081    
      208529  0.9054765    
      208530  0.9136443    
      208531  0.9218117    
      208532  0.9299788    
      208533  0.9381454    
      208534  0.9463115    
      208535  0.9544771    
      208536  0.9626422    
      208537  0.9708067    
      208538  0.9789705    
      208539  0.9871336    
      208540  0.9952960    
      208541   1.003458    
