      130761   1.798497    
      130762   1.790428    
      130763   1.782360    
      130764   1.774292    
      130765   1.766225    
      130766   1.758160    
      130767   1.750095    
      130768   1.742032    
      130769   1.733970    
      130770   1.725910    
      130771   1.717851    
      130772   1.709793    
      130773   1.701738    
      130774   1.693684    
      130775   1.685632    
      130776   1.677583    
      130777   1.669536    
      130778   1.661491    
      130779   1.653448    
      130780   1.645409    
      130781   1.637372    
      130782   1.629338    
      130783   1.621308    
      130784   1.613281    
      130785   1.605258    
      130786   1.597239    
      130787   1.589224    
      130788   1.581213    
      130789   1.573208    
      130790   1.565207    
      130791   1.557212    
      130792   1.549222    
      130793   1.541239    
      130794   1.533262    
      130795   1.525292    
      130796   1.517329    
      130797   1.509374    
      130798   1.501428    
      130799   1.493490    
      130800   1.485562    
      130801   1.477644    
      130802   1.469737    
      130803   1.461842    
      130804   1.453959    
      130805   1.446090    
      130806   1.438236    
      130807   1.430397    
      130808   1.422575    
      130809   1.414772    
      130810   1.406988    
      130811   1.399226    
      130812   1.391487    
      130813   1.383773    
      130814   1.376087    
      130815   1.368431    
      130816   1.360808    
      130817   1.353222    
      130818   1.345676    
      130819   1.338176    
      130820   1.330727    
      130821   1.323334    
      130822   1.316001    
      130823   1.308727    
      130824   1.301511    
      130825   1.294351    
      130826   1.287242    
      130827   1.280183    
      130828   1.273167    
      130829   1.266190    
      130830   1.259248    
      130831   1.252337    
      130832   1.245458    
      130833   1.238610    
      130834   1.231798    
      130835   1.225025    
      130836   1.218297    
      130837   1.211617    
      130838   1.204991    
      130839   1.198422    
      130840   1.191916    
      130841   1.185471    
      130842   1.179088    
      130843   1.172763    
      130844   1.166493    
      130845   1.160272    
      130846   1.154089    
      130847   1.147927    
      130848   1.141753    
      130849   1.135508    
      130850   1.129090    
      130851   1.122345    
      130852   1.115138    
      130853   1.107530    
      130854   1.099686    
      130855   1.091725    
      130856   1.083710    
      130857   1.075671    
      130858   1.067620    
      130859   1.059564    
      130860   1.051505    
      130861   1.043445    
      130862   1.035385    
      130863   1.027325    
      130864   1.019267    
      130865   1.011210    
      130866   1.003155    
      130867  0.9951019    
      130868  0.9870519    
      130869  0.9790050    
      130870  0.9709617    
      130871  0.9629223    
      130872  0.9548875    
      130873  0.9468575    
      130874  0.9388328    
      130875  0.9308137    
      130876  0.9228009    
      130877  0.9147948    
      130878  0.9067957    
      130879  0.8988042    
      130880  0.8908210    
      130881  0.8828465    
      130882  0.8748814    
      130883  0.8669266    
      130884  0.8589827    
      130885  0.8510504    
      130886  0.8431308    
      130887  0.8352250    
      130888  0.8273339    
      130889  0.8194588    
      130890  0.8116013    
      130891  0.8037629    
      130892  0.7959452    
      130893  0.7881500    
      130894  0.7803794    
      130895  0.7726358    
      130896  0.7649219    
      130897  0.7572405    
      130898  0.7495955    
      130899  0.7419908    
      130900  0.7344313    
      130901  0.7269229    
      130902  0.7194717    
      130903  0.7120835    
      130904  0.7047613    
      130905  0.6975052    
      130906  0.6903136    
      130907  0.6831827    
      130908  0.6761036    
      130909  0.6690559    
      130910  0.6620027    
      130911  0.6548793    
      130912  0.6475921    
      130913  0.6400627    
      130914  0.6323123    
      130915  0.6244251    
      130916  0.6164663    
      130917  0.6084723    
      130918  0.6004620    
      130919  0.5924444    
      130920  0.5844244    
      130921  0.5764045    
      130922  0.5683864    
      130923  0.5603709    
      130924  0.5523592    
      130925  0.5443521    
      130926  0.5363504    
      130927  0.5283553    
      130928  0.5203680    
      130929  0.5123897    
      130930  0.5044218    
      130931  0.4964659    
      130932  0.4885234    
      130933  0.4805956    
      130934  0.4726844    
      130935  0.4647912    
      130936  0.4569182    
      130937  0.4490674    
      130938  0.4412414    
      130939  0.4334427    
      130940  0.4256744    
      130941  0.4179400    
      130942  0.4102437    
      130943  0.4025905    
      130944  0.3949866    
      130945  0.3874392    
      130946  0.3799566    
      130947  0.3725474    
      130948  0.3652180    
      130949  0.3579718    
      130950  0.3508113    
      130951  0.3437399    
      130952  0.3367605    
      130953  0.3298728    
      130954  0.3230674    
      130955  0.3163199    
      130956  0.3095853    
      130957  0.3027815    
      130958  0.2957834    
      130959  0.2884494    
      130960  0.2807530    
      130961  0.2728026    
      130962  0.2647054    
      130963  0.2565317    
      130964  0.2483199    
      130965  0.2400894    
      130966  0.2318496    
      130967  0.2236051    
      130968  0.2153576    
      130969  0.2071081    
      130970  0.1988566    
      130971  0.1906028    
      130972  0.1823465    
      130973  0.1740873    
      130974  0.1658250    
      130975  0.1575598    
      130976  0.1492920    
      130977  0.1410219    
      130978  0.1327500    
      130979  0.1244767    
      130980  0.1162028    
      130981  0.1079290    
      130982  9.9656075E-02
      130983  9.1384955E-02
      130984  8.3116740E-02
      130985  7.4853063E-02
      130986  6.6596642E-02
      130987  5.8352567E-02
      130988  5.0131459E-02
      130989  4.1956984E-02
      130990  3.3884495E-02
      130991  2.6047852E-02
      130992  1.8774603E-02
      130993  1.2862660E-02
      130994  1.0157408E-02
      130995  1.2862671E-02
      130996  1.8774632E-02
      130997  2.6047908E-02
      130998  3.3884600E-02
      130999  4.1957155E-02
      131000  5.0131738E-02
      131001  5.8353003E-02
      131002  6.6597328E-02
      131003  7.4854113E-02
      131004  8.3118334E-02
      131005  9.1387384E-02
      131006  9.9659763E-02
      131007  0.1079346    
      131008  0.1162111    
      131009  0.1244890    
      131010  0.1327679    
      131011  0.1410475    
      131012  0.1493276    
      131013  0.1576079    
      131014  0.1658885    
      131015  0.1741690    
      131016  0.1824496    
      131017  0.1907302    
      131018  0.1990107    
      131019  0.2072912    
      131020  0.2155716    
      131021  0.2238519    
      131022  0.2321322    
      131023  0.2404124    
      131024  0.2486926    
      131025  0.2569728    
      131026  0.2652530    
      131027  0.2735332    
      131028  0.2818134    
      131029  0.2900935    
      131030  0.2983737    
      131031  0.3066538    
      131032  0.3149338    
      131033  0.3232139    
      131034  0.3314939    
      131035  0.3397737    
      131036  0.3480535    
      131037  0.3563332    
      131038  0.3646126    
      131039  0.3728916    
      131040  0.3811700    
      131041  0.3894473    
      131042  0.3977228    
      131043  0.4059950    
      131044  0.4142610    
      131045  0.4225162    
      131046  0.4307513    
      131047  0.4389498    
      131048  0.4470835    
      131049  0.4551042    
      131050  0.4629390    
      131051  0.4705391    
      131052  0.4779519    
      131053  0.4852512    
      131054  0.4924992    
      131055  0.4997391    
      131056  0.5069966    
      131057  0.5142857    
      131058  0.5216118    
      131059  0.5289735    
      131060  0.5363667    
      131061  0.5437870    
      131062  0.5512292    
      131063  0.5586867    
      131064  0.5661506    
      131065  0.5736084    
      131066  0.5810428    
      131067  0.5884289    
      131068  0.5957307    
      131069  0.6028951    
      131070  0.6098456    
      131071  0.6164811    
      131072  0.6227083    
      131073  0.6285182    
      131074  0.6340054    
      131075  0.6392976    
      131076  0.6445109    
      131077  0.6497372    
      131078  0.6550431    
      131079  0.6604683    
      131080  0.6660327    
      131081  0.6717434    
      131082  0.6775997    
      131083  0.6835955    
      131084  0.6897206    
      131085  0.6959653    
      131086  0.7023231    
      131087  0.7087861    
      131088  0.7153467    
      131089  0.7219982    
      131090  0.7287354    
      131091  0.7355551    
      131092  0.7424539    
      131093  0.7494299    
      131094  0.7564818    
      131095  0.7636087    
      131096  0.7708113    
      131097  0.7780920    
      131098  0.7854545    
      131099  0.7928988    
      131100  0.8004187    
      131101  0.8080045    
      131102  0.8156484    
      131103  0.8233452    
      131104  0.8310903    
      131105  0.8388795    
      131106  0.8467086    
      131107  0.8545736    
      131108  0.8624706    
      131109  0.8703960    
      131110  0.8783464    
      131111  0.8863193    
      131112  0.8943123    
      131113  0.9023229    
      131114  0.9103495    
      131115  0.9183903    
      131116  0.9264440    
      131117  0.9345092    
      131118  0.9425846    
      131119  0.9506694    
      131120  0.9587626    
      131121  0.9668635    
      131122  0.9749713    
      131123  0.9830852    
      131124  0.9912045    
      131125  0.9993284    
      131126   1.007456    
      131127   1.015588    
      131128   1.023721    
      131129   1.031856    
      131130   1.039989    
      131131   1.048120    
      131132   1.056245    
      131133   1.064359    
      131134   1.072456    
      131135   1.080524    
      131136   1.088551    
      131137   1.096513    
      131138   1.104384    
      131139   1.112129    
      131140   1.119708    
      131141   1.127075    
      131142   1.134189    
      131143   1.141037    
      131144   1.147643    
      131145   1.154068    
      131146   1.160378    
      131147   1.166624    
      131148   1.172836    
      131149   1.179030    
      131150   1.185214    
      131151   1.191393    
      131152   1.197570    
      131153   1.203749    
      131154   1.209935    
      131155   1.216136    
      131156   1.222363    
      131157   1.228630    
      131158   1.234951    
      131159   1.241335    
      131160   1.247792    
      131161   1.254327    
      131162   1.260944    
      131163   1.267644    
      131164   1.274426    
      131165   1.281290    
      131166   1.288231    
      131167   1.295245    
      131168   1.302330    
      131169   1.309482    
      131170   1.316701    
      131171   1.323988    
      131172   1.331345    
      131173   1.338771    
      131174   1.346264    
      131175   1.353821    
      131176   1.361434    
      131177   1.369101    
      131178   1.376816    
      131179   1.384576    
      131180   1.392379    
      131181   1.400220    
      131182   1.408097    
      131183   1.416005    
      131184   1.423941    
      131185   1.431901    
      131186   1.439885    
      131187   1.447888    
      131188   1.455909    
      131189   1.463945    
      131190   1.471996    
      131191   1.480060    
      131192   1.488135    
      131193   1.496221    
      131194   1.504316    
      131195   1.512419    
      131196   1.520530    
      131197   1.528649    
      131198   1.536773    
      131199   1.544904    
      131200   1.553040    
      131201   1.561180    
      131202   1.569325    
      131203   1.577474    
      131204   1.585627    
      131205   1.593784    
      131206   1.601943    
      131207   1.610105    
      131208   1.618270    
      131209   1.626437    
      131210   1.634607    
      131211   1.642778    
      131212   1.650951    
      131213   1.659127    
      131214   1.667303    
      131215   1.675481    
      131216   1.683661    
      131217   1.691841    
      131218   1.700023    
      131219   1.708206    
      131220   1.716390    
      131221   1.724574    
      131222   1.732759    
      131223   1.740946    
      131224   1.749132    
      131225   1.757319    
      131226   1.765507    
      131227   1.773695    
      131228   1.781883    
      131229   1.790072    
      131230   1.798261    
      131231   1.806451    
      131232   1.814640    
      131233   1.822830    
      131234   1.831021    
      131235   1.839211    
      131236   1.847401    
      131237   1.855592    
      131238   1.863783    
      131239   1.871974    
      131240   1.880165    
      131241   1.888356    
      131242   1.896547    
      131243   1.904738    
      131244   1.912929    
      131245   1.921120    
      131246   1.929311    
      131247   1.937503    
      131248   1.945694    
      131249   1.953885    
      131250   1.962076    
      131251   1.970268    
      131252   1.978459    
      131253   1.986650    
      131254   1.994841    
      131255   2.003033    
      131256   2.011224    
      131257   2.019415    
      131258   2.027607    
      131259   2.035798    
      131260   2.043989    
      131261   2.052181    
