       74761   1.048710    
       74762   1.040642    
       74763   1.032575    
       74764   1.024509    
       74765   1.016443    
       74766   1.008379    
       74767   1.000316    
       74768  0.9922542    
       74769  0.9841938    
       74770  0.9761349    
       74771  0.9680777    
       74772  0.9600220    
       74773  0.9519682    
       74774  0.9439163    
       74775  0.9358664    
       74776  0.9278187    
       74777  0.9197734    
       74778  0.9117306    
       74779  0.9036905    
       74780  0.8956532    
       74781  0.8876189    
       74782  0.8795878    
       74783  0.8715601    
       74784  0.8635360    
       74785  0.8555157    
       74786  0.8474994    
       74787  0.8394874    
       74788  0.8314800    
       74789  0.8234776    
       74790  0.8154804    
       74791  0.8074886    
       74792  0.7995027    
       74793  0.7915231    
       74794  0.7835500    
       74795  0.7755841    
       74796  0.7676257    
       74797  0.7596753    
       74798  0.7517334    
       74799  0.7438005    
       74800  0.7358773    
       74801  0.7279646    
       74802  0.7200630    
       74803  0.7121732    
       74804  0.7042964    
       74805  0.6964331    
       74806  0.6885846    
       74807  0.6807520    
       74808  0.6729367    
       74809  0.6651398    
       74810  0.6573628    
       74811  0.6496072    
       74812  0.6418749    
       74813  0.6341679    
       74814  0.6264884    
       74815  0.6188390    
       74816  0.6112226    
       74817  0.6036425    
       74818  0.5961026    
       74819  0.5886078    
       74820  0.5811632    
       74821  0.5737733    
       74822  0.5664415    
       74823  0.5591677    
       74824  0.5519503    
       74825  0.5447865    
       74826  0.5376729    
       74827  0.5306060    
       74828  0.5235815    
       74829  0.5165948    
       74830  0.5096422    
       74831  0.5027214    
       74832  0.4958321    
       74833  0.4889754    
       74834  0.4821539    
       74835  0.4753705    
       74836  0.4686283    
       74837  0.4619282    
       74838  0.4552657    
       74839  0.4486236    
       74840  0.4419685    
       74841  0.4352384    
       74842  0.4283260    
       74843  0.4210938    
       74844  0.4134779    
       74845  0.4055634    
       74846  0.3974754    
       74847  0.3892940    
       74848  0.3810646    
       74849  0.3728115    
       74850  0.3645469    
       74851  0.3562768    
       74852  0.3480041    
       74853  0.3397301    
       74854  0.3314555    
       74855  0.3231805    
       74856  0.3149053    
       74857  0.3066297    
       74858  0.2983539    
       74859  0.2900778    
       74860  0.2818014    
       74861  0.2735245    
       74862  0.2652472    
       74863  0.2569694    
       74864  0.2486912    
       74865  0.2404125    
       74866  0.2321335    
       74867  0.2238540    
       74868  0.2155741    
       74869  0.2072939    
       74870  0.1990134    
       74871  0.1907326    
       74872  0.1824517    
       74873  0.1741707    
       74874  0.1658898    
       74875  0.1576089    
       74876  0.1493283    
       74877  0.1410480    
       74878  0.1327683    
       74879  0.1244893    
       74880  0.1162113    
       74881  0.1079347    
       74882  9.9659860E-02
       74883  9.1387466E-02
       74884  8.3118409E-02
       74885  7.4854165E-02
       74886  6.6597365E-02
       74887  5.8353044E-02
       74888  5.0131764E-02
       74889  4.1957177E-02
       74890  3.3884622E-02
       74891  2.6047930E-02
       74892  1.8774647E-02
       74893  1.2862684E-02
       74894  1.0157421E-02
       74895  1.2862682E-02
       74896  1.8774645E-02
       74897  2.6047925E-02
       74898  3.3884618E-02
       74899  4.1957177E-02
       74900  5.0131761E-02
       74901  5.8353022E-02
       74902  6.6597342E-02
       74903  7.4854128E-02
       74904  8.3118349E-02
       74905  9.1387376E-02
       74906  9.9659741E-02
       74907  0.1079345    
       74908  0.1162110    
       74909  0.1244889    
       74910  0.1327677    
       74911  0.1410471    
       74912  0.1493269    
       74913  0.1576069    
       74914  0.1658867    
       74915  0.1741662    
       74916  0.1824451    
       74917  0.1907233    
       74918  0.1990007    
       74919  0.2072773    
       74920  0.2155532    
       74921  0.2238284    
       74922  0.2321032    
       74923  0.2403777    
       74924  0.2486522    
       74925  0.2569270    
       74926  0.2652024    
       74927  0.2734784    
       74928  0.2817552    
       74929  0.2900328    
       74930  0.2983108    
       74931  0.3065891    
       74932  0.3148676    
       74933  0.3231460    
       74934  0.3314242    
       74935  0.3397020    
       74936  0.3479792    
       74937  0.3562555    
       74938  0.3645303    
       74939  0.3728030    
       74940  0.3810723    
       74941  0.3893369    
       74942  0.3975943    
       74943  0.4058409    
       74944  0.4140712    
       74945  0.4222767    
       74946  0.4304432    
       74947  0.4385462    
       74948  0.4465687    
       74949  0.4545259    
       74950  0.4624411    
       74951  0.4703335    
       74952  0.4782163    
       74953  0.4860980    
       74954  0.4939834    
       74955  0.5018747    
       74956  0.5097727    
       74957  0.5176764    
       74958  0.5255844    
       74959  0.5334941    
       74960  0.5414021    
       74961  0.5493044    
       74962  0.5571950    
       74963  0.5650650    
       74964  0.5728983    
       74965  0.5806639    
       74966  0.5883029    
       74967  0.5957135    
       74968  0.6027730    
       74969  0.6094458    
       74970  0.6158417    
       74971  0.6220951    
       74972  0.6282972    
       74973  0.6345030    
       74974  0.6407421    
       74975  0.6470317    
       74976  0.6533827    
       74977  0.6598021    
       74978  0.6662970    
       74979  0.6728718    
       74980  0.6795284    
       74981  0.6862662    
       74982  0.6930830    
       74983  0.6999759    
       74984  0.7069415    
       74985  0.7139772    
       74986  0.7210816    
       74987  0.7282544    
       74988  0.7354969    
       74989  0.7428105    
       74990  0.7501947    
       74991  0.7576429    
       74992  0.7651461    
       74993  0.7726979    
       74994  0.7802942    
       74995  0.7879316    
       74996  0.7956070    
       74997  0.8033175    
       74998  0.8110605    
       74999  0.8188335    
       75000  0.8266338    
       75001  0.8344594    
       75002  0.8423081    
       75003  0.8501780    
       75004  0.8580673    
       75005  0.8659741    
       75006  0.8738973    
       75007  0.8818355    
       75008  0.8897873    
       75009  0.8977518    
       75010  0.9057280    
       75011  0.9137148    
       75012  0.9217116    
       75013  0.9297174    
       75014  0.9377316    
       75015  0.9457535    
       75016  0.9537824    
       75017  0.9618180    
       75018  0.9698594    
       75019  0.9779063    
       75020  0.9859583    
       75021  0.9940149    
       75022   1.002076    
       75023   1.010140    
       75024   1.018208    
       75025   1.026279    
       75026   1.034352    
       75027   1.042427    
       75028   1.050499    
       75029   1.058566    
       75030   1.066614    
       75031   1.074619    
       75032   1.082524    
       75033   1.090224    
       75034   1.097555    
       75035   1.104433    
       75036   1.110983    
       75037   1.117376    
       75038   1.123722    
       75039   1.130079    
       75040   1.136473    
       75041   1.142917    
       75042   1.149413    
       75043   1.155962    
       75044   1.162565    
       75045   1.169219    
       75046   1.175926    
       75047   1.182685    
       75048   1.189496    
       75049   1.196359    
       75050   1.203272    
       75051   1.210237    
       75052   1.217252    
       75053   1.224317    
       75054   1.231435    
       75055   1.238604    
       75056   1.245826    
       75057   1.253101    
       75058   1.260422    
       75059   1.267783    
       75060   1.275179    
       75061   1.282603    
       75062   1.290050    
       75063   1.297514    
       75064   1.304985    
       75065   1.312451    
       75066   1.319894    
       75067   1.327291    
       75068   1.334605    
       75069   1.341785    
       75070   1.348755    
       75071   1.355412    
       75072   1.361662    
       75073   1.367491    
       75074   1.372991    
       75075   1.378291    
       75076   1.383509    
       75077   1.388740    
       75078   1.394049    
       75079   1.399476    
       75080   1.405040    
       75081   1.410749    
       75082   1.416604    
       75083   1.422600    
       75084   1.428725    
       75085   1.434969    
       75086   1.441327    
       75087   1.447790    
       75088   1.454351    
       75089   1.461002    
       75090   1.467740    
       75091   1.474559    
       75092   1.481458    
       75093   1.488434    
       75094   1.495486    
       75095   1.502613    
       75096   1.509816    
       75097   1.517096    
       75098   1.524459    
       75099   1.531903    
       75100   1.539423    
       75101   1.547009    
       75102   1.554653    
       75103   1.562349    
       75104   1.570095    
       75105   1.577884    
       75106   1.585713    
       75107   1.593578    
       75108   1.601475    
       75109   1.609400    
       75110   1.617350    
       75111   1.625323    
       75112   1.633316    
       75113   1.641327    
       75114   1.649354    
       75115   1.657394    
       75116   1.665448    
       75117   1.673513    
       75118   1.681589    
       75119   1.689674    
       75120   1.697767    
       75121   1.705868    
       75122   1.713976    
       75123   1.722090    
       75124   1.730209    
       75125   1.738333    
       75126   1.746461    
       75127   1.754592    
       75128   1.762726    
       75129   1.770860    
       75130   1.778994    
       75131   1.787125    
       75132   1.795250    
       75133   1.803364    
       75134   1.811460    
       75135   1.819529    
       75136   1.827555    
       75137   1.835518    
       75138   1.843388    
       75139   1.851133    
       75140   1.858712    
       75141   1.866079    
       75142   1.873194    
       75143   1.880042    
       75144   1.886648    
       75145   1.893073    
       75146   1.899384    
       75147   1.905629    
       75148   1.911841    
       75149   1.918035    
       75150   1.924220    
       75151   1.930398    
       75152   1.936575    
       75153   1.942754    
       75154   1.948940    
       75155   1.955141    
       75156   1.961368    
       75157   1.967635    
       75158   1.973956    
       75159   1.980340    
       75160   1.986797    
       75161   1.993332    
       75162   1.999949    
       75163   2.006649    
       75164   2.013431    
       75165   2.020294    
       75166   2.027235    
       75167   2.034250    
       75168   2.041334    
       75169   2.048486    
       75170   2.055704    
       75171   2.062987    
       75172   2.070334    
       75173   2.077733    
       75174   2.085154    
