       86521   1.215053    
       86522   1.206985    
       86523   1.198918    
       86524   1.190852    
       86525   1.182787    
       86526   1.174723    
       86527   1.166660    
       86528   1.158598    
       86529   1.150537    
       86530   1.142478    
       86531   1.134421    
       86532   1.126366    
       86533   1.118312    
       86534   1.110260    
       86535   1.102210    
       86536   1.094162    
       86537   1.086117    
       86538   1.078074    
       86539   1.070034    
       86540   1.061997    
       86541   1.053962    
       86542   1.045931    
       86543   1.037904    
       86544   1.029879    
       86545   1.021859    
       86546   1.013843    
       86547   1.005831    
       86548  0.9978236    
       86549  0.9898211    
       86550  0.9818238    
       86551  0.9738321    
       86552  0.9658462    
       86553  0.9578667    
       86554  0.9498936    
       86555  0.9419277    
       86556  0.9339693    
       86557  0.9260188    
       86558  0.9180770    
       86559  0.9101441    
       86560  0.9022210    
       86561  0.8943082    
       86562  0.8864065    
       86563  0.8785168    
       86564  0.8706399    
       86565  0.8627768    
       86566  0.8549284    
       86567  0.8470958    
       86568  0.8392806    
       86569  0.8314837    
       86570  0.8237069    
       86571  0.8159514    
       86572  0.8082193    
       86573  0.8005124    
       86574  0.7928330    
       86575  0.7851838    
       86576  0.7775676    
       86577  0.7699876    
       86578  0.7624483    
       86579  0.7549540    
       86580  0.7475098    
       86581  0.7401208    
       86582  0.7327898    
       86583  0.7255170    
       86584  0.7183010    
       86585  0.7111387    
       86586  0.7040272    
       86587  0.6969627    
       86588  0.6899409    
       86589  0.6829571    
       86590  0.6760073    
       86591  0.6690892    
       86592  0.6622025    
       86593  0.6553487    
       86594  0.6485306    
       86595  0.6417520    
       86596  0.6350172    
       86597  0.6283308    
       86598  0.6216970    
       86599  0.6151195    
       86600  0.6085994    
       86601  0.6021332    
       86602  0.5957069    
       86603  0.5892905    
       86604  0.5828331    
       86605  0.5762432    
       86606  0.5693813    
       86607  0.5620967    
       86608  0.5543872    
       86609  0.5464023    
       86610  0.5382713    
       86611  0.5300665    
       86612  0.5218258    
       86613  0.5135680    
       86614  0.5053027    
       86615  0.4970336    
       86616  0.4887627    
       86617  0.4804908    
       86618  0.4722182    
       86619  0.4639450    
       86620  0.4556713    
       86621  0.4473969    
       86622  0.4391220    
       86623  0.4308465    
       86624  0.4225704    
       86625  0.4142939    
       86626  0.4060168    
       86627  0.3977392    
       86628  0.3894611    
       86629  0.3811825    
       86630  0.3729036    
       86631  0.3646243    
       86632  0.3563447    
       86633  0.3480649    
       86634  0.3397849    
       86635  0.3315048    
       86636  0.3232246    
       86637  0.3149443    
       86638  0.3066638    
       86639  0.2983833    
       86640  0.2901027    
       86641  0.2818219    
       86642  0.2735412    
       86643  0.2652603    
       86644  0.2569794    
       86645  0.2486984    
       86646  0.2404174    
       86647  0.2321362    
       86648  0.2238551    
       86649  0.2155739    
       86650  0.2072926    
       86651  0.1990113    
       86652  0.1907300    
       86653  0.1824488    
       86654  0.1741676    
       86655  0.1658865    
       86656  0.1576055    
       86657  0.1493248    
       86658  0.1410445    
       86659  0.1327648    
       86660  0.1244857    
       86661  0.1162078    
       86662  0.1079312    
       86663  9.9656351E-02
       86664  9.1383964E-02
       86665  8.3114929E-02
       86666  7.4850731E-02
       86667  6.6593990E-02
       86668  5.8349736E-02
       86669  5.0128572E-02
       86670  4.1954137E-02
       86671  3.3881798E-02
       86672  2.6045397E-02
       86673  1.8772457E-02
       86674  1.2860773E-02
       86675  1.0155368E-02
       86676  1.2859381E-02
       86677  1.8769097E-02
       86678  2.6039360E-02
       86679  3.3872381E-02
       86680  4.1940704E-02
       86681  5.0110593E-02
       86682  5.8326825E-02
       86683  6.6565953E-02
       86684  7.4817672E-02
       86685  8.3077200E-02
       86686  9.1342121E-02
       86687  9.9611089E-02
       86688  0.1078832    
       86689  0.1161579    
       86690  0.1244344    
       86691  0.1327122    
       86692  0.1409911    
       86693  0.1492706    
       86694  0.1575506    
       86695  0.1658310    
       86696  0.1741116    
       86697  0.1823923    
       86698  0.1906731    
       86699  0.1989540    
       86700  0.2072350    
       86701  0.2155159    
       86702  0.2237968    
       86703  0.2320777    
       86704  0.2403585    
       86705  0.2486393    
       86706  0.2569200    
       86707  0.2652006    
       86708  0.2734811    
       86709  0.2817615    
       86710  0.2900416    
       86711  0.2983214    
       86712  0.3066008    
       86713  0.3148797    
       86714  0.3231577    
       86715  0.3314345    
       86716  0.3397097    
       86717  0.3479826    
       86718  0.3562524    
       86719  0.3645185    
       86720  0.3727803    
       86721  0.3810379    
       86722  0.3892913    
       86723  0.3975410    
       86724  0.4057868    
       86725  0.4140279    
       86726  0.4222620    
       86727  0.4304828    
       86728  0.4386765    
       86729  0.4468135    
       86730  0.4548348    
       86731  0.4626331    
       86732  0.4700602    
       86733  0.4770664    
       86734  0.4837660    
       86735  0.4903069    
       86736  0.4967910    
       86737  0.5032815    
       86738  0.5098184    
       86739  0.5164228    
       86740  0.5231031    
       86741  0.5298615    
       86742  0.5366970    
       86743  0.5436071    
       86744  0.5505889    
       86745  0.5576405    
       86746  0.5647607    
       86747  0.5719494    
       86748  0.5792084    
       86749  0.5865402    
       86750  0.5939432    
       86751  0.6014100    
       86752  0.6089318    
       86753  0.6165026    
       86754  0.6241181    
       86755  0.6317746    
       86756  0.6394689    
       86757  0.6471976    
       86758  0.6549580    
       86759  0.6627472    
       86760  0.6705627    
       86761  0.6784024    
       86762  0.6862639    
       86763  0.6941454    
       86764  0.7020450    
       86765  0.7099613    
       86766  0.7178928    
       86767  0.7258383    
       86768  0.7337967    
       86769  0.7417669    
       86770  0.7497480    
       86771  0.7577391    
       86772  0.7657393    
       86773  0.7737481    
       86774  0.7817646    
       86775  0.7897882    
       86776  0.7978184    
       86777  0.8058546    
       86778  0.8138963    
       86779  0.8219430    
       86780  0.8299944    
       86781  0.8380500    
       86782  0.8461094    
       86783  0.8541721    
       86784  0.8622378    
       86785  0.8703054    
       86786  0.8783736    
       86787  0.8864397    
       86788  0.8944969    
       86789  0.9025301    
       86790  0.9105059    
       86791  0.9183534    
       86792  0.9259410    
       86793  0.9330987    
       86794  0.9398018    
       86795  0.9462202    
       86796  0.9525151    
       86797  0.9587821    
       86798  0.9650724    
       86799  0.9714080    
       86800  0.9777952    
       86801  0.9842359    
       86802  0.9907310    
       86803  0.9972799    
       86804   1.003882    
       86805   1.010536    
       86806   1.017243    
       86807   1.024002    
       86808   1.030813    
       86809   1.037676    
       86810   1.044590    
       86811   1.051555    
       86812   1.058570    
       86813   1.065635    
       86814   1.072752    
       86815   1.079922    
       86816   1.087144    
       86817   1.094419    
       86818   1.101740    
       86819   1.109101    
       86820   1.116497    
       86821   1.123921    
       86822   1.131368    
       86823   1.138832    
       86824   1.146303    
       86825   1.153769    
       86826   1.161212    
       86827   1.168609    
       86828   1.175923    
       86829   1.183103    
       86830   1.190073    
       86831   1.196730    
       86832   1.202980    
       86833   1.208808    
       86834   1.214308    
       86835   1.219608    
       86836   1.224826    
       86837   1.230057    
       86838   1.235367    
       86839   1.240794    
       86840   1.246358    
       86841   1.252067    
       86842   1.257922    
       86843   1.263917    
       86844   1.270042    
       86845   1.276287    
       86846   1.282645    
       86847   1.289108    
       86848   1.295668    
       86849   1.302320    
       86850   1.309057    
       86851   1.315877    
       86852   1.322776    
       86853   1.329752    
       86854   1.336804    
       86855   1.343931    
       86856   1.351133    
       86857   1.358414    
       86858   1.365777    
       86859   1.373221    
       86860   1.380741    
       86861   1.388327    
       86862   1.395971    
       86863   1.403667    
       86864   1.411412    
       86865   1.419202    
       86866   1.427031    
       86867   1.434896    
       86868   1.442793    
       86869   1.450718    
       86870   1.458669    
       86871   1.466642    
       86872   1.474634    
       86873   1.482645    
       86874   1.490672    
       86875   1.498713    
       86876   1.506766    
       86877   1.514831    
       86878   1.522907    
       86879   1.530992    
       86880   1.539085    
       86881   1.547186    
       86882   1.555294    
       86883   1.563407    
       86884   1.571527    
       86885   1.579651    
       86886   1.587779    
       86887   1.595910    
       86888   1.604043    
       86889   1.612178    
       86890   1.620312    
       86891   1.628443    
       86892   1.636568    
       86893   1.644682    
       86894   1.652778    
       86895   1.660847    
       86896   1.668873    
       86897   1.676836    
       86898   1.684706    
       86899   1.692451    
       86900   1.700031    
       86901   1.707397    
       86902   1.714512    
       86903   1.721359    
       86904   1.727965    
       86905   1.734390    
       86906   1.740701    
       86907   1.746947    
       86908   1.753159    
       86909   1.759353    
       86910   1.765537    
       86911   1.771716    
       86912   1.777893    
       86913   1.784072    
       86914   1.790258    
       86915   1.796459    
       86916   1.802686    
       86917   1.808953    
       86918   1.815273    
       86919   1.821658    
       86920   1.828114    
       86921   1.834649    
       86922   1.841266    
       86923   1.847966    
       86924   1.854749    
       86925   1.861612    
       86926   1.868553    
       86927   1.875568    
       86928   1.882652    
       86929   1.889804    
       86930   1.897024    
       86931   1.904311    
       86932   1.911668    
       86933   1.919093    
       86934   1.926587    
       86935   1.934143    
       86936   1.941757    
       86937   1.949423    
       86938   1.957139    
       86939   1.964899    
       86940   1.972702    
       86941   1.980543    
       86942   1.988420    
       86943   1.996327    
       86944   2.004263    
       86945   2.012224    
       86946   2.020208    
       86947   2.028211    
       86948   2.036232    
       86949   2.044268    
       86950   2.052318    
       86951   2.060380    
       86952   2.068452    
       86953   2.076527    
       86954   2.084593    
       86955   2.092620    
