      144761   1.996092    
      144762   1.988023    
      144763   1.979954    
      144764   1.971887    
      144765   1.963820    
      144766   1.955754    
      144767   1.947690    
      144768   1.939627    
      144769   1.931565    
      144770   1.923504    
      144771   1.915445    
      144772   1.907388    
      144773   1.899333    
      144774   1.891279    
      144775   1.883227    
      144776   1.875178    
      144777   1.867131    
      144778   1.859085    
      144779   1.851043    
      144780   1.843003    
      144781   1.834967    
      144782   1.826933    
      144783   1.818903    
      144784   1.810876    
      144785   1.802853    
      144786   1.794834    
      144787   1.786819    
      144788   1.778808    
      144789   1.770802    
      144790   1.762802    
      144791   1.754807    
      144792   1.746817    
      144793   1.738833    
      144794   1.730857    
      144795   1.722887    
      144796   1.714924    
      144797   1.706969    
      144798   1.699023    
      144799   1.691085    
      144800   1.683157    
      144801   1.675239    
      144802   1.667332    
      144803   1.659437    
      144804   1.651554    
      144805   1.643685    
      144806   1.635831    
      144807   1.627992    
      144808   1.620170    
      144809   1.612367    
      144810   1.604583    
      144811   1.596821    
      144812   1.589082    
      144813   1.581368    
      144814   1.573682    
      144815   1.566026    
      144816   1.558403    
      144817   1.550817    
      144818   1.543271    
      144819   1.535771    
      144820   1.528322    
      144821   1.520929    
      144822   1.513596    
      144823   1.506322    
      144824   1.499106    
      144825   1.491946    
      144826   1.484838    
      144827   1.477778    
      144828   1.470763    
      144829   1.463786    
      144830   1.456844    
      144831   1.449933    
      144832   1.443053    
      144833   1.436206    
      144834   1.429393    
      144835   1.422621    
      144836   1.415892    
      144837   1.409212    
      144838   1.402586    
      144839   1.396018    
      144840   1.389511    
      144841   1.383067    
      144842   1.376683    
      144843   1.370359    
      144844   1.364089    
      144845   1.357868    
      144846   1.351685    
      144847   1.345523    
      144848   1.339350    
      144849   1.333104    
      144850   1.326686    
      144851   1.319940    
      144852   1.312733    
      144853   1.305125    
      144854   1.297280    
      144855   1.289319    
      144856   1.281304    
      144857   1.273265    
      144858   1.265214    
      144859   1.257158    
      144860   1.249099    
      144861   1.241039    
      144862   1.232979    
      144863   1.224919    
      144864   1.216861    
      144865   1.208803    
      144866   1.200748    
      144867   1.192695    
      144868   1.184645    
      144869   1.176598    
      144870   1.168555    
      144871   1.160515    
      144872   1.152480    
      144873   1.144450    
      144874   1.136426    
      144875   1.128407    
      144876   1.120394    
      144877   1.112387    
      144878   1.104388    
      144879   1.096396    
      144880   1.088413    
      144881   1.080438    
      144882   1.072473    
      144883   1.064518    
      144884   1.056574    
      144885   1.048641    
      144886   1.040721    
      144887   1.032815    
      144888   1.024923    
      144889   1.017048    
      144890   1.009190    
      144891   1.001351    
      144892  0.9935320    
      144893  0.9857359    
      144894  0.9779643    
      144895  0.9702195    
      144896  0.9625039    
      144897  0.9548208    
      144898  0.9471734    
      144899  0.9395657    
      144900  0.9320024    
      144901  0.9244891    
      144902  0.9170314    
      144903  0.9096345    
      144904  0.9023013    
      144905  0.8950320    
      144906  0.8878243    
      144907  0.8806742    
      144908  0.8735727    
      144909  0.8665004    
      144910  0.8594223    
      144911  0.8522771    
      144912  0.8449754    
      144913  0.8374407    
      144914  0.8296903    
      144915  0.8218052    
      144916  0.8138491    
      144917  0.8058578    
      144918  0.7978499    
      144919  0.7898348    
      144920  0.7818171    
      144921  0.7737993    
      144922  0.7657832    
      144923  0.7577699    
      144924  0.7497603    
      144925  0.7417553    
      144926  0.7337558    
      144927  0.7257630    
      144928  0.7177777    
      144929  0.7098017    
      144930  0.7018363    
      144931  0.6938829    
      144932  0.6859429    
      144933  0.6780180    
      144934  0.6701097    
      144935  0.6622199    
      144936  0.6543504    
      144937  0.6465034    
      144938  0.6386815    
      144939  0.6308874    
      144940  0.6231242    
      144941  0.6153956    
      144942  0.6077058    
      144943  0.6000601    
      144944  0.5924649    
      144945  0.5849276    
      144946  0.5774569    
      144947  0.5700615    
      144948  0.5627475    
      144949  0.5555184    
      144950  0.5483773    
      144951  0.5413292    
      144952  0.5343792    
      144953  0.5275324    
      144954  0.5207918    
      144955  0.5141580    
      144956  0.5076281    
      144957  0.5011936    
      144958  0.4948383    
      144959  0.4885334    
      144960  0.4822263    
      144961  0.4758288    
      144962  0.4691972    
      144963  0.4621539    
      144964  0.4546286    
      144965  0.4467534    
      144966  0.4386867    
      144967  0.4305247    
      144968  0.4223170    
      144969  0.4140875    
      144970  0.4058470    
      144971  0.3976002    
      144972  0.3893486    
      144973  0.3810930    
      144974  0.3728337    
      144975  0.3645708    
      144976  0.3563048    
      144977  0.3480358    
      144978  0.3397642    
      144979  0.3314903    
      144980  0.3232145    
      144981  0.3149373    
      144982  0.3066589    
      144983  0.2983798    
      144984  0.2901001    
      144985  0.2818200    
      144986  0.2735397    
      144987  0.2652591    
      144988  0.2569784    
      144989  0.2486975    
      144990  0.2404166    
      144991  0.2321355    
      144992  0.2238544    
      144993  0.2155732    
      144994  0.2072920    
      144995  0.1990107    
      144996  0.1907295    
      144997  0.1824482    
      144998  0.1741670    
      144999  0.1658859    
      145000  0.1576050    
      145001  0.1493243    
      145002  0.1410440    
      145003  0.1327642    
      145004  0.1244852    
      145005  0.1162073    
      145006  0.1079307    
      145007  9.9655882E-02
      145008  9.1383532E-02
      145009  8.3114535E-02
      145010  7.4850403E-02
      145011  6.6593751E-02
      145012  5.8349628E-02
      145013  5.0128631E-02
      145014  4.1954387E-02
      145015  3.3882238E-02
      145016  2.6046000E-02
      145017  1.8773193E-02
      145018  1.2861641E-02
      145019  1.0156570E-02
      145020  1.2861588E-02
      145021  1.8773060E-02
      145022  2.6045758E-02
      145023  3.3881851E-02
      145024  4.1953824E-02
      145025  5.0127864E-02
      145026  5.8348630E-02
      145027  6.6592500E-02
      145028  7.4848890E-02
      145029  8.3112761E-02
      145030  9.1381520E-02
      145031  9.9653661E-02
      145032  0.1079283    
      145033  0.1162047    
      145034  0.1244825    
      145035  0.1327614    
      145036  0.1410411    
      145037  0.1493213    
      145038  0.1576020    
      145039  0.1658829    
      145040  0.1741639    
      145041  0.1824451    
      145042  0.1907263    
      145043  0.1990076    
      145044  0.2072888    
      145045  0.2155700    
      145046  0.2238512    
      145047  0.2321323    
      145048  0.2404134    
      145049  0.2486944    
      145050  0.2569753    
      145051  0.2652561    
      145052  0.2735367    
      145053  0.2818173    
      145054  0.2900976    
      145055  0.2983777    
      145056  0.3066574    
      145057  0.3149367    
      145058  0.3232152    
      145059  0.3314928    
      145060  0.3397689    
      145061  0.3480430    
      145062  0.3563140    
      145063  0.3645806    
      145064  0.3728407    
      145065  0.3810916    
      145066  0.3893296    
      145067  0.3975506    
      145068  0.4057490    
      145069  0.4139175    
      145070  0.4220445    
      145071  0.4301102    
      145072  0.4380765    
      145073  0.4458716    
      145074  0.4533714    
      145075  0.4603893    
      145076  0.4667915    
      145077  0.4727061    
      145078  0.4783840    
      145079  0.4840087    
      145080  0.4896862    
      145081  0.4954674    
      145082  0.5013722    
      145083  0.5074039    
      145084  0.5135564    
      145085  0.5198237    
      145086  0.5262001    
      145087  0.5326786    
      145088  0.5392522    
      145089  0.5459145    
      145090  0.5526608    
      145091  0.5594879    
      145092  0.5663930    
      145093  0.5733742    
      145094  0.5804304    
      145095  0.5875607    
      145096  0.5947658    
      145097  0.6020494    
      145098  0.6094145    
      145099  0.6168610    
      145100  0.6243827    
      145101  0.6319700    
      145102  0.6396152    
      145103  0.6473130    
      145104  0.6550589    
      145105  0.6628488    
      145106  0.6706786    
      145107  0.6785442    
      145108  0.6864416    
      145109  0.6943672    
      145110  0.7023179    
      145111  0.7102910    
      145112  0.7182840    
      145113  0.7262948    
      145114  0.7343215    
      145115  0.7423625    
      145116  0.7504163    
      145117  0.7584815    
      145118  0.7665572    
      145119  0.7746421    
      145120  0.7827355    
      145121  0.7908366    
      145122  0.7989444    
      145123  0.8070585    
      145124  0.8151779    
      145125  0.8233021    
      145126  0.8314304    
      145127  0.8395619    
      145128  0.8476956    
      145129  0.8558304    
      145130  0.8639646    
      145131  0.8720959    
      145132  0.8802210    
      145133  0.8883355    
      145134  0.8964324    
      145135  0.9045016    
      145136  0.9125284    
      145137  0.9204915    
      145138  0.9283631    
      145139  0.9361088    
      145140  0.9436882    
      145141  0.9510561    
      145142  0.9581726    
      145143  0.9650220    
      145144  0.9716290    
      145145  0.9780551    
      145146  0.9843661    
      145147  0.9906124    
      145148  0.9968245    
      145149   1.003019    
      145150   1.009203    
      145151   1.015382    
      145152   1.021559    
      145153   1.027738    
      145154   1.033924    
      145155   1.040125    
      145156   1.046352    
      145157   1.052619    
      145158   1.058940    
      145159   1.065324    
      145160   1.071781    
      145161   1.078316    
      145162   1.084933    
      145163   1.091633    
      145164   1.098416    
      145165   1.105279    
      145166   1.112220    
      145167   1.119235    
      145168   1.126319    
      145169   1.133471    
      145170   1.140691    
      145171   1.147978    
      145172   1.155335    
      145173   1.162760    
      145174   1.170254    
      145175   1.177811    
      145176   1.185424    
      145177   1.193091    
      145178   1.200806    
      145179   1.208567    
      145180   1.216369    
      145181   1.224211    
      145182   1.232088    
      145183   1.239995    
      145184   1.247931    
      145185   1.255893    
      145186   1.263876    
      145187   1.271879    
      145188   1.279900    
      145189   1.287937    
      145190   1.295988    
      145191   1.304051    
      145192   1.312127    
      145193   1.320212    
      145194   1.328307    
      145195   1.336411    
      145196   1.344522    
      145197   1.352640    
      145198   1.360765    
      145199   1.368896    
      145200   1.377031    
      145201   1.385172    
      145202   1.393317    
      145203   1.401466    
      145204   1.409619    
      145205   1.417775    
      145206   1.425934    
      145207   1.434097    
      145208   1.442261    
      145209   1.450428    
      145210   1.458598    
      145211   1.466770    
      145212   1.474943    
      145213   1.483118    
      145214   1.491295    
      145215   1.499473    
      145216   1.507653    
      145217   1.515833    
      145218   1.524015    
      145219   1.532198    
      145220   1.540381    
      145221   1.548566    
      145222   1.556751    
      145223   1.564937    
      145224   1.573124    
      145225   1.581311    
      145226   1.589499    
      145227   1.597687    
      145228   1.605875    
      145229   1.614064    
      145230   1.622253    
      145231   1.630442    
      145232   1.638632    
      145233   1.646822    
      145234   1.655012    
      145235   1.663202    
      145236   1.671393    
      145237   1.679583    
      145238   1.687774    
      145239   1.695965    
      145240   1.704156    
      145241   1.712347    
      145242   1.720538    
      145243   1.728729    
      145244   1.736920    
      145245   1.745111    
      145246   1.753302    
      145247   1.761493    
      145248   1.769685    
      145249   1.777876    
      145250   1.786067    
      145251   1.794258    
      145252   1.802450    
      145253   1.810641    
      145254   1.818832    
      145255   1.827024    
      145256   1.835215    
      145257   1.843406    
      145258   1.851597    
      145259   1.859789    
      145260   1.867980    
      145261   1.876171    
