      112281   1.567751    
      112282   1.559682    
      112283   1.551613    
      112284   1.543546    
      112285   1.535480    
      112286   1.527414    
      112287   1.519350    
      112288   1.511287    
      112289   1.503225    
      112290   1.495165    
      112291   1.487106    
      112292   1.479049    
      112293   1.470993    
      112294   1.462940    
      112295   1.454888    
      112296   1.446838    
      112297   1.438791    
      112298   1.430746    
      112299   1.422704    
      112300   1.414664    
      112301   1.406627    
      112302   1.398594    
      112303   1.390564    
      112304   1.382537    
      112305   1.374514    
      112306   1.366495    
      112307   1.358480    
      112308   1.350470    
      112309   1.342464    
      112310   1.334463    
      112311   1.326468    
      112312   1.318479    
      112313   1.310495    
      112314   1.302518    
      112315   1.294548    
      112316   1.286585    
      112317   1.278630    
      112318   1.270684    
      112319   1.262746    
      112320   1.254818    
      112321   1.246900    
      112322   1.238993    
      112323   1.231098    
      112324   1.223215    
      112325   1.215346    
      112326   1.207491    
      112327   1.199653    
      112328   1.191831    
      112329   1.184027    
      112330   1.176244    
      112331   1.168482    
      112332   1.160743    
      112333   1.153029    
      112334   1.145342    
      112335   1.137686    
      112336   1.130063    
      112337   1.122477    
      112338   1.114931    
      112339   1.107431    
      112340   1.099982    
      112341   1.092589    
      112342   1.085255    
      112343   1.077981    
      112344   1.070765    
      112345   1.063605    
      112346   1.056497    
      112347   1.049437    
      112348   1.042421    
      112349   1.035444    
      112350   1.028501    
      112351   1.021590    
      112352   1.014710    
      112353   1.007863    
      112354   1.001050    
      112355  0.9942775    
      112356  0.9875485    
      112357  0.9808683    
      112358  0.9742419    
      112359  0.9676735    
      112360  0.9611665    
      112361  0.9547218    
      112362  0.9483380    
      112363  0.9420128    
      112364  0.9357429    
      112365  0.9295214    
      112366  0.9233379    
      112367  0.9171749    
      112368  0.9109986    
      112369  0.9047481    
      112370  0.8983206    
      112371  0.8915586    
      112372  0.8843325    
      112373  0.8767110    
      112374  0.8688585    
      112375  0.8608923    
      112376  0.8528736    
      112377  0.8448308    
      112378  0.8367770    
      112379  0.8287178    
      112380  0.8206562    
      112381  0.8125935    
      112382  0.8045305    
      112383  0.7964680    
      112384  0.7884064    
      112385  0.7803461    
      112386  0.7722877    
      112387  0.7642317    
      112388  0.7561783    
      112389  0.7481279    
      112390  0.7400811    
      112391  0.7320381    
      112392  0.7239996    
      112393  0.7159657    
      112394  0.7079371    
      112395  0.6999141    
      112396  0.6918972    
      112397  0.6838866    
      112398  0.6758831    
      112399  0.6678870    
      112400  0.6598989    
      112401  0.6519194    
      112402  0.6439492    
      112403  0.6359890    
      112404  0.6280392    
      112405  0.6201010    
      112406  0.6121752    
      112407  0.6042627    
      112408  0.5963646    
      112409  0.5884820    
      112410  0.5806165    
      112411  0.5727693    
      112412  0.5649421    
      112413  0.5571364    
      112414  0.5493537    
      112415  0.5415946    
      112416  0.5338585    
      112417  0.5261439    
      112418  0.5184470    
      112419  0.5107609    
      112420  0.5030719    
      112421  0.4953576    
      112422  0.4875842    
      112423  0.4797085    
      112424  0.4716997    
      112425  0.4635832    
      112426  0.4554017    
      112427  0.4471813    
      112428  0.4389378    
      112429  0.4306805    
      112430  0.4224150    
      112431  0.4141446    
      112432  0.4058715    
      112433  0.3975968    
      112434  0.3893213    
      112435  0.3810456    
      112436  0.3727701    
      112437  0.3644949    
      112438  0.3562202    
      112439  0.3479460    
      112440  0.3396722    
      112441  0.3313986    
      112442  0.3231251    
      112443  0.3148515    
      112444  0.3065774    
      112445  0.2983026    
      112446  0.2900269    
      112447  0.2817502    
      112448  0.2734725    
      112449  0.2651938    
      112450  0.2569144    
      112451  0.2486345    
      112452  0.2403541    
      112453  0.2320735    
      112454  0.2237927    
      112455  0.2155118    
      112456  0.2072307    
      112457  0.1989496    
      112458  0.1906685    
      112459  0.1823873    
      112460  0.1741062    
      112461  0.1658252    
      112462  0.1575444    
      112463  0.1492638    
      112464  0.1409836    
      112465  0.1327040    
      112466  0.1244251    
      112467  0.1161473    
      112468  0.1078709    
      112469  9.9596374E-02
      112470  9.1324374E-02
      112471  8.3055884E-02
      112472  7.4792452E-02
      112473  6.6536814E-02
      112474  5.8294162E-02
      112475  5.0075285E-02
      112476  4.1904122E-02
      112477  3.3836387E-02
      112478  2.6006181E-02
      112479  1.8740781E-02
      112480  1.2836445E-02
      112481  1.0133863E-02
      112482  1.2830053E-02
      112483  1.8725216E-02
      112484  2.5978005E-02
      112485  3.3792339E-02
      112486  4.1841552E-02
      112487  4.9992159E-02
      112488  5.8189109E-02
      112489  6.6409171E-02
      112490  7.4642129E-02
      112491  8.2883388E-02
      112492  9.1130808E-02
      112493  9.9383280E-02
      112494  0.1076400    
      112495  0.1159005    
      112496  0.1241644    
      112497  0.1324311    
      112498  0.1407005    
      112499  0.1489722    
      112500  0.1572459    
      112501  0.1655212    
      112502  0.1737976    
      112503  0.1820748    
      112504  0.1903526    
      112505  0.1986307    
      112506  0.2069091    
      112507  0.2151875    
      112508  0.2234659    
      112509  0.2317441    
      112510  0.2400220    
      112511  0.2482994    
      112512  0.2565761    
      112513  0.2648517    
      112514  0.2731260    
      112515  0.2813984    
      112516  0.2896682    
      112517  0.2979346    
      112518  0.3061963    
      112519  0.3144518    
      112520  0.3226987    
      112521  0.3309343    
      112522  0.3391542    
      112523  0.3473512    
      112524  0.3555103    
      112525  0.3636228    
      112526  0.3716971    
      112527  0.3797451    
      112528  0.3877767    
      112529  0.3957994    
      112530  0.4038180    
      112531  0.4118361    
      112532  0.4198560    
      112533  0.4278790    
      112534  0.4359059    
      112535  0.4439374    
      112536  0.4519737    
      112537  0.4600151    
      112538  0.4680613    
      112539  0.4761122    
      112540  0.4841676    
      112541  0.4922270    
      112542  0.5002902    
      112543  0.5083566    
      112544  0.5164258    
      112545  0.5244973    
      112546  0.5325696    
      112547  0.5406401    
      112548  0.5487030    
      112549  0.5567450    
      112550  0.5647363    
      112551  0.5726135    
      112552  0.5802542    
      112553  0.5874889    
      112554  0.5942576    
      112555  0.6007152    
      112556  0.6070312    
      112557  0.6133090    
      112558  0.6196043    
      112559  0.6259425    
      112560  0.6323312    
      112561  0.6387731    
      112562  0.6452692    
      112563  0.6518189    
      112564  0.6584218    
      112565  0.6650772    
      112566  0.6717851    
      112567  0.6785452    
      112568  0.6853573    
      112569  0.6922212    
      112570  0.6991361    
      112571  0.7061015    
      112572  0.7131174    
      112573  0.7201839    
      112574  0.7273018    
      112575  0.7344720    
      112576  0.7416952    
      112577  0.7489698    
      112578  0.7562916    
      112579  0.7636535    
      112580  0.7710493    
      112581  0.7784739    
      112582  0.7859216    
      112583  0.7933856    
      112584  0.8008567    
      112585  0.8083227    
      112586  0.8157665    
      112587  0.8231634    
      112588  0.8304780    
      112589  0.8376578    
      112590  0.8446268    
      112591  0.8512839    
      112592  0.8575332    
      112593  0.8633611    
      112594  0.8688605    
      112595  0.8741605    
      112596  0.8793790    
      112597  0.8846098    
      112598  0.8899196    
      112599  0.8953470    
      112600  0.9009109    
      112601  0.9066201    
      112602  0.9124753    
      112603  0.9184709    
      112604  0.9245957    
      112605  0.9308405    
      112606  0.9371984    
      112607  0.9436616    
      112608  0.9502224    
      112609  0.9568739    
      112610  0.9636114    
      112611  0.9704310    
      112612  0.9773300    
      112613  0.9843061    
      112614  0.9913580    
      112615  0.9984850    
      112616   1.005687    
      112617   1.012968    
      112618   1.020331    
      112619   1.027775    
      112620   1.035295    
      112621   1.042881    
      112622   1.050525    
      112623   1.058222    
      112624   1.065967    
      112625   1.073756    
      112626   1.081585    
      112627   1.089450    
      112628   1.097347    
      112629   1.105272    
      112630   1.113223    
      112631   1.121196    
      112632   1.129189    
      112633   1.137199    
      112634   1.145226    
      112635   1.153267    
      112636   1.161320    
      112637   1.169386    
      112638   1.177461    
      112639   1.185546    
      112640   1.193639    
      112641   1.201740    
      112642   1.209848    
      112643   1.217962    
      112644   1.226081    
      112645   1.234205    
      112646   1.242333    
      112647   1.250464    
      112648   1.258597    
      112649   1.266732    
      112650   1.274866    
      112651   1.282997    
      112652   1.291122    
      112653   1.299236    
      112654   1.307332    
      112655   1.315401    
      112656   1.323427    
      112657   1.331390    
      112658   1.339261    
      112659   1.347006    
      112660   1.354585    
      112661   1.361951    
      112662   1.369066    
      112663   1.375914    
      112664   1.382520    
      112665   1.388945    
      112666   1.395255    
      112667   1.401501    
      112668   1.407713    
      112669   1.413907    
      112670   1.420091    
      112671   1.426270    
      112672   1.432447    
      112673   1.438626    
      112674   1.444812    
      112675   1.451013    
      112676   1.457240    
      112677   1.463507    
      112678   1.469827    
      112679   1.476212    
      112680   1.482669    
      112681   1.489203    
      112682   1.495821    
      112683   1.502521    
      112684   1.509303    
      112685   1.516166    
      112686   1.523107    
      112687   1.530122    
      112688   1.537206    
      112689   1.544358    
      112690   1.551578    
      112691   1.558866    
      112692   1.566222    
      112693   1.573648    
      112694   1.581141    
      112695   1.588698    
      112696   1.596312    
      112697   1.603978    
      112698   1.611693    
      112699   1.619454    
      112700   1.627256    
      112701   1.635098    
      112702   1.642974    
      112703   1.650882    
      112704   1.658818    
      112705   1.666779    
      112706   1.674762    
      112707   1.682765    
      112708   1.690786    
      112709   1.698823    
      112710   1.706874    
      112711   1.714937    
      112712   1.723012    
      112713   1.731098    
      112714   1.739193    
      112715   1.747297    
      112716   1.755408    
      112717   1.763526    
      112718   1.771651    
      112719   1.779781    
      112720   1.787917    
      112721   1.796057    
      112722   1.804202    
      112723   1.812351    
      112724   1.820504    
      112725   1.828660    
      112726   1.836820    
      112727   1.844982    
      112728   1.853147    
      112729   1.861314    
      112730   1.869484    
      112731   1.877655    
      112732   1.885829    
      112733   1.894004    
      112734   1.902181    
      112735   1.910359    
      112736   1.918538    
      112737   1.926719    
      112738   1.934901    
      112739   1.943083    
      112740   1.951267    
      112741   1.959452    
      112742   1.967637    
      112743   1.975823    
      112744   1.984009    
      112745   1.992196    
      112746   2.000384    
      112747   2.008572    
      112748   2.016761    
      112749   2.024950    
      112750   2.033139    
      112751   2.041328    
      112752   2.049518    
      112753   2.057708    
      112754   2.065898    
      112755   2.074088    
      112756   2.082278    
      112757   2.090467    
      112758   2.098654    
      112759   2.106834    
      112760   2.114996    
      112761   2.123111    
