      187375   2.094176    
      187376   2.086490    
      187377   2.078833    
      187378   2.071209    
      187379   2.063618    
      187380   2.056064    
      187381   2.048547    
      187382   2.041071    
      187383   2.033638    
      187384   2.026252    
      187385   2.018914    
      187386   2.011625    
      187387   2.004386    
      187388   1.997195    
      187389   1.990050    
      187390   1.982952    
      187391   1.975900    
      187392   1.968894    
      187393   1.961934    
      187394   1.955022    
      187395   1.948159    
      187396   1.941347    
      187397   1.934589    
      187398   1.927886    
      187399   1.921241    
      187400   1.914653    
      187401   1.908123    
      187402   1.901645    
      187403   1.895217    
      187404   1.888831    
      187405   1.882479    
      187406   1.876149    
      187407   1.869815    
      187408   1.863428    
      187409   1.856903    
      187410   1.850106    
      187411   1.842903    
      187412   1.835314    
      187413   1.827483    
      187414   1.819529    
      187415   1.811516    
      187416   1.803475    
      187417   1.795421    
      187418   1.787360    
      187419   1.779296    
      187420   1.771231    
      187421   1.763165    
      187422   1.755098    
      187423   1.747032    
      187424   1.738968    
      187425   1.730904    
      187426   1.722843    
      187427   1.714783    
      187428   1.706727    
      187429   1.698674    
      187430   1.690624    
      187431   1.682577    
      187432   1.674535    
      187433   1.666498    
      187434   1.658466    
      187435   1.650440    
      187436   1.642419    
      187437   1.634405    
      187438   1.626398    
      187439   1.618399    
      187440   1.610407    
      187441   1.602424    
      187442   1.594450    
      187443   1.586486    
      187444   1.578533    
      187445   1.570591    
      187446   1.562661    
      187447   1.554745    
      187448   1.546844    
      187449   1.538958    
      187450   1.531090    
      187451   1.523240    
      187452   1.515411    
      187453   1.507604    
      187454   1.499821    
      187455   1.492066    
      187456   1.484339    
      187457   1.476645    
      187458   1.468987    
      187459   1.461369    
      187460   1.453796    
      187461   1.446273    
      187462   1.438807    
      187463   1.431403    
      187464   1.424065    
      187465   1.416794    
      187466   1.409588    
      187467   1.402444    
      187468   1.395352    
      187469   1.388294    
      187470   1.381235    
      187471   1.374115    
      187472   1.366843    
      187473   1.359337    
      187474   1.351606    
      187475   1.343732    
      187476   1.335782    
      187477   1.327794    
      187478   1.319788    
      187479   1.311775    
      187480   1.303759    
      187481   1.295743    
      187482   1.287728    
      187483   1.279716    
      187484   1.271707    
      187485   1.263704    
      187486   1.255706    
      187487   1.247714    
      187488   1.239730    
      187489   1.231756    
      187490   1.223792    
      187491   1.215840    
      187492   1.207902    
      187493   1.199979    
      187494   1.192072    
      187495   1.184184    
      187496   1.176317    
      187497   1.168472    
      187498   1.160653    
      187499   1.152861    
      187500   1.145101    
      187501   1.137375    
      187502   1.129689    
      187503   1.122047    
      187504   1.114456    
      187505   1.106924    
      187506   1.099460    
      187507   1.092072    
      187508   1.084766    
      187509   1.077546    
      187510   1.070415    
      187511   1.063378    
      187512   1.056442    
      187513   1.049610    
      187514   1.042888    
      187515   1.036277    
      187516   1.029775    
      187517   1.023379    
      187518   1.017083    
      187519   1.010883    
      187520   1.004771    
      187521  0.9987394    
      187522  0.9927785    
      187523  0.9868810    
      187524  0.9810362    
      187525  0.9752250    
      187526  0.9694043    
      187527  0.9634873    
      187528  0.9573301    
      187529  0.9507642    
      187530  0.9437543    
      187531  0.9364276    
      187532  0.9289206    
      187533  0.9213181    
      187534  0.9136657    
      187535  0.9059881    
      187536  0.8982998    
      187537  0.8906096    
      187538  0.8829240    
      187539  0.8752479    
      187540  0.8675855    
      187541  0.8599405    
      187542  0.8523160    
      187543  0.8447154    
      187544  0.8371416    
      187545  0.8295981    
      187546  0.8220882    
      187547  0.8146166    
      187548  0.8071877    
      187549  0.7998067    
      187550  0.7924780    
      187551  0.7852050    
      187552  0.7779899    
      187553  0.7708341    
      187554  0.7637399    
      187555  0.7567105    
      187556  0.7497495    
      187557  0.7428606    
      187558  0.7360476    
      187559  0.7293144    
      187560  0.7226644    
      187561  0.7161004    
      187562  0.7096238    
      187563  0.7032342    
      187564  0.6969312    
      187565  0.6907132    
      187566  0.6845688    
      187567  0.6784656    
      187568  0.6723344    
      187569  0.6660467    
      187570  0.6593927    
      187571  0.6521879    
      187572  0.6445216    
      187573  0.6365955    
      187574  0.6285450    
      187575  0.6204392    
      187576  0.6123099    
      187577  0.6041714    
      187578  0.5960296    
      187579  0.5878872    
      187580  0.5797453    
      187581  0.5716046    
      187582  0.5634654    
      187583  0.5553278    
      187584  0.5471922    
      187585  0.5390586    
      187586  0.5309274    
      187587  0.5227988    
      187588  0.5146730    
      187589  0.5065503    
      187590  0.4984311    
      187591  0.4903156    
      187592  0.4822042    
      187593  0.4740973    
      187594  0.4659952    
      187595  0.4578984    
      187596  0.4498073    
      187597  0.4417225    
      187598  0.4336446    
      187599  0.4255741    
      187600  0.4175116    
      187601  0.4094580    
      187602  0.4014140    
      187603  0.3933805    
      187604  0.3853584    
      187605  0.3773489    
      187606  0.3693531    
      187607  0.3613723    
      187608  0.3534079    
      187609  0.3454616    
      187610  0.3375351    
      187611  0.3296304    
      187612  0.3217494    
      187613  0.3138947    
      187614  0.3060688    
      187615  0.2982742    
      187616  0.2905137    
      187617  0.2827900    
      187618  0.2751062    
      187619  0.2674654    
      187620  0.2598710    
      187621  0.2523263    
      187622  0.2448344    
      187623  0.2373979    
      187624  0.2300192    
      187625  0.2227001    
      187626  0.2154427    
      187627  0.2082504    
      187628  0.2011274    
      187629  0.1940795    
      187630  0.1871148    
      187631  0.1802424    
      187632  0.1734712    
      187633  0.1668078    
      187634  0.1602530    
      187635  0.1537942    
      187636  0.1473936    
      187637  0.1409788    
      187638  0.1344417    
      187639  0.1276560    
      187640  0.1205436    
      187641  0.1131235    
      187642  0.1054790    
      187643  9.7693928E-02
      187644  8.9818008E-02
      187645  8.1876323E-02
      187646  7.3883213E-02
      187647  6.5849364E-02
      187648  5.7786264E-02
      187649  4.9710974E-02
      187650  4.1653138E-02
      187651  3.3672906E-02
      187652  2.5907855E-02
      187653  1.8688310E-02
      187654  1.2813355E-02
      187655  1.0127407E-02
      187656  1.2835370E-02
      187657  1.8743375E-02
      187658  2.6011549E-02
      187659  3.3843815E-02
      187660  4.1912992E-02
      187661  5.0085127E-02
      187662  5.8304664E-02
      187663  6.6547766E-02
      187664  7.4803703E-02
      187665  8.3067343E-02
      187666  9.1335982E-02
      187667  9.9608086E-02
      187668  0.1078827    
      187669  0.1161591    
      187670  0.1244370    
      187671  0.1327159    
      187672  0.1409956    
      187673  0.1492758    
      187674  0.1575564    
      187675  0.1658372    
      187676  0.1741183    
      187677  0.1823994    
      187678  0.1906805    
      187679  0.1989616    
      187680  0.2072427    
      187681  0.2155237    
      187682  0.2238045    
      187683  0.2320851    
      187684  0.2403655    
      187685  0.2486454    
      187686  0.2569247    
      187687  0.2652031    
      187688  0.2734802    
      187689  0.2817554    
      187690  0.2900279    
      187691  0.2982963    
      187692  0.3065586    
      187693  0.3148120    
      187694  0.3230521    
      187695  0.3312727    
      187696  0.3394645    
      187697  0.3476152    
      187698  0.3557089    
      187699  0.3637276    
      187700  0.3716461    
      187701  0.3794191    
      187702  0.3869823    
      187703  0.3942668    
      187704  0.4012363    
      187705  0.4079150    
      187706  0.4143772    
      187707  0.4207016    
      187708  0.4269472    
      187709  0.4331516    
      187710  0.4393345    
      187711  0.4455067    
      187712  0.4516755    
      187713  0.4578473    
      187714  0.4640290    
      187715  0.4702293    
      187716  0.4764598    
      187717  0.4827347    
      187718  0.4890684    
      187719  0.4954733    
      187720  0.5019575    
      187721  0.5085250    
      187722  0.5151764    
      187723  0.5219114    
      187724  0.5287294    
      187725  0.5356286    
      187726  0.5426064    
      187727  0.5496594    
      187728  0.5567849    
      187729  0.5639809    
      187730  0.5712447    
      187731  0.5785732    
      187732  0.5859613    
      187733  0.5934016    
      187734  0.6008862    
      187735  0.6084099    
      187736  0.6159707    
      187737  0.6235683    
      187738  0.6312032    
      187739  0.6388763    
      187740  0.6465880    
      187741  0.6543374    
      187742  0.6621227    
      187743  0.6699417    
      187744  0.6777918    
      187745  0.6856703    
      187746  0.6935745    
      187747  0.7015021    
      187748  0.7094510    
      187749  0.7174191    
      187750  0.7254047    
      187751  0.7334063    
      187752  0.7414222    
      187753  0.7494514    
      187754  0.7574925    
      187755  0.7655444    
      187756  0.7736064    
      187757  0.7816775    
      187758  0.7897568    
      187759  0.7978438    
      187760  0.8059378    
      187761  0.8140381    
      187762  0.8221444    
      187763  0.8302561    
      187764  0.8383727    
      187765  0.8464938    
      187766  0.8546193    
      187767  0.8627486    
      187768  0.8708814    
      187769  0.8790177    
      187770  0.8871570    
      187771  0.8952991    
      187772  0.9034438    
      187773  0.9115909    
      187774  0.9197404    
      187775  0.9278918    
      187776  0.9360451    
      187777  0.9442002    
      187778  0.9523568    
      187779  0.9605149    
      187780  0.9686744    
      187781  0.9768351    
      187782  0.9849969    
      187783  0.9931598    
      187784   1.001324    
      187785   1.009488    
      187786   1.017654    
      187787   1.025820    
      187788   1.033987    
      187789   1.042154    
      187790   1.050322    
      187791   1.058490    
      187792   1.066659    
      187793   1.074828    
      187794   1.082997    
      187795   1.091166    
      187796   1.099336    
      187797   1.107505    
      187798   1.115675    
      187799   1.123845    
      187800   1.132015    
      187801   1.140185    
      187802   1.148354    
      187803   1.156524    
      187804   1.164693    
      187805   1.172863    
      187806   1.181032    
      187807   1.189201    
      187808   1.197369    
      187809   1.205537    
      187810   1.213705    
      187811   1.221873    
      187812   1.230039    
      187813   1.238206    
      187814   1.246372    
      187815   1.254538    
      187816   1.262703    
      187817   1.270867    
      187818   1.279031    
      187819   1.287194    
      187820   1.295357    
      187821   1.303518    
