      265915   2.117743    
      265916   2.111243    
      265917   2.104847    
      265918   2.098552    
      265919   2.092352    
      265920   2.086240    
      265921   2.080208    
      265922   2.074247    
      265923   2.068350    
      265924   2.062506    
      265925   2.056695    
      265926   2.050874    
      265927   2.044956    
      265928   2.038798    
      265929   2.032231    
      265930   2.025220    
      265931   2.017893    
      265932   2.010386    
      265933   2.002783    
      265934   1.995131    
      265935   1.987453    
      265936   1.979764    
      265937   1.972074    
      265938   1.964389    
      265939   1.956712    
      265940   1.949050    
      265941   1.941405    
      265942   1.933781    
      265943   1.926180    
      265944   1.918607    
      265945   1.911063    
      265946   1.903554    
      265947   1.896082    
      265948   1.888654    
      265949   1.881273    
      265950   1.873944    
      265951   1.866672    
      265952   1.859457    
      265953   1.852301    
      265954   1.845208    
      265955   1.838179    
      265956   1.831218    
      265957   1.824330    
      265958   1.817517    
      265959   1.810785    
      265960   1.804135    
      265961   1.797569    
      265962   1.791088    
      265963   1.784685    
      265964   1.778343    
      265965   1.772024    
      265966   1.765651    
      265967   1.759085    
      265968   1.752126    
      265969   1.744674    
      265970   1.736862    
      265971   1.728856    
      265972   1.720758    
      265973   1.712618    
      265974   1.704460    
      265975   1.696294    
      265976   1.688126    
      265977   1.679957    
      265978   1.671789    
      265979   1.663621    
      265980   1.655455    
      265981   1.647289    
      265982   1.639125    
      265983   1.630962    
      265984   1.622800    
      265985   1.614640    
      265986   1.606483    
      265987   1.598327    
      265988   1.590174    
      265989   1.582023    
      265990   1.573875    
      265991   1.565730    
      265992   1.557589    
      265993   1.549451    
      265994   1.541318    
      265995   1.533189    
      265996   1.525065    
      265997   1.516946    
      265998   1.508834    
      265999   1.500727    
      266000   1.492628    
      266001   1.484537    
      266002   1.476455    
      266003   1.468383    
      266004   1.460321    
      266005   1.452271    
      266006   1.444234    
      266007   1.436212    
      266008   1.428206    
      266009   1.420219    
      266010   1.412253    
      266011   1.404310    
      266012   1.396393    
      266013   1.388505    
      266014   1.380651    
      266015   1.372833    
      266016   1.365057    
      266017   1.357326    
      266018   1.349644    
      266019   1.342015    
      266020   1.334442    
      266021   1.326928    
      266022   1.319473    
      266023   1.312079    
      266024   1.304747    
      266025   1.297478    
      266026   1.290274    
      266027   1.283140    
      266028   1.276081    
      266029   1.269105    
      266030   1.262221    
      266031   1.255441    
      266032   1.248778    
      266033   1.242243    
      266034   1.235848    
      266035   1.229598    
      266036   1.223487    
      266037   1.217505    
      266038   1.211632    
      266039   1.205841    
      266040   1.200095    
      266041   1.194346    
      266042   1.188528    
      266043   1.182550    
      266044   1.176297    
      266045   1.169655    
      266046   1.162590    
      266047   1.155168    
      266048   1.147493    
      266049   1.139654    
      266050   1.131709    
      266051   1.123693    
      266052   1.115625    
      266053   1.107519    
      266054   1.099384    
      266055   1.091227    
      266056   1.083055    
      266057   1.074873    
      266058   1.066684    
      266059   1.058491    
      266060   1.050295    
      266061   1.042098    
      266062   1.033901    
      266063   1.025704    
      266064   1.017509    
      266065   1.009314    
      266066   1.001122    
      266067  0.9929310    
      266068  0.9847429    
      266069  0.9765574    
      266070  0.9683751    
      266071  0.9601963    
      266072  0.9520212    
      266073  0.9438508    
      266074  0.9356853    
      266075  0.9275253    
      266076  0.9193717    
      266077  0.9112253    
      266078  0.9030869    
      266079  0.8949576    
      266080  0.8868389    
      266081  0.8787321    
      266082  0.8706391    
      266083  0.8625622    
      266084  0.8545038    
      266085  0.8464671    
      266086  0.8384560    
      266087  0.8304750    
      266088  0.8225298    
      266089  0.8146276    
      266090  0.8067774    
      266091  0.7989898    
      266092  0.7912778    
      266093  0.7836559    
      266094  0.7761394    
      266095  0.7687429    
      266096  0.7614786    
      266097  0.7543558    
      266098  0.7473817    
      266099  0.7405580    
      266100  0.7338810    
      266101  0.7273424    
      266102  0.7209297    
      266103  0.7146274    
      266104  0.7084174    
      266105  0.7022825    
      266106  0.6962090    
      266107  0.6901871    
      266108  0.6842120    
      266109  0.6782823    
      266110  0.6723992    
      266111  0.6665660    
      266112  0.6607875    
      266113  0.6550696    
      266114  0.6494167    
      266115  0.6438284    
      266116  0.6382946    
      266117  0.6327881    
      266118  0.6272541    
      266119  0.6215950    
      266120  0.6156576    
      266121  0.6092425    
      266122  0.6022381    
      266123  0.5947598    
      266124  0.5869879    
      266125  0.5790472    
      266126  0.5710052    
      266127  0.5628979    
      266128  0.5547450    
      266129  0.5465583    
      266130  0.5383452    
      266131  0.5301117    
      266132  0.5218639    
      266133  0.5136063    
      266134  0.5053420    
      266135  0.4970732    
      266136  0.4888014    
      266137  0.4805275    
      266138  0.4722521    
      266139  0.4639755    
      266140  0.4556983    
      266141  0.4474205    
      266142  0.4391423    
      266143  0.4308639    
      266144  0.4225851    
      266145  0.4143062    
      266146  0.4060270    
      266147  0.3977477    
      266148  0.3894683    
      266149  0.3811887    
      266150  0.3729090    
      266151  0.3646291    
      266152  0.3563492    
      266153  0.3480692    
      266154  0.3397891    
      266155  0.3315089    
      266156  0.3232286    
      266157  0.3149482    
      266158  0.3066677    
      266159  0.2983871    
      266160  0.2901065    
      266161  0.2818258    
      266162  0.2735450    
      266163  0.2652641    
      266164  0.2569832    
      266165  0.2487022    
      266166  0.2404211    
      266167  0.2321399    
      266168  0.2238588    
      266169  0.2155776    
      266170  0.2072963    
      266171  0.1990150    
      266172  0.1907337    
      266173  0.1824525    
      266174  0.1741712    
      266175  0.1658901    
      266176  0.1576092    
      266177  0.1493285    
      266178  0.1410481    
      266179  0.1327683    
      266180  0.1244893    
      266181  0.1162113    
      266182  0.1079347    
      266183  9.9659875E-02
      266184  9.1387466E-02
      266185  8.3118409E-02
      266186  7.4854165E-02
      266187  6.6597372E-02
      266188  5.8353044E-02
      266189  5.0131764E-02
      266190  4.1957177E-02
      266191  3.3884622E-02
      266192  2.6047930E-02
      266193  1.8774647E-02
      266194  1.2862684E-02
      266195  1.0157422E-02
      266196  1.2862682E-02
      266197  1.8774645E-02
      266198  2.6047925E-02
      266199  3.3884618E-02
      266200  4.1957177E-02
      266201  5.0131768E-02
      266202  5.8353044E-02
      266203  6.6597372E-02
      266204  7.4854173E-02
      266205  8.3118409E-02
      266206  9.1387480E-02
      266207  9.9659875E-02
      266208  0.1079347    
      266209  0.1162113    
      266210  0.1244893    
      266211  0.1327684    
      266212  0.1410481    
      266213  0.1493285    
      266214  0.1576092    
      266215  0.1658901    
      266216  0.1741712    
      266217  0.1824525    
      266218  0.1907337    
      266219  0.1990150    
      266220  0.2072963    
      266221  0.2155775    
