       37241  0.5467516    
       37242  0.5384761    
       37243  0.5301998    
       37244  0.5219229    
       37245  0.5136458    
       37246  0.5053684    
       37247  0.4970908    
       37248  0.4888131    
       37249  0.4805352    
       37250  0.4722571    
       37251  0.4639789    
       37252  0.4557005    
       37253  0.4474220    
       37254  0.4391433    
       37255  0.4308645    
       37256  0.4225855    
       37257  0.4143064    
       37258  0.4060271    
       37259  0.3977478    
       37260  0.3894683    
       37261  0.3811887    
       37262  0.3729089    
       37263  0.3646291    
       37264  0.3563492    
       37265  0.3480692    
       37266  0.3397890    
       37267  0.3315088    
       37268  0.3232285    
       37269  0.3149481    
       37270  0.3066677    
       37271  0.2983871    
       37272  0.2901064    
       37273  0.2818257    
       37274  0.2735449    
       37275  0.2652641    
       37276  0.2569831    
       37277  0.2487021    
       37278  0.2404211    
       37279  0.2321399    
       37280  0.2238587    
       37281  0.2155775    
       37282  0.2072963    
       37283  0.1990150    
       37284  0.1907337    
       37285  0.1824524    
       37286  0.1741712    
       37287  0.1658901    
       37288  0.1576091    
       37289  0.1493284    
       37290  0.1410481    
       37291  0.1327683    
       37292  0.1244893    
       37293  0.1162113    
       37294  0.1079347    
       37295  9.9659845E-02
       37296  9.1387443E-02
       37297  8.3118379E-02
       37298  7.4854150E-02
       37299  6.6597350E-02
       37300  5.8353018E-02
       37301  5.0131746E-02
       37302  4.1957155E-02
       37303  3.3884600E-02
       37304  2.6047913E-02
       37305  1.8774636E-02
       37306  1.2862674E-02
       37307  1.0157411E-02
       37308  1.2862665E-02
       37309  1.8774614E-02
       37310  2.6047869E-02
       37311  3.3884525E-02
       37312  4.1957028E-02
       37313  5.0131530E-02
       37314  5.8352672E-02
       37315  6.6596813E-02
       37316  7.4853338E-02
       37317  8.3117172E-02
       37318  9.1385663E-02
       37319  9.9657312E-02
       37320  0.1079312    
       37321  0.1162067    
       37322  0.1244834    
       37323  0.1327610    
       37324  0.1410391    
       37325  0.1493176    
       37326  0.1575961    
       37327  0.1658746    
       37328  0.1741529    
       37329  0.1824309    
       37330  0.1907086    
       37331  0.1989859    
       37332  0.2072630    
       37333  0.2155398    
       37334  0.2238164    
       37335  0.2320929    
       37336  0.2403691    
       37337  0.2486452    
       37338  0.2569212    
       37339  0.2651970    
       37340  0.2734727    
       37341  0.2817480    
       37342  0.2900223    
       37343  0.2982948    
       37344  0.3065629    
       37345  0.3148224    
       37346  0.3230643    
       37347  0.3312719    
       37348  0.3394136    
       37349  0.3474334    
       37350  0.3552439    
       37351  0.3627341    
       37352  0.3699016    
       37353  0.3768527    
       37354  0.3837023    
       37355  0.3905256    
       37356  0.3973676    
       37357  0.4042538    
       37358  0.4111993    
       37359  0.4182100    
       37360  0.4252874    
       37361  0.4324321    
       37362  0.4396457    
       37363  0.4469306    
       37364  0.4542860    
       37365  0.4617057    
       37366  0.4691813    
       37367  0.4767059    
       37368  0.4842744    
       37369  0.4918829    
       37370  0.4995275    
       37371  0.5072052    
       37372  0.5149134    
       37373  0.5226494    
       37374  0.5304110    
       37375  0.5381960    
       37376  0.5460026    
       37377  0.5538292    
       37378  0.5616742    
       37379  0.5695361    
       37380  0.5774138    
       37381  0.5853059    
       37382  0.5932114    
       37383  0.6011293    
       37384  0.6090588    
       37385  0.6169991    
       37386  0.6249494    
       37387  0.6329090    
       37388  0.6408773    
       37389  0.6488537    
       37390  0.6568375    
       37391  0.6648282    
       37392  0.6728253    
       37393  0.6808282    
       37394  0.6888363    
       37395  0.6968488    
       37396  0.7048649    
       37397  0.7128840    
       37398  0.7209054    
       37399  0.7289283    
       37400  0.7369520    
       37401  0.7449757    
       37402  0.7529986    
       37403  0.7610195    
       37404  0.7690367    
       37405  0.7770465    
       37406  0.7850426    
       37407  0.7930108    
       37408  0.8009222    
       37409  0.8087206    
       37410  0.8163135    
       37411  0.8236196    
       37412  0.8306732    
       37413  0.8375908    
       37414  0.8444714    
       37415  0.8513745    
       37416  0.8583326    
       37417  0.8653609    
       37418  0.8724651    
       37419  0.8796487    
       37420  0.8869147    
       37421  0.8942630    
       37422  0.9016855    
       37423  0.9091700    
       37424  0.9167076    
       37425  0.9242920    
       37426  0.9319183    
       37427  0.9395825    
       37428  0.9472812    
       37429  0.9550111    
       37430  0.9627695    
       37431  0.9705535    
       37432  0.9783608    
       37433  0.9861888    
       37434  0.9940351    
       37435   1.001897    
       37436   1.009772    
       37437   1.017658    
       37438   1.025549    
       37439   1.033444    
       37440   1.041338    
       37441   1.049225    
       37442   1.057101    
       37443   1.064955    
       37444   1.072771    
       37445   1.080514    
       37446   1.088123    
       37447   1.095494    
       37448   1.102508    
       37449   1.109141    
       37450   1.115511    
       37451   1.121750    
       37452   1.127943    
       37453   1.134143    
       37454   1.140379    
       37455   1.146665    
       37456   1.153014    
       37457   1.159432    
       37458   1.165925    
       37459   1.172499    
       37460   1.179154    
       37461   1.185891    
       37462   1.192707    
       37463   1.199599    
       37464   1.206564    
       37465   1.213598    
       37466   1.220702    
       37467   1.227874    
       37468   1.235116    
       37469   1.242429    
       37470   1.249813    
       37471   1.257261    
       37472   1.264763    
       37473   1.272315    
       37474   1.279911    
       37475   1.287548    
       37476   1.295223    
       37477   1.302934    
       37478   1.310676    
       37479   1.318449    
       37480   1.326250    
       37481   1.334075    
       37482   1.341924    
       37483   1.349794    
       37484   1.357683    
       37485   1.365590    
       37486   1.373513    
       37487   1.381451    
       37488   1.389403    
       37489   1.397367    
       37490   1.405344    
       37491   1.413330    
       37492   1.421327    
       37493   1.429333    
       37494   1.437347    
       37495   1.445369    
       37496   1.453398    
       37497   1.461433    
       37498   1.469474    
       37499   1.477521    
       37500   1.485573    
       37501   1.493630    
       37502   1.501691    
       37503   1.509755    
       37504   1.517823    
       37505   1.525894    
       37506   1.533968    
       37507   1.542045    
       37508   1.550123    
       37509   1.558203    
       37510   1.566285    
       37511   1.574368    
       37512   1.582451    
       37513   1.590534    
       37514   1.598616    
       37515   1.606698    
       37516   1.614776    
       37517   1.622850    
       37518   1.630917    
       37519   1.638972    
       37520   1.647006    
       37521   1.655010    
       37522   1.662968    
       37523   1.670871    
       37524   1.678728    
       37525   1.686553    
       37526   1.694360    
       37527   1.702161    
       37528   1.709960    
       37529   1.717763    
       37530   1.725566    
       37531   1.733364    
       37532   1.741139    
       37533   1.748858    
       37534   1.756474    
       37535   1.763962    
       37536   1.771363    
       37537   1.778729    
       37538   1.786094    
       37539   1.793474    
       37540   1.800876    
       37541   1.808303    
       37542   1.815751    
       37543   1.823215    
       37544   1.830686    
       37545   1.838152    
       37546   1.845596    
       37547   1.852992    
       37548   1.860307    
       37549   1.867487    
       37550   1.874456    
       37551   1.881114    
       37552   1.887364    
       37553   1.893193    
       37554   1.898692    
       37555   1.903993    
       37556   1.909211    
       37557   1.914442    
       37558   1.919751    
       37559   1.925178    
       37560   1.930742    
       37561   1.936451    
       37562   1.942306    
       37563   1.948301    
       37564   1.954426    
       37565   1.960671    
       37566   1.967029    
       37567   1.973492    
       37568   1.980052    
       37569   1.986704    
       37570   1.993441    
       37571   2.000261    
       37572   2.007160    
       37573   2.014136    
       37574   2.021188    
       37575   2.028315    
       37576   2.035517    
       37577   2.042798    
       37578   2.050160    
       37579   2.057605    
       37580   2.065125    
       37581   2.072710    
       37582   2.080353    
       37583   2.088049    
       37584   2.095790    
       37585   2.103569    
       37586   2.111370    
       37587   2.119160    
