      227206   2.088245    
      227207   2.080329    
      227208   2.072427    
      227209   2.064542    
      227210   2.056673    
      227211   2.048823    
      227212   2.040994    
      227213   2.033187    
      227214   2.025404    
      227215   2.017649    
      227216   2.009922    
      227217   2.002228    
      227218   1.994570    
      227219   1.986952    
      227220   1.979379    
      227221   1.971856    
      227222   1.964390    
      227223   1.956986    
      227224   1.949649    
      227225   1.942378    
      227226   1.935172    
      227227   1.928027    
      227228   1.920935    
      227229   1.913878    
      227230   1.906819    
      227231   1.899699    
      227232   1.892426    
      227233   1.884920    
      227234   1.877189    
      227235   1.869315    
      227236   1.861364    
      227237   1.853377    
      227238   1.845371    
      227239   1.837358    
      227240   1.829342    
      227241   1.821325    
      227242   1.813311    
      227243   1.805299    
      227244   1.797290    
      227245   1.789287    
      227246   1.781288    
      227247   1.773297    
      227248   1.765313    
      227249   1.757339    
      227250   1.749375    
      227251   1.741423    
      227252   1.733485    
      227253   1.725561    
      227254   1.717655    
      227255   1.709767    
      227256   1.701899    
      227257   1.694055    
      227258   1.686235    
      227259   1.678444    
      227260   1.670683    
      227261   1.662958    
      227262   1.655272    
      227263   1.647630    
      227264   1.640039    
      227265   1.632507    
      227266   1.625043    
      227267   1.617655    
      227268   1.610349    
      227269   1.603129    
      227270   1.595998    
      227271   1.588962    
      227272   1.582025    
      227273   1.575194    
      227274   1.568472    
      227275   1.561861    
      227276   1.555359    
      227277   1.548963    
      227278   1.542668    
      227279   1.536468    
      227280   1.530356    
      227281   1.524324    
      227282   1.518364    
      227283   1.512466    
      227284   1.506622    
      227285   1.500810    
      227286   1.494990    
      227287   1.489072    
      227288   1.482915    
      227289   1.476348    
      227290   1.469337    
      227291   1.462010    
      227292   1.454503    
      227293   1.446900    
      227294   1.439248    
      227295   1.431570    
      227296   1.423882    
      227297   1.416192    
      227298   1.408506    
      227299   1.400830    
      227300   1.393167    
      227301   1.385522    
      227302   1.377898    
      227303   1.370297    
      227304   1.362724    
      227305   1.355180    
      227306   1.347671    
      227307   1.340199    
      227308   1.332771    
      227309   1.325390    
      227310   1.318061    
      227311   1.310789    
      227312   1.303574    
      227313   1.296418    
      227314   1.289324    
      227315   1.282295    
      227316   1.275334    
      227317   1.268446    
      227318   1.261634    
      227319   1.254901    
      227320   1.248252    
      227321   1.241688    
      227322   1.235212    
      227323   1.228823    
      227324   1.222521    
      227325   1.216303    
      227326   1.210156    
      227327   1.204047    
      227328   1.197902    
      227329   1.191587    
      227330   1.184887    
      227331   1.177631    
      227332   1.169930    
      227333   1.161983    
      227334   1.153919    
      227335   1.145802    
      227336   1.137662    
      227337   1.129514    
      227338   1.121364    
      227339   1.113212    
      227340   1.105062    
      227341   1.096912    
      227342   1.088764    
      227343   1.080618    
      227344   1.072474    
      227345   1.064332    
      227346   1.056192    
      227347   1.048055    
      227348   1.039921    
      227349   1.031790    
      227350   1.023662    
      227351   1.015538    
      227352   1.007419    
      227353  0.9993033    
      227354  0.9911929    
      227355  0.9830880    
      227356  0.9749889    
      227357  0.9668962    
      227358  0.9588105    
      227359  0.9507325    
      227360  0.9426628    
      227361  0.9346024    
      227362  0.9265522    
      227363  0.9185129    
      227364  0.9104858    
      227365  0.9024723    
      227366  0.8944736    
      227367  0.8864912    
      227368  0.8785270    
      227369  0.8705826    
      227370  0.8626604    
      227371  0.8547626    
      227372  0.8468916    
      227373  0.8390503    
      227374  0.8312415    
      227375  0.8234682    
      227376  0.8157334    
      227377  0.8080403    
      227378  0.8003922    
      227379  0.7927927    
      227380  0.7852451    
      227381  0.7777526    
      227382  0.7703179    
      227383  0.7629427    
      227384  0.7556283    
      227385  0.7483768    
      227386  0.7411913    
      227387  0.7340755    
      227388  0.7270354    
      227389  0.7200789    
      227390  0.7132158    
      227391  0.7064576    
      227392  0.6998175    
      227393  0.6933085    
      227394  0.6869411    
      227395  0.6807206    
      227396  0.6746436    
      227397  0.6687013    
      227398  0.6628749    
      227399  0.6571388    
      227400  0.6514587    
      227401  0.6457886    
      227402  0.6400636    
      227403  0.6341881    
      227404  0.6280306    
      227405  0.6214507    
      227406  0.6144095    
      227407  0.6069905    
      227408  0.5993121    
      227409  0.5914685    
      227410  0.5835190    
      227411  0.5754984    
      227412  0.5674273    
      227413  0.5593184    
      227414  0.5511810    
      227415  0.5430220    
      227416  0.5348481    
      227417  0.5266638    
      227418  0.5184729    
      227419  0.5102779    
      227420  0.5020805    
      227421  0.4938820    
      227422  0.4856833    
      227423  0.4774851    
      227424  0.4692878    
      227425  0.4610919    
      227426  0.4528978    
      227427  0.4447058    
      227428  0.4365161    
      227429  0.4283292    
      227430  0.4201454    
      227431  0.4119651    
      227432  0.4037887    
      227433  0.3956167    
      227434  0.3874496    
      227435  0.3792880    
      227436  0.3711327    
      227437  0.3629844    
      227438  0.3548441    
      227439  0.3467128    
      227440  0.3385919    
      227441  0.3304828    
      227442  0.3223873    
      227443  0.3143075    
      227444  0.3062460    
      227445  0.2982057    
      227446  0.2901904    
      227447  0.2822046    
      227448  0.2742539    
      227449  0.2663450    
      227450  0.2584865    
      227451  0.2506889    
      227452  0.2429644    
      227453  0.2353269    
      227454  0.2277910    
      227455  0.2203705    
      227456  0.2130771    
      227457  0.2059192    
      227458  0.1989021    
      227459  0.1920261    
      227460  0.1852854    
      227461  0.1786695    
      227462  0.1721634    
      227463  0.1657482    
      227464  0.1594021    
      227465  0.1531034    
      227466  0.1468330    
      227467  0.1405737    
      227468  0.1343090    
      227469  0.1280199    
      227470  0.1216795    
      227471  0.1152471    
      227472  0.1086668    
      227473  0.1018724    
      227474  9.4817489E-02
      227475  8.7503485E-02
      227476  7.9982989E-02
      227477  7.2326027E-02
      227478  6.4580888E-02
      227479  5.6772649E-02
      227480  4.8920490E-02
      227481  4.1052666E-02
      227482  3.3230335E-02
      227483  2.5594641E-02
      227484  1.8478693E-02
      227485  1.2680753E-02
      227486  1.0034725E-02
      227487  1.2734612E-02
      227488  1.8613115E-02
      227489  2.5848510E-02
      227490  3.3651788E-02
      227491  4.1697886E-02
      227492  4.9852803E-02
      227493  5.8059949E-02
      227494  6.6294327E-02
      227495  7.4544191E-02
      227496  8.2803592E-02
      227497  9.1069266E-02
      227498  9.9339232E-02
      227499  0.1076123    
      227500  0.1158875    
      227501  0.1241644    
      227502  0.1324425    
      227503  0.1407214    
      227504  0.1490009    
      227505  0.1572808    
      227506  0.1655611    
      227507  0.1738415    
      227508  0.1821221    
      227509  0.1904029    
      227510  0.1986836    
      227511  0.2069645    
      227512  0.2152453    
      227513  0.2235261    
      227514  0.2318069    
      227515  0.2400877    
      227516  0.2483685    
      227517  0.2566492    
      227518  0.2649299    
      227519  0.2732105    
      227520  0.2814911    
      227521  0.2897716    
      227522  0.2980520    
      227523  0.3063324    
      227524  0.3146127    
      227525  0.3228929    
      227526  0.3311731    
      227527  0.3394531    
      227528  0.3477331    
      227529  0.3560129    
      227530  0.3642927    
      227531  0.3725724    
      227532  0.3808519    
      227533  0.3891314    
      227534  0.3974107    
      227535  0.4056899    
      227536  0.4139690    
      227537  0.4222479    
      227538  0.4305267    
      227539  0.4388053    
      227540  0.4470838    
      227541  0.4553621    
      227542  0.4636404    
      227543  0.4719184    
      227544  0.4801963    
      227545  0.4884740    
      227546  0.4967514    
      227547  0.5050287    
      227548  0.5133058    
      227549  0.5215826    
      227550  0.5298588    
      227551  0.5381340    
      227552  0.5464070    
      227553  0.5546774    
      227554  0.5629454    
      227555  0.5712110    
      227556  0.5794746    
      227557  0.5877361    
      227558  0.5959958    
      227559  0.6042538    
      227560  0.6125101    
      227561  0.6207649    
      227562  0.6290180    
      227563  0.6372696    
      227564  0.6455199    
      227565  0.6537685    
      227566  0.6620159    
      227567  0.6702617    
      227568  0.6785064    
      227569  0.6867496    
      227570  0.6949915    
      227571  0.7032320    
      227572  0.7114713    
      227573  0.7197092    
      227574  0.7279457    
      227575  0.7361809    
      227576  0.7444148    
      227577  0.7526473    
      227578  0.7608786    
      227579  0.7691084    
      227580  0.7773368    
      227581  0.7855639    
