      140281   1.931867    
      140282   1.923798    
      140283   1.915730    
      140284   1.907662    
      140285   1.899595    
      140286   1.891530    
      140287   1.883466    
      140288   1.875402    
      140289   1.867340    
      140290   1.859280    
      140291   1.851221    
      140292   1.843163    
      140293   1.835108    
      140294   1.827054    
      140295   1.819003    
      140296   1.810953    
      140297   1.802906    
      140298   1.794861    
      140299   1.786818    
      140300   1.778778    
      140301   1.770742    
      140302   1.762708    
      140303   1.754678    
      140304   1.746651    
      140305   1.738627    
      140306   1.730608    
      140307   1.722594    
      140308   1.714583    
      140309   1.706578    
      140310   1.698577    
      140311   1.690582    
      140312   1.682592    
      140313   1.674609    
      140314   1.666632    
      140315   1.658662    
      140316   1.650699    
      140317   1.642744    
      140318   1.634797    
      140319   1.626860    
      140320   1.618932    
      140321   1.611014    
      140322   1.603107    
      140323   1.595212    
      140324   1.587329    
      140325   1.579460    
      140326   1.571605    
      140327   1.563767    
      140328   1.555945    
      140329   1.548142    
      140330   1.540358    
      140331   1.532596    
      140332   1.524857    
      140333   1.517143    
      140334   1.509457    
      140335   1.501801    
      140336   1.494178    
      140337   1.486592    
      140338   1.479046    
      140339   1.471546    
      140340   1.464097    
      140341   1.456704    
      140342   1.449370    
      140343   1.442097    
      140344   1.434881    
      140345   1.427721    
      140346   1.420613    
      140347   1.413553    
      140348   1.406537    
      140349   1.399560    
      140350   1.392618    
      140351   1.385707    
      140352   1.378827    
      140353   1.371980    
      140354   1.365168    
      140355   1.358395    
      140356   1.351667    
      140357   1.344987    
      140358   1.338361    
      140359   1.331793    
      140360   1.325286    
      140361   1.318841    
      140362   1.312458    
      140363   1.306133    
      140364   1.299864    
      140365   1.293642    
      140366   1.287459    
      140367   1.281297    
      140368   1.275124    
      140369   1.268878    
      140370   1.262461    
      140371   1.255715    
      140372   1.248507    
      140373   1.240899    
      140374   1.233055    
      140375   1.225094    
      140376   1.217079    
      140377   1.209040    
      140378   1.200989    
      140379   1.192932    
      140380   1.184874    
      140381   1.176814    
      140382   1.168754    
      140383   1.160694    
      140384   1.152635    
      140385   1.144578    
      140386   1.136523    
      140387   1.128470    
      140388   1.120420    
      140389   1.112373    
      140390   1.104330    
      140391   1.096291    
      140392   1.088256    
      140393   1.080226    
      140394   1.072201    
      140395   1.064182    
      140396   1.056169    
      140397   1.048163    
      140398   1.040164    
      140399   1.032172    
      140400   1.024189    
      140401   1.016215    
      140402   1.008249    
      140403   1.000294    
      140404  0.9923503    
      140405  0.9844180    
      140406  0.9764984    
      140407  0.9685924    
      140408  0.9607013    
      140409  0.9528262    
      140410  0.9449686    
      140411  0.9371300    
      140412  0.9293121    
      140413  0.9215168    
      140414  0.9137460    
      140415  0.9060023    
      140416  0.8982881    
      140417  0.8906064    
      140418  0.8829609    
      140419  0.8753556    
      140420  0.8677953    
      140421  0.8602859    
      140422  0.8528332    
      140423  0.8454425    
      140424  0.8381170    
      140425  0.8308562    
      140426  0.8236580    
      140427  0.8165181    
      140428  0.8094268    
      140429  0.8023637    
      140430  0.7952925    
      140431  0.7881504    
      140432  0.7808473    
      140433  0.7733082    
      140434  0.7655541    
      140435  0.7576666    
      140436  0.7497092    
      140437  0.7417172    
      140438  0.7337089    
      140439  0.7256934    
      140440  0.7176754    
      140441  0.7096574    
      140442  0.7016412    
      140443  0.6936277    
      140444  0.6856179    
      140445  0.6776125    
      140446  0.6696128    
      140447  0.6616196    
      140448  0.6536342    
      140449  0.6456579    
      140450  0.6376922    
      140451  0.6297385    
      140452  0.6217982    
      140453  0.6138730    
      140454  0.6059644    
      140455  0.5980741    
      140456  0.5902041    
      140457  0.5823567    
      140458  0.5745342    
      140459  0.5667396    
      140460  0.5589757    
      140461  0.5512463    
      140462  0.5435557    
      140463  0.5359091    
      140464  0.5283128    
      140465  0.5207743    
      140466  0.5133021    
      140467  0.5059050    
      140468  0.4985890    
      140469  0.4913577    
      140470  0.4842142    
      140471  0.4771632    
      140472  0.4702098    
      140473  0.4633587    
      140474  0.4566126    
      140475  0.4499715    
      140476  0.4434305    
      140477  0.4369762    
      140478  0.4305807    
      140479  0.4241971    
      140480  0.4177447    
      140481  0.4110926    
      140482  0.4040713    
      140483  0.3965831    
      140484  0.3887362    
      140485  0.3806861    
      140486  0.3725331    
      140487  0.3643301    
      140488  0.3561030    
      140489  0.3478641    
      140490  0.3396186    
      140491  0.3313688    
      140492  0.3231152    
      140493  0.3148580    
      140494  0.3065974    
      140495  0.2983335    
      140496  0.2900665    
      140497  0.2817967    
      140498  0.2735243    
      140499  0.2652497    
      140500  0.2569732    
      140501  0.2486953    
      140502  0.2404163    
      140503  0.2321366    
      140504  0.2238564    
      140505  0.2155758    
      140506  0.2072950    
      140507  0.1990140    
      140508  0.1907329    
      140509  0.1824518    
      140510  0.1741706    
      140511  0.1658896    
      140512  0.1576086    
      140513  0.1493280    
      140514  0.1410477    
      140515  0.1327679    
      140516  0.1244889    
      140517  0.1162109    
      140518  0.1079343    
      140519  9.9659458E-02
      140520  9.1387048E-02
      140521  8.3117992E-02
      140522  7.4853763E-02
      140523  6.6596970E-02
      140524  5.8352657E-02
      140525  5.0131395E-02
      140526  4.1956827E-02
      140527  3.3884294E-02
      140528  2.6047636E-02
      140529  1.8774394E-02
      140530  1.2862464E-02
      140531  1.0157186E-02
      140532  1.2862301E-02
      140533  1.8774003E-02
      140534  2.6046930E-02
      140535  3.3883188E-02
      140536  4.1955244E-02
      140537  5.0129265E-02
      140538  5.8349922E-02
      140539  6.6593587E-02
      140540  7.4849680E-02
      140541  8.3113201E-02
      140542  9.1381550E-02
      140543  9.9653251E-02
      140544  0.1079274    
      140545  0.1162034    
      140546  0.1244808    
      140547  0.1327593    
      140548  0.1410386    
      140549  0.1493184    
      140550  0.1575987    
      140551  0.1658793    
      140552  0.1741601    
      140553  0.1824410    
      140554  0.1907220    
      140555  0.1990031    
      140556  0.2072842    
      140557  0.2155653    
      140558  0.2238464    
      140559  0.2321275    
      140560  0.2404085    
      140561  0.2486895    
      140562  0.2569704    
      140563  0.2652513    
      140564  0.2735321    
      140565  0.2818128    
      140566  0.2900935    
      140567  0.2983740    
      140568  0.3066545    
      140569  0.3149349    
      140570  0.3232152    
      140571  0.3314954    
      140572  0.3397754    
      140573  0.3480552    
      140574  0.3563349    
      140575  0.3646142    
      140576  0.3728932    
      140577  0.3811717    
      140578  0.3894494    
      140579  0.3977261    
      140580  0.4060013    
      140581  0.4142745    
      140582  0.4225445    
      140583  0.4308099    
      140584  0.4390687    
      140585  0.4473181    
      140586  0.4555543    
      140587  0.4637727    
      140588  0.4719673    
      140589  0.4801288    
      140590  0.4882419    
      140591  0.4962790    
      140592  0.5041962    
      140593  0.5119147    
      140594  0.5192922    
      140595  0.5261343    
      140596  0.5323552    
      140597  0.5381412    
      140598  0.5437382    
      140599  0.5493138    
      140600  0.5549620    
      140601  0.5607249    
      140602  0.5666163    
      140603  0.5726368    
      140604  0.5787803    
      140605  0.5850399    
      140606  0.5914096    
      140607  0.5978824    
      140608  0.6044512    
      140609  0.6111096    
      140610  0.6178526    
      140611  0.6246768    
      140612  0.6315796    
      140613  0.6385589    
      140614  0.6456133    
      140615  0.6527423    
      140616  0.6599463    
      140617  0.6672289    
      140618  0.6745932    
      140619  0.6820389    
      140620  0.6895600    
      140621  0.6971469    
      140622  0.7047917    
      140623  0.7124890    
      140624  0.7202346    
      140625  0.7280244    
      140626  0.7358540    
      140627  0.7437193    
      140628  0.7516166    
      140629  0.7595421    
      140630  0.7674928    
      140631  0.7754657    
      140632  0.7834587    
      140633  0.7914695    
      140634  0.7994961    
      140635  0.8075370    
      140636  0.8155906    
      140637  0.8236558    
      140638  0.8317313    
      140639  0.8398162    
      140640  0.8479095    
      140641  0.8560104    
      140642  0.8641183    
      140643  0.8722322    
      140644  0.8803517    
      140645  0.8884758    
      140646  0.8966039    
      140647  0.9047353    
      140648  0.9128690    
      140649  0.9210036    
      140650  0.9291376    
      140651  0.9372689    
      140652  0.9453939    
      140653  0.9535082    
      140654  0.9616050    
      140655  0.9696740    
      140656  0.9777006    
      140657  0.9856635    
      140658  0.9935348    
      140659   1.001280    
      140660   1.008859    
      140661   1.016226    
      140662   1.023342    
      140663   1.030191    
      140664   1.036798    
      140665   1.043223    
      140666   1.049534    
      140667   1.055780    
      140668   1.061992    
      140669   1.068186    
      140670   1.074371    
      140671   1.080549    
      140672   1.086726    
      140673   1.092905    
      140674   1.099092    
      140675   1.105293    
      140676   1.111520    
      140677   1.117787    
      140678   1.124107    
      140679   1.130492    
      140680   1.136949    
      140681   1.143484    
      140682   1.150101    
      140683   1.156801    
      140684   1.163583    
      140685   1.170446    
      140686   1.177387    
      140687   1.184402    
      140688   1.191486    
      140689   1.198638    
      140690   1.205858    
      140691   1.213145    
      140692   1.220502    
      140693   1.227928    
      140694   1.235421    
      140695   1.242978    
      140696   1.250592    
      140697   1.258258    
      140698   1.265973    
      140699   1.273734    
      140700   1.281537    
      140701   1.289378    
      140702   1.297255    
      140703   1.305162    
      140704   1.313098    
      140705   1.321059    
      140706   1.329042    
      140707   1.337045    
      140708   1.345066    
      140709   1.353103    
      140710   1.361154    
      140711   1.369218    
      140712   1.377293    
      140713   1.385378    
      140714   1.393473    
      140715   1.401577    
      140716   1.409688    
      140717   1.417806    
      140718   1.425931    
      140719   1.434062    
      140720   1.442197    
      140721   1.450338    
      140722   1.458483    
      140723   1.466632    
      140724   1.474785    
      140725   1.482941    
      140726   1.491101    
      140727   1.499263    
      140728   1.507428    
      140729   1.515595    
      140730   1.523764    
      140731   1.531936    
      140732   1.540109    
      140733   1.548285    
      140734   1.556461    
      140735   1.564639    
      140736   1.572819    
      140737   1.580999    
      140738   1.589181    
      140739   1.597364    
      140740   1.605548    
      140741   1.613732    
      140742   1.621917    
      140743   1.630103    
      140744   1.638290    
      140745   1.646477    
      140746   1.654665    
      140747   1.662853    
      140748   1.671041    
      140749   1.679230    
      140750   1.687419    
      140751   1.695608    
      140752   1.703798    
      140753   1.711988    
      140754   1.720178    
      140755   1.728369    
      140756   1.736559    
      140757   1.744750    
      140758   1.752940    
      140759   1.761131    
      140760   1.769322    
      140761   1.777513    
      140762   1.785704    
      140763   1.793895    
      140764   1.802086    
      140765   1.810278    
      140766   1.818469    
      140767   1.826660    
      140768   1.834851    
      140769   1.843043    
      140770   1.851234    
      140771   1.859425    
      140772   1.867616    
      140773   1.875808    
      140774   1.883999    
      140775   1.892190    
      140776   1.900381    
      140777   1.908573    
      140778   1.916764    
      140779   1.924955    
      140780   1.933147    
      140781   1.941338    
