       19321  0.2818258    
       19322  0.2735450    
       19323  0.2652641    
       19324  0.2569832    
       19325  0.2487022    
       19326  0.2404211    
       19327  0.2321399    
       19328  0.2238588    
       19329  0.2155776    
       19330  0.2072963    
       19331  0.1990150    
       19332  0.1907337    
       19333  0.1824525    
       19334  0.1741712    
       19335  0.1658901    
       19336  0.1576092    
       19337  0.1493285    
       19338  0.1410481    
       19339  0.1327683    
       19340  0.1244893    
       19341  0.1162113    
       19342  0.1079347    
       19343  9.9659875E-02
       19344  9.1387466E-02
       19345  8.3118409E-02
       19346  7.4854165E-02
       19347  6.6597372E-02
       19348  5.8353044E-02
       19349  5.0131764E-02
       19350  4.1957177E-02
       19351  3.3884622E-02
       19352  2.6047930E-02
       19353  1.8774647E-02
       19354  1.2862684E-02
       19355  1.0157422E-02
       19356  1.2862682E-02
       19357  1.8774645E-02
       19358  2.6047925E-02
       19359  3.3884618E-02
       19360  4.1957177E-02
       19361  5.0131768E-02
       19362  5.8353044E-02
       19363  6.6597372E-02
       19364  7.4854173E-02
       19365  8.3118409E-02
       19366  9.1387480E-02
       19367  9.9659875E-02
       19368  0.1079347    
       19369  0.1162113    
       19370  0.1244893    
       19371  0.1327684    
       19372  0.1410481    
       19373  0.1493285    
       19374  0.1576092    
       19375  0.1658901    
       19376  0.1741712    
       19377  0.1824525    
       19378  0.1907337    
       19379  0.1990150    
       19380  0.2072963    
       19381  0.2155775    
       19382  0.2238588    
       19383  0.2321399    
       19384  0.2404210    
       19385  0.2487021    
       19386  0.2569831    
       19387  0.2652640    
       19388  0.2735448    
       19389  0.2818256    
       19390  0.2901063    
       19391  0.2983869    
       19392  0.3066674    
       19393  0.3149478    
       19394  0.3232280    
       19395  0.3315081    
       19396  0.3397880    
       19397  0.3480677    
       19398  0.3563471    
       19399  0.3646261    
       19400  0.3729048    
       19401  0.3811833    
       19402  0.3894614    
       19403  0.3977392    
       19404  0.4060167    
       19405  0.4142938    
       19406  0.4225705    
       19407  0.4308467    
       19408  0.4391223    
       19409  0.4473974    
       19410  0.4556718    
       19411  0.4639454    
       19412  0.4722182    
       19413  0.4804895    
       19414  0.4887583    
       19415  0.4970219    
       19416  0.5052743    
       19417  0.5135026    
       19418  0.5216789    
       19419  0.5297454    
       19420  0.5375928    
       19421  0.5450493    
       19422  0.5519948    
       19423  0.5585358    
       19424  0.5648485    
       19425  0.5710621    
       19426  0.5772539    
       19427  0.5834697    
       19428  0.5897337    
       19429  0.5960563    
       19430  0.6024412    
       19431  0.6088910    
       19432  0.6154081    
       19433  0.6219937    
       19434  0.6286480    
       19435  0.6353710    
       19436  0.6421629    
       19437  0.6490239    
       19438  0.6559546    
       19439  0.6629547    
       19440  0.6700238    
       19441  0.6771616    
       19442  0.6843688    
       19443  0.6916478    
       19444  0.6989980    
       19445  0.7064134    
       19446  0.7138853    
       19447  0.7214069    
       19448  0.7289728    
       19449  0.7365788    
       19450  0.7442214    
       19451  0.7518975    
       19452  0.7596041    
       19453  0.7673386    
       19454  0.7750989    
       19455  0.7828827    
       19456  0.7906883    
       19457  0.7985138    
       19458  0.8063580    
       19459  0.8142191    
       19460  0.8220960    
       19461  0.8299874    
       19462  0.8378922    
       19463  0.8458095    
       19464  0.8537384    
       19465  0.8616780    
       19466  0.8696278    
       19467  0.8775869    
       19468  0.8855546    
       19469  0.8935304    
       19470  0.9015137    
       19471  0.9095039    
       19472  0.9175006    
       19473  0.9255029    
       19474  0.9335104    
       19475  0.9415223    
       19476  0.9495379    
       19477  0.9575565    
       19478  0.9655772    
       19479  0.9735994    
       19480  0.9816225    
       19481  0.9896455    
       19482  0.9976677    
       19483   1.005688    
       19484   1.013704    
       19485   1.021712    
       19486   1.029707    
       19487   1.037672    
       19488   1.045580    
       19489   1.053371    
       19490   1.060953    
       19491   1.068247    
       19492   1.075291    
       19493   1.082203    
       19494   1.089080    
       19495   1.095980    
       19496   1.102937    
       19497   1.109964    
       19498   1.117068    
       19499   1.124252    
       19500   1.131519    
       19501   1.138867    
       19502   1.146290    
       19503   1.153775    
       19504   1.161312    
       19505   1.168896    
       19506   1.176523    
       19507   1.184187    
       19508   1.191885    
       19509   1.199615    
       19510   1.207374    
       19511   1.215158    
       19512   1.222965    
       19513   1.230793    
       19514   1.238639    
       19515   1.246502    
       19516   1.254377    
       19517   1.262262    
       19518   1.270154    
       19519   1.278049    
       19520   1.285942    
       19521   1.293830    
       19522   1.301706    
       19523   1.309560    
       19524   1.317375    
       19525   1.325118    
       19526   1.332728    
       19527   1.340099    
       19528   1.347113    
       19529   1.353746    
       19530   1.360116    
       19531   1.366355    
       19532   1.372548    
       19533   1.378749    
       19534   1.384984    
       19535   1.391271    
       19536   1.397619    
       19537   1.404037    
       19538   1.410530    
       19539   1.417104    
       19540   1.423759    
       19541   1.430496    
       19542   1.437311    
       19543   1.444203    
       19544   1.451168    
       19545   1.458202    
       19546   1.465306    
       19547   1.472478    
       19548   1.479720    
       19549   1.487033    
       19550   1.494417    
       19551   1.501864    
       19552   1.509367    
       19553   1.516919    
       19554   1.524515    
       19555   1.532152    
       19556   1.539827    
       19557   1.547537    
       19558   1.555280    
       19559   1.563053    
       19560   1.570853    
       19561   1.578679    
       19562   1.586527    
       19563   1.594397    
       19564   1.602286    
       19565   1.610193    
       19566   1.618116    
       19567   1.626055    
       19568   1.634006    
       19569   1.641971    
       19570   1.649947    
       19571   1.657934    
       19572   1.665931    
       19573   1.673936    
       19574   1.681951    
       19575   1.689972    
       19576   1.698001    
       19577   1.706037    
       19578   1.714078    
       19579   1.722125    
       19580   1.730177    
       19581   1.738234    
       19582   1.746294    
       19583   1.754359    
       19584   1.762427    
       19585   1.770498    
       19586   1.778572    
       19587   1.786648    
       19588   1.794727    
       19589   1.802807    
       19590   1.810889    
       19591   1.818971    
       19592   1.827054    
       19593   1.835138    
       19594   1.843220    
       19595   1.851301    
       19596   1.859380    
       19597   1.867454    
       19598   1.875521    
       19599   1.883576    
       19600   1.891610    
       19601   1.899614    
       19602   1.907571    
       19603   1.915475    
       19604   1.923331    
       19605   1.931155    
       19606   1.938962    
       19607   1.946763    
       19608   1.954565    
       19609   1.962372    
       19610   1.970188    
       19611   1.978015    
       19612   1.985852    
       19613   1.993701    
       19614   2.001562    
       19615   2.009434    
       19616   2.017316    
       19617   2.025208    
       19618   2.033108    
       19619   2.041017    
       19620   2.048933    
       19621   2.056853    
       19622   2.064775    
       19623   2.072696    
       19624   2.080611    
       19625   2.088511    
       19626   2.096388    
       19627   2.104226    
       19628   2.112001    
       19629   2.119676    
       19630   2.127181    
       19631   2.134401    
       19632   2.141162    
       19633   2.147328    
       19634   2.152983    
       19635   2.158306    
