      194668   2.096060    
      194669   2.088916    
      194670   2.081818    
      194671   2.074766    
      194672   2.067759    
      194673   2.060799    
      194674   2.053887    
      194675   2.047024    
      194676   2.040212    
      194677   2.033454    
      194678   2.026752    
      194679   2.020106    
      194680   2.013519    
      194681   2.006988    
      194682   2.000511    
      194683   1.994083    
      194684   1.987697    
      194685   1.981345    
      194686   1.975015    
      194687   1.968681    
      194688   1.962294    
      194689   1.955769    
      194690   1.948972    
      194691   1.941769    
      194692   1.934180    
      194693   1.926349    
      194694   1.918394    
      194695   1.910381    
      194696   1.902340    
      194697   1.894286    
      194698   1.886226    
      194699   1.878162    
      194700   1.870096    
      194701   1.862030    
      194702   1.853964    
      194703   1.845898    
      194704   1.837833    
      194705   1.829770    
      194706   1.821708    
      194707   1.813649    
      194708   1.805593    
      194709   1.797539    
      194710   1.789489    
      194711   1.781443    
      194712   1.773401    
      194713   1.765364    
      194714   1.757332    
      194715   1.749305    
      194716   1.741285    
      194717   1.733271    
      194718   1.725264    
      194719   1.717264    
      194720   1.709273    
      194721   1.701290    
      194722   1.693316    
      194723   1.685352    
      194724   1.677399    
      194725   1.669457    
      194726   1.661527    
      194727   1.653611    
      194728   1.645710    
      194729   1.637824    
      194730   1.629956    
      194731   1.622106    
      194732   1.614277    
      194733   1.606470    
      194734   1.598687    
      194735   1.590932    
      194736   1.583205    
      194737   1.575511    
      194738   1.567853    
      194739   1.560235    
      194740   1.552662    
      194741   1.545139    
      194742   1.537673    
      194743   1.530269    
      194744   1.522931    
      194745   1.515661    
      194746   1.508455    
      194747   1.501310    
      194748   1.494218    
      194749   1.487160    
      194750   1.480101    
      194751   1.472981    
      194752   1.465709    
      194753   1.458203    
      194754   1.450472    
      194755   1.442597    
      194756   1.434647    
      194757   1.426660    
      194758   1.418654    
      194759   1.410641    
      194760   1.402625    
      194761   1.394608    
      194762   1.386594    
      194763   1.378582    
      194764   1.370573    
      194765   1.362569    
      194766   1.354571    
      194767   1.346580    
      194768   1.338596    
      194769   1.330621    
      194770   1.322658    
      194771   1.314706    
      194772   1.306768    
      194773   1.298844    
      194774   1.290938    
      194775   1.283050    
      194776   1.275182    
      194777   1.267338    
      194778   1.259518    
      194779   1.251727    
      194780   1.243966    
      194781   1.236240    
      194782   1.228554    
      194783   1.220912    
      194784   1.213322    
      194785   1.205790    
      194786   1.198325    
      194787   1.190937    
      194788   1.183631    
      194789   1.176411    
      194790   1.169281    
      194791   1.162244    
      194792   1.155307    
      194793   1.148476    
      194794   1.141754    
      194795   1.135143    
      194796   1.128641    
      194797   1.122245    
      194798   1.115949    
      194799   1.109749    
      194800   1.103637    
      194801   1.097605    
      194802   1.091645    
      194803   1.085747    
      194804   1.079902    
      194805   1.074091    
      194806   1.068271    
      194807   1.062353    
      194808   1.056196    
      194809   1.049630    
      194810   1.042620    
      194811   1.035293    
      194812   1.027786    
      194813   1.020183    
      194814   1.012531    
      194815   1.004853    
      194816  0.9971651    
      194817  0.9894749    
      194818  0.9817894    
      194819  0.9741132    
      194820  0.9664509    
      194821  0.9588058    
      194822  0.9511814    
      194823  0.9435808    
      194824  0.9360071    
      194825  0.9284635    
      194826  0.9209538    
      194827  0.9134821    
      194828  0.9060532    
      194829  0.8986722    
      194830  0.8913437    
      194831  0.8840708    
      194832  0.8768557    
      194833  0.8697001    
      194834  0.8626059    
      194835  0.8555766    
      194836  0.8486156    
      194837  0.8417268    
      194838  0.8349140    
      194839  0.8281809    
      194840  0.8215312    
      194841  0.8149674    
      194842  0.8084910    
      194843  0.8021017    
      194844  0.7957990    
      194845  0.7895813    
      194846  0.7834374    
      194847  0.7773349    
      194848  0.7712053    
      194849  0.7649203    
      194850  0.7582707    
      194851  0.7510710    
      194852  0.7434079    
      194853  0.7354835    
      194854  0.7274342    
      194855  0.7193290    
      194856  0.7112003    
      194857  0.7030622    
      194858  0.6949209    
      194859  0.6867789    
      194860  0.6786376    
      194861  0.6704974    
      194862  0.6623586    
      194863  0.6542217    
      194864  0.6460866    
      194865  0.6379536    
      194866  0.6298230    
      194867  0.6216950    
      194868  0.6135700    
      194869  0.6054480    
      194870  0.5973296    
      194871  0.5892149    
      194872  0.5811044    
      194873  0.5729984    
      194874  0.5648973    
      194875  0.5568016    
      194876  0.5487117    
      194877  0.5406281    
      194878  0.5325515    
      194879  0.5244824    
      194880  0.5164216    
      194881  0.5083697    
      194882  0.5003275    
      194883  0.4922961    
      194884  0.4842764    
      194885  0.4762694    
      194886  0.4682766    
      194887  0.4602990    
      194888  0.4523383    
      194889  0.4443961    
      194890  0.4364743    
      194891  0.4285750    
      194892  0.4207007    
      194893  0.4128537    
      194894  0.4050372    
      194895  0.3972541    
      194896  0.3895077    
      194897  0.3818015    
      194898  0.3741394    
      194899  0.3665253    
      194900  0.3589631    
      194901  0.3514563    
      194902  0.3440075    
      194903  0.3366184    
      194904  0.3292903    
      194905  0.3220247    
      194906  0.3148244    
      194907  0.3076932    
      194908  0.3006364    
      194909  0.2936615    
      194910  0.2867782    
      194911  0.2799977    
      194912  0.2733324    
      194913  0.2667946    
      194914  0.2603938    
      194915  0.2541334    
      194916  0.2480062    
      194917  0.2419952    
      194918  0.2360679    
      194919  0.2301672    
      194920  0.2241977    
      194921  0.2180185    
      194922  0.2114510    
      194923  0.2043868    
      194924  0.1968993    
      194925  0.1891412    
      194926  0.1812304    
      194927  0.1732283    
      194928  0.1651655    
      194929  0.1570586    
      194930  0.1489172    
      194931  0.1407476    
      194932  0.1325543    
      194933  0.1243408    
      194934  0.1161104    
      194935  0.1078670    
      194936  9.9614762E-02
      194937  9.1357514E-02
      194938  8.3098561E-02
      194939  7.4841052E-02
      194940  6.6588737E-02
      194941  5.8347400E-02
      194942  5.0128102E-02
      194943  4.1954819E-02
      194944  3.3883132E-02
      194945  2.6047016E-02
      194946  1.8774115E-02
      194947  1.2862388E-02
      194948  1.0157246E-02
      194949  1.2862526E-02
      194950  1.8774467E-02
      194951  2.6047718E-02
      194952  3.3884384E-02
      194953  4.1956913E-02
      194954  5.0131477E-02
      194955  5.8352724E-02
      194956  6.6597015E-02
      194957  7.4853778E-02
      194958  8.3117940E-02
      194959  9.1386914E-02
      194960  9.9659190E-02
      194961  0.1079338    
      194962  0.1162101    
      194963  0.1244876    
      194964  0.1327659    
      194965  0.1410446    
      194966  0.1493233    
      194967  0.1576016    
      194968  0.1658789    
      194969  0.1741544    
      194970  0.1824274    
      194971  0.1906962    
      194972  0.1989590    
      194973  0.2072130    
      194974  0.2154539    
      194975  0.2236760    
      194976  0.2318705    
      194977  0.2400257    
      194978  0.2481272    
      194979  0.2561602    
      194980  0.2641071    
      194981  0.2719380    
      194982  0.2795964    
      194983  0.2870066    
      194984  0.2941111    
      194985  0.3009101    
      194986  0.3074628    
      194987  0.3138508    
      194988  0.3201413    
      194989  0.3263816    
      194990  0.3325981    
      194991  0.3388034    
      194992  0.3450037    
      194993  0.3512035    
      194994  0.3574087    
      194995  0.3636276    
      194996  0.3698718    
      194997  0.3761562    
      194998  0.3824966    
      194999  0.3889061    
      195000  0.3953949    
      195001  0.4019687    
      195002  0.4086287    
      195003  0.4153738    
      195004  0.4222027    
      195005  0.4291127    
      195006  0.4361002    
      195007  0.4431619    
      195008  0.4502951    
      195009  0.4574966    
      195010  0.4647622    
      195011  0.4720863    
      195012  0.4794622    
      195013  0.4868833    
      195014  0.4943460    
      195015  0.5018501    
      195016  0.5093966    
      195017  0.5169848    
      195018  0.5246142    
      195019  0.5322843    
      195020  0.5399944    
      195021  0.5477430    
      195022  0.5555280    
      195023  0.5633469    
      195024  0.5711970    
      195025  0.5790755    
      195026  0.5869797    
      195027  0.5949074    
      195028  0.6028563    
      195029  0.6108245    
      195030  0.6188102    
      195031  0.6268117    
      195032  0.6348277    
      195033  0.6428568    
      195034  0.6508980    
      195035  0.6589500    
      195036  0.6670120    
      195037  0.6750830    
      195038  0.6831623    
      195039  0.6912494    
      195040  0.6993433    
      195041  0.7074437    
      195042  0.7155499    
      195043  0.7236615    
      195044  0.7317781    
      195045  0.7398993    
      195046  0.7480247    
      195047  0.7561541    
      195048  0.7642870    
      195049  0.7724231    
      195050  0.7805624    
      195051  0.7887045    
      195052  0.7968493    
      195053  0.8049964    
      195054  0.8131458    
      195055  0.8212972    
      195056  0.8294505    
      195057  0.8376055    
      195058  0.8457620    
      195059  0.8539201    
      195060  0.8620796    
      195061  0.8702404    
      195062  0.8784023    
      195063  0.8865651    
      195064  0.8947290    
      195065  0.9028937    
      195066  0.9110590    
      195067  0.9192252    
      195068  0.9273920    
      195069  0.9355594    
      195070  0.9437271    
      195071  0.9518955    
      195072  0.9600641    
      195073  0.9682330    
      195074  0.9764022    
      195075  0.9845716    
      195076  0.9927412    
      195077   1.000911    
      195078   1.009081    
      195079   1.017250    
      195080   1.025420    
      195081   1.033590    
      195082   1.041760    
      195083   1.049929    
      195084   1.058099    
      195085   1.066268    
      195086   1.074437    
      195087   1.082606    
      195088   1.090775    
      195089   1.098943    
      195090   1.107111    
      195091   1.115278    
      195092   1.123445    
      195093   1.131612    
      195094   1.139778    
      195095   1.147943    
      195096   1.156108    
      195097   1.164273    
      195098   1.172437    
      195099   1.180600    
      195100   1.188762    
      195101   1.196924    
