      244597   2.097238    
      244598   2.089230    
      244599   2.081215    
      244600   2.073199    
      244601   2.065182    
      244602   2.057167    
      244603   2.049155    
      244604   2.041146    
      244605   2.033143    
      244606   2.025145    
      244607   2.017153    
      244608   2.009169    
      244609   2.001195    
      244610   1.993231    
      244611   1.985279    
      244612   1.977341    
      244613   1.969417    
      244614   1.961511    
      244615   1.953623    
      244616   1.945755    
      244617   1.937911    
      244618   1.930091    
      244619   1.922299    
      244620   1.914539    
      244621   1.906814    
      244622   1.899127    
      244623   1.891486    
      244624   1.883895    
      244625   1.876363    
      244626   1.868899    
      244627   1.861511    
      244628   1.854205    
      244629   1.846985    
      244630   1.839854    
      244631   1.832818    
      244632   1.825881    
      244633   1.819050    
      244634   1.812328    
      244635   1.805717    
      244636   1.799216    
      244637   1.792820    
      244638   1.786524    
      244639   1.780324    
      244640   1.774213    
      244641   1.768181    
      244642   1.762221    
      244643   1.756323    
      244644   1.750479    
      244645   1.744667    
      244646   1.738847    
      244647   1.732929    
      244648   1.726771    
      244649   1.720204    
      244650   1.713194    
      244651   1.705866    
      244652   1.698359    
      244653   1.690757    
      244654   1.683104    
      244655   1.675426    
      244656   1.667738    
      244657   1.660048    
      244658   1.652363    
      244659   1.644686    
      244660   1.637024    
      244661   1.629379    
      244662   1.621755    
      244663   1.614154    
      244664   1.606580    
      244665   1.599037    
      244666   1.591527    
      244667   1.584056    
      244668   1.576627    
      244669   1.569247    
      244670   1.561918    
      244671   1.554645    
      244672   1.547431    
      244673   1.540275    
      244674   1.533181    
      244675   1.526152    
      244676   1.519192    
      244677   1.512303    
      244678   1.505491    
      244679   1.498758    
      244680   1.492109    
      244681   1.485545    
      244682   1.479068    
      244683   1.472674    
      244684   1.466361    
      244685   1.460112    
      244686   1.453889    
      244687   1.447611    
      244688   1.441134    
      244689   1.434249    
      244690   1.426842    
      244691   1.419051    
      244692   1.411055    
      244693   1.402960    
      244694   1.394822    
      244695   1.386664    
      244696   1.378499    
      244697   1.370332    
      244698   1.362164    
      244699   1.353996    
      244700   1.345829    
      244701   1.337664    
      244702   1.329499    
      244703   1.321336    
      244704   1.313174    
      244705   1.305015    
      244706   1.296857    
      244707   1.288701    
      244708   1.280548    
      244709   1.272397    
      244710   1.264248    
      244711   1.256104    
      244712   1.247962    
      244713   1.239824    
      244714   1.231690    
      244715   1.223561    
      244716   1.215436    
      244717   1.207318    
      244718   1.199205    
      244719   1.191098    
      244720   1.182999    
      244721   1.174907    
      244722   1.166825    
      244723   1.158752    
      244724   1.150690    
      244725   1.142640    
      244726   1.134603    
      244727   1.126581    
      244728   1.118575    
      244729   1.110588    
      244730   1.102622    
      244731   1.094678    
      244732   1.086761    
      244733   1.078874    
      244734   1.071019    
      244735   1.063201    
      244736   1.055425    
      244737   1.047694    
      244738   1.040012    
      244739   1.032382    
      244740   1.024809    
      244741   1.017294    
      244742   1.009839    
      244743   1.002445    
      244744  0.9951122    
      244745  0.9878427    
      244746  0.9806390    
      244747  0.9735048    
      244748  0.9664457    
      244749  0.9594692    
      244750  0.9525851    
      244751  0.9458048    
      244752  0.9391410    
      244753  0.9326065    
      244754  0.9262115    
      244755  0.9199610    
      244756  0.9138499    
      244757  0.9078677    
      244758  0.9019946    
      244759  0.8962032    
      244760  0.8904570    
      244761  0.8847075    
      244762  0.8788890    
      244763  0.8729106    
      244764  0.8666571    
      244765  0.8600146    
      244766  0.8529494    
      244767  0.8455268    
      244768  0.8378519    
      244769  0.8300130    
      244770  0.8220681    
      244771  0.8140513    
      244772  0.8059833    
      244773  0.7978773    
      244774  0.7897424    
      244775  0.7815858    
      244776  0.7734137    
      244777  0.7652314    
      244778  0.7570423    
      244779  0.7488490    
      244780  0.7406533    
      244781  0.7324564    
      244782  0.7242593    
      244783  0.7160625    
      244784  0.7078668    
      244785  0.6996724    
      244786  0.6914797    
      244787  0.6832891    
      244788  0.6751008    
      244789  0.6669154    
      244790  0.6587330    
      244791  0.6505542    
      244792  0.6423792    
      244793  0.6342087    
      244794  0.6260431    
      244795  0.6178831    
      244796  0.6097295    
      244797  0.6015829    
      244798  0.5934445    
      244799  0.5853152    
      244800  0.5771964    
      244801  0.5690897    
      244802  0.5609968    
      244803  0.5529199    
      244804  0.5448614    
      244805  0.5368248    
      244806  0.5288135    
      244807  0.5208324    
      244808  0.5128871    
      244809  0.5049848    
      244810  0.4971342    
      244811  0.4893464    
      244812  0.4816341    
      244813  0.4740118    
      244814  0.4664949    
      244815  0.4590979    
      244816  0.4518328    
      244817  0.4447092    
      244818  0.4377339    
      244819  0.4309089    
      244820  0.4242301    
      244821  0.4176894    
      244822  0.4112743    
      244823  0.4049689    
      244824  0.3987553    
      244825  0.3926160    
      244826  0.3865373    
      244827  0.3805093    
      244828  0.3745267    
      244829  0.3685878    
      244830  0.3626934    
      244831  0.3568461    
      244832  0.3510495    
      244833  0.3453074    
      244834  0.3396201    
      244835  0.3339783    
      244836  0.3283510    
      244837  0.3226648    
      244838  0.3167929    
      244839  0.3105435    
      244840  0.3037311    
      244841  0.2963838    
      244842  0.2886795    
      244843  0.2807754    
      244844  0.2727595    
      244845  0.2646748    
      244846  0.2565430    
      244847  0.2483769    
      244848  0.2401845    
      244849  0.2319711    
      244850  0.2237407    
      244851  0.2154965    
      244852  0.2072414    
      244853  0.1989781    
      244854  0.1907090    
      244855  0.1824359    
      244856  0.1741602    
      244857  0.1658827    
      244858  0.1576042    
      244859  0.1493252    
      244860  0.1410459    
      244861  0.1327669    
      244862  0.1244884    
      244863  0.1162107    
      244864  0.1079343    
      244865  9.9659584E-02
      244866  9.1387272E-02
      244867  8.3118275E-02
      244868  7.4854083E-02
      244869  6.6597313E-02
      244870  5.8353007E-02
      244871  5.0131742E-02
      244872  4.1957162E-02
      244873  3.3884611E-02
      244874  2.6047923E-02
      244875  1.8774644E-02
      244876  1.2862682E-02
      244877  1.0157421E-02
      244878  1.2862682E-02
      244879  1.8774645E-02
      244880  2.6047925E-02
      244881  3.3884618E-02
      244882  4.1957177E-02
      244883  5.0131768E-02
      244884  5.8353044E-02
      244885  6.6597372E-02
      244886  7.4854173E-02
      244887  8.3118409E-02
      244888  9.1387473E-02
      244889  9.9659875E-02
      244890  0.1079347    
      244891  0.1162113    
      244892  0.1244893    
      244893  0.1327684    
      244894  0.1410481    
      244895  0.1493285    
      244896  0.1576092    
      244897  0.1658901    
      244898  0.1741712    
      244899  0.1824525    
      244900  0.1907337    
      244901  0.1990150    
      244902  0.2072963    
      244903  0.2155775    
      244904  0.2238588    
      244905  0.2321400    
      244906  0.2404211    
      244907  0.2487021    
      244908  0.2569832    
      244909  0.2652641    
      244910  0.2735450    
      244911  0.2818258    
      244912  0.2901065    
      244913  0.2983871    
      244914  0.3066677    
      244915  0.3149481    
      244916  0.3232285    
      244917  0.3315089    
      244918  0.3397891    
      244919  0.3480693    
      244920  0.3563493    
      244921  0.3646292    
      244922  0.3729090    
      244923  0.3811887    
      244924  0.3894683    
      244925  0.3977478    
      244926  0.4060272    
      244927  0.4143064    
      244928  0.4225855    
      244929  0.4308645    
      244930  0.4391433    
      244931  0.4474220    
      244932  0.4557006    
      244933  0.4639790    
      244934  0.4722572    
      244935  0.4805352    
      244936  0.4888132    
      244937  0.4970909    
      244938  0.5053685    
      244939  0.5136458    
      244940  0.5219229    
      244941  0.5301998    
