       45641  0.6706333    
       45642  0.6623857    
       45643  0.6541365    
       45644  0.6458860    
       45645  0.6376340    
       45646  0.6293806    
       45647  0.6211255    
       45648  0.6128688    
       45649  0.6046106    
       45650  0.5963506    
       45651  0.5880886    
       45652  0.5798246    
       45653  0.5715585    
       45654  0.5632902    
       45655  0.5550194    
       45656  0.5467460    
       45657  0.5384706    
       45658  0.5301942    
       45659  0.5219173    
       45660  0.5136402    
       45661  0.5053629    
       45662  0.4970853    
       45663  0.4888076    
       45664  0.4805297    
       45665  0.4722517    
       45666  0.4639734    
       45667  0.4556950    
       45668  0.4474165    
       45669  0.4391378    
       45670  0.4308589    
       45671  0.4225800    
       45672  0.4143009    
       45673  0.4060217    
       45674  0.3977423    
       45675  0.3894628    
       45676  0.3811832    
       45677  0.3729035    
       45678  0.3646237    
       45679  0.3563437    
       45680  0.3480637    
       45681  0.3397836    
       45682  0.3315034    
       45683  0.3232231    
       45684  0.3149427    
       45685  0.3066622    
       45686  0.2983816    
       45687  0.2901010    
       45688  0.2818203    
       45689  0.2735395    
       45690  0.2652587    
       45691  0.2569777    
       45692  0.2486967    
       45693  0.2404157    
       45694  0.2321346    
       45695  0.2238534    
       45696  0.2155722    
       45697  0.2072909    
       45698  0.1990097    
       45699  0.1907284    
       45700  0.1824471    
       45701  0.1741659    
       45702  0.1658848    
       45703  0.1576039    
       45704  0.1493232    
       45705  0.1410429    
       45706  0.1327631    
       45707  0.1244841    
       45708  0.1162061    
       45709  0.1079295    
       45710  9.9654749E-02
       45711  9.1382384E-02
       45712  8.3113372E-02
       45713  7.4849218E-02
       45714  6.6592537E-02
       45715  5.8348380E-02
       45716  5.0127342E-02
       45717  4.1953087E-02
       45718  3.3880994E-02
       45719  2.6044892E-02
       45720  1.8772274E-02
       45721  1.2860916E-02
       45722  1.0155886E-02
       45723  1.2860589E-02
       45724  1.8771451E-02
       45725  2.6043301E-02
       45726  3.3878297E-02
       45727  4.1948888E-02
       45728  5.0121225E-02
       45729  5.8339924E-02
       45730  6.6581354E-02
       45731  7.4834973E-02
       45732  8.3095789E-02
       45733  9.1361240E-02
       45734  9.9629864E-02
       45735  0.1079008    
       45736  0.1161734    
       45737  0.1244473    
       45738  0.1327222    
       45739  0.1409979    
       45740  0.1492741    
       45741  0.1575509    
       45742  0.1658282    
       45743  0.1741058    
       45744  0.1823839    
       45745  0.1906622    
       45746  0.1989409    
       45747  0.2072198    
       45748  0.2154991    
       45749  0.2237786    
       45750  0.2320584    
       45751  0.2403383    
       45752  0.2486184    
       45753  0.2568984    
       45754  0.2651784    
       45755  0.2734583    
       45756  0.2817379    
       45757  0.2900172    
       45758  0.2982961    
       45759  0.3065742    
       45760  0.3148512    
       45761  0.3231267    
       45762  0.3313999    
       45763  0.3396696    
       45764  0.3479343    
       45765  0.3561913    
       45766  0.3644370    
       45767  0.3726656    
       45768  0.3808682    
       45769  0.3890311    
       45770  0.3971314    
       45771  0.4051471    
       45772  0.4130874    
       45773  0.4209777    
       45774  0.4288397    
       45775  0.4366895    
       45776  0.4445373    
       45777  0.4523900    
       45778  0.4602510    
       45779  0.4681227    
       45780  0.4760060    
       45781  0.4839018    
       45782  0.4918101    
       45783  0.4997303    
       45784  0.5076619    
       45785  0.5156040    
       45786  0.5235561    
       45787  0.5315175    
       45788  0.5394875    
       45789  0.5474655    
       45790  0.5554509    
       45791  0.5634432    
       45792  0.5714417    
       45793  0.5794461    
       45794  0.5874555    
       45795  0.5954692    
       45796  0.6034867    
       45797  0.6115071    
       45798  0.6195297    
       45799  0.6275539    
       45800  0.6355790    
       45801  0.6436040    
       45802  0.6516281    
       45803  0.6596504    
       45804  0.6676689    
       45805  0.6756805    
       45806  0.6836786    
       45807  0.6916499    
       45808  0.6995665    
       45809  0.7073737    
       45810  0.7149805    
       45811  0.7223029    
       45812  0.7293695    
       45813  0.7362955    
       45814  0.7431810    
       45815  0.7500867    
       45816  0.7570457    
       45817  0.7640746    
       45818  0.7711799    
       45819  0.7783650    
       45820  0.7856326    
       45821  0.7929820    
       45822  0.8004051    
       45823  0.8078903    
       45824  0.8154283    
       45825  0.8230129    
       45826  0.8306394    
       45827  0.8383039    
       45828  0.8460028    
       45829  0.8537328    
       45830  0.8614913    
       45831  0.8692755    
       45832  0.8770827    
       45833  0.8849108    
       45834  0.8927572    
       45835  0.9006194    
       45836  0.9084946    
       45837  0.9163799    
       45838  0.9242718    
       45839  0.9321666    
       45840  0.9400603    
       45841  0.9479482    
       45842  0.9558241    
       45843  0.9636784    
       45844  0.9714937    
       45845  0.9792372    
       45846  0.9868469    
       45847  0.9942178    
       45848   1.001231    
       45849   1.007864    
       45850   1.014235    
       45851   1.020473    
       45852   1.026667    
       45853   1.032867    
       45854   1.039103    
       45855   1.045390    
       45856   1.051739    
       45857   1.058156    
       45858   1.064650    
       45859   1.071223    
       45860   1.077879    
       45861   1.084615    
       45862   1.091431    
       45863   1.098323    
       45864   1.105288    
       45865   1.112323    
       45866   1.119427    
       45867   1.126599    
       45868   1.133841    
       45869   1.141154    
       45870   1.148538    
       45871   1.155986    
       45872   1.163488    
       45873   1.171040    
       45874   1.178636    
       45875   1.186273    
       45876   1.193949    
       45877   1.201659    
       45878   1.209402    
       45879   1.217175    
       45880   1.224975    
       45881   1.232800    
       45882   1.240649    
       45883   1.248519    
       45884   1.256408    
       45885   1.264315    
       45886   1.272238    
       45887   1.280176    
       45888   1.288128    
       45889   1.296092    
       45890   1.304068    
       45891   1.312055    
       45892   1.320052    
       45893   1.328058    
       45894   1.336072    
       45895   1.344094    
       45896   1.352123    
       45897   1.360158    
       45898   1.368199    
       45899   1.376246    
       45900   1.384298    
       45901   1.392355    
       45902   1.400416    
       45903   1.408480    
       45904   1.416548    
       45905   1.424619    
       45906   1.432693    
       45907   1.440770    
       45908   1.448848    
       45909   1.456928    
       45910   1.465010    
       45911   1.473092    
       45912   1.481175    
       45913   1.489259    
       45914   1.497341    
       45915   1.505422    
       45916   1.513499    
       45917   1.521570    
       45918   1.529629    
       45919   1.537665    
       45920   1.545656    
       45921   1.553558    
       45922   1.561295    
       45923   1.568772    
       45924   1.575949    
       45925   1.582908    
       45926   1.589761    
       45927   1.596584    
       45928   1.603420    
       45929   1.610292    
       45930   1.617210    
       45931   1.624176    
       45932   1.631191    
       45933   1.638257    
       45934   1.645374    
       45935   1.652544    
       45936   1.659766    
       45937   1.667040    
       45938   1.674361    
       45939   1.681722    
       45940   1.689118    
       45941   1.696542    
       45942   1.703989    
       45943   1.711453    
       45944   1.718924    
       45945   1.726389    
       45946   1.733833    
       45947   1.741230    
       45948   1.748544    
       45949   1.755724    
       45950   1.762694    
       45951   1.769351    
       45952   1.775601    
       45953   1.781430    
       45954   1.786930    
       45955   1.792230    
       45956   1.797449    
       45957   1.802679    
       45958   1.807988    
       45959   1.813416    
       45960   1.818979    
       45961   1.824688    
       45962   1.830544    
       45963   1.836539    
       45964   1.842663    
       45965   1.848908    
       45966   1.855266    
       45967   1.861729    
       45968   1.868289    
       45969   1.874941    
       45970   1.881678    
       45971   1.888498    
       45972   1.895397    
       45973   1.902373    
       45974   1.909425    
       45975   1.916551    
       45976   1.923753    
       45977   1.931034    
       45978   1.938397    
       45979   1.945842    
       45980   1.953362    
       45981   1.960948    
       45982   1.968592    
       45983   1.976289    
       45984   1.984034    
       45985   1.991823    
       45986   1.999652    
       45987   2.007517    
       45988   2.015414    
       45989   2.023339    
       45990   2.031290    
       45991   2.039263    
       45992   2.047256    
       45993   2.055266    
       45994   2.063293    
       45995   2.071334    
       45996   2.079387    
       45997   2.087452    
       45998   2.095526    
       45999   2.103607    
       46000   2.111690    
       46001   2.119762    
       46002   2.127794    
