      196912   2.099552    
      196913   2.092593    
      196914   2.085681    
      196915   2.078818    
      196916   2.072006    
      196917   2.065247    
      196918   2.058545    
      196919   2.051899    
      196920   2.045312    
      196921   2.038781    
      196922   2.032304    
      196923   2.025876    
      196924   2.019490    
      196925   2.013138    
      196926   2.006808    
      196927   2.000474    
      196928   1.994087    
      196929   1.987562    
      196930   1.980765    
      196931   1.973562    
      196932   1.965973    
      196933   1.958142    
      196934   1.950187    
      196935   1.942174    
      196936   1.934133    
      196937   1.926079    
      196938   1.918018    
      196939   1.909954    
      196940   1.901889    
      196941   1.893823    
      196942   1.885757    
      196943   1.877691    
      196944   1.869626    
      196945   1.861563    
      196946   1.853501    
      196947   1.845442    
      196948   1.837386    
      196949   1.829332    
      196950   1.821282    
      196951   1.813236    
      196952   1.805194    
      196953   1.797157    
      196954   1.789125    
      196955   1.781098    
      196956   1.773078    
      196957   1.765064    
      196958   1.757057    
      196959   1.749058    
      196960   1.741066    
      196961   1.733083    
      196962   1.725109    
      196963   1.717145    
      196964   1.709191    
      196965   1.701250    
      196966   1.693320    
      196967   1.685404    
      196968   1.677503    
      196969   1.669617    
      196970   1.661749    
      196971   1.653899    
      196972   1.646070    
      196973   1.638263    
      196974   1.630481    
      196975   1.622725    
      196976   1.614998    
      196977   1.607304    
      196978   1.599646    
      196979   1.592028    
      196980   1.584455    
      196981   1.576932    
      196982   1.569466    
      196983   1.562062    
      196984   1.554724    
      196985   1.547454    
      196986   1.540248    
      196987   1.533103    
      196988   1.526011    
      196989   1.518953    
      196990   1.511895    
      196991   1.504774    
      196992   1.497502    
      196993   1.489996    
      196994   1.482265    
      196995   1.474391    
      196996   1.466440    
      196997   1.458453    
      196998   1.450447    
      196999   1.442434    
      197000   1.434418    
      197001   1.426401    
      197002   1.418387    
      197003   1.410375    
      197004   1.402366    
      197005   1.394363    
      197006   1.386364    
      197007   1.378373    
      197008   1.370389    
      197009   1.362415    
      197010   1.354450    
      197011   1.346499    
      197012   1.338560    
      197013   1.330637    
      197014   1.322731    
      197015   1.314843    
      197016   1.306975    
      197017   1.299130    
      197018   1.291311    
      197019   1.283519    
      197020   1.275759    
      197021   1.268033    
      197022   1.260347    
      197023   1.252705    
      197024   1.245115    
      197025   1.237583    
      197026   1.230119    
      197027   1.222730    
      197028   1.215425    
      197029   1.208205    
      197030   1.201074    
      197031   1.194037    
      197032   1.187100    
      197033   1.180269    
      197034   1.173547    
      197035   1.166936    
      197036   1.160434    
      197037   1.154038    
      197038   1.147742    
      197039   1.141542    
      197040   1.135431    
      197041   1.129399    
      197042   1.123438    
      197043   1.117540    
      197044   1.111696    
      197045   1.105884    
      197046   1.100064    
      197047   1.094147    
      197048   1.087989    
      197049   1.081423    
      197050   1.074413    
      197051   1.067086    
      197052   1.059579    
      197053   1.051977    
      197054   1.044324    
      197055   1.036647    
      197056   1.028958    
      197057   1.021268    
      197058   1.013583    
      197059   1.005907    
      197060  0.9982442    
      197061  0.9905992    
      197062  0.9829746    
      197063  0.9753740    
      197064  0.9678003    
      197065  0.9602566    
      197066  0.9527469    
      197067  0.9452752    
      197068  0.9378464    
      197069  0.9304655    
      197070  0.9231369    
      197071  0.9158640    
      197072  0.9086488    
      197073  0.9014932    
      197074  0.8943990    
      197075  0.8873698    
      197076  0.8804088    
      197077  0.8735200    
      197078  0.8667073    
      197079  0.8599744    
      197080  0.8533247    
      197081  0.8467609    
      197082  0.8402846    
      197083  0.8338953    
      197084  0.8275928    
      197085  0.8213751    
      197086  0.8152313    
      197087  0.8091290    
      197088  0.8029995    
      197089  0.7967148    
      197090  0.7900657    
      197091  0.7828665    
      197092  0.7752038    
      197093  0.7672795    
      197094  0.7592303    
      197095  0.7511252    
      197096  0.7429965    
      197097  0.7348584    
      197098  0.7267171    
      197099  0.7185752    
      197100  0.7104340    
      197101  0.7022938    
      197102  0.6941552    
      197103  0.6860182    
      197104  0.6778832    
      197105  0.6697503    
      197106  0.6616198    
      197107  0.6534920    
      197108  0.6453670    
      197109  0.6372451    
      197110  0.6291268    
      197111  0.6210123    
      197112  0.6129019    
      197113  0.6047961    
      197114  0.5966951    
      197115  0.5885994    
      197116  0.5805097    
      197117  0.5724264    
      197118  0.5643499    
      197119  0.5562811    
      197120  0.5482204    
      197121  0.5401687    
      197122  0.5321269    
      197123  0.5240958    
      197124  0.5160763    
      197125  0.5080697    
      197126  0.5000771    
      197127  0.4921000    
      197128  0.4841398    
      197129  0.4761982    
      197130  0.4682771    
      197131  0.4603786    
      197132  0.4525050    
      197133  0.4446590    
      197134  0.4368436    
      197135  0.4290618    
      197136  0.4213167    
      197137  0.4136120    
      197138  0.4059516    
      197139  0.3983393    
      197140  0.3907791    
      197141  0.3832745    
      197142  0.3758282    
      197143  0.3684420    
      197144  0.3611171    
      197145  0.3538551    
      197146  0.3466589    
      197147  0.3395322    
      197148  0.3324803    
      197149  0.3255109    
      197150  0.3186337    
      197151  0.3118601    
      197152  0.3052024    
      197153  0.2986733    
      197154  0.2922827    
      197155  0.2860344    
      197156  0.2799225    
      197157  0.2739327    
      197158  0.2680377    
      197159  0.2621917    
      197160  0.2563168    
      197161  0.2502937    
      197162  0.2439570    
      197163  0.2371402    
      197164  0.2298312    
      197165  0.2221698    
      197166  0.2143043    
      197167  0.2063234    
      197168  0.1982710    
      197169  0.1901693    
      197170  0.1820304    
      197171  0.1738620    
      197172  0.1656689    
      197173  0.1574550    
      197174  0.1492234    
      197175  0.1409775    
      197176  0.1327212    
      197177  0.1244580    
      197178  0.1161905    
      197179  0.1079209    
      197180  9.9650696E-02
      197181  9.1381386E-02
      197182  8.3114386E-02
      197183  7.4851513E-02
      197184  6.6595614E-02
      197185  5.8351893E-02
      197186  5.0131015E-02
      197187  4.1956689E-02
      197188  3.3884309E-02
      197189  2.6047735E-02
      197190  1.8774532E-02
      197191  1.2862619E-02
      197192  1.0157380E-02
      197193  1.2862640E-02
      197194  1.8774588E-02
      197195  2.6047844E-02
      197196  3.3884507E-02
      197197  4.1957024E-02
      197198  5.0131556E-02
      197199  5.8352742E-02
      197200  6.6596933E-02
      197201  7.4853532E-02
      197202  8.3117470E-02
      197203  9.1386087E-02
      197204  9.9657819E-02
      197205  0.1079316    
      197206  0.1162067    
      197207  0.1244824    
      197208  0.1327579    
      197209  0.1410323    
      197210  0.1493045    
      197211  0.1575730    
      197212  0.1658356    
      197213  0.1740894    
      197214  0.1823300    
      197215  0.1905519    
      197216  0.1987467    
      197217  0.2069030    
      197218  0.2150066    
      197219  0.2230437    
      197220  0.2309983    
      197221  0.2388449    
      197222  0.2465341    
      197223  0.2539915    
      197224  0.2611534    
      197225  0.2680093    
      197226  0.2746097    
      197227  0.2810345    
      197228  0.2873507    
      197229  0.2936058    
      197230  0.2998300    
      197231  0.3060397    
      197232  0.3122445    
      197233  0.3184506    
      197234  0.3246635    
      197235  0.3308909    
      197236  0.3371433    
      197237  0.3434350    
      197238  0.3497810    
      197239  0.3561948    
      197240  0.3626869    
      197241  0.3692634    
      197242  0.3759258    
      197243  0.3826732    
      197244  0.3895041    
      197245  0.3964159    
      197246  0.4034058    
      197247  0.4104711    
      197248  0.4176073    
      197249  0.4248092    
      197250  0.4320719    
      197251  0.4393899    
      197252  0.4467577    
      197253  0.4541702    
      197254  0.4616255    
      197255  0.4691244    
      197256  0.4766675    
      197257  0.4842539    
      197258  0.4918822    
      197259  0.4995518    
      197260  0.5072618    
      197261  0.5150104    
      197262  0.5227953    
      197263  0.5306142    
      197264  0.5384642    
      197265  0.5463428    
      197266  0.5542471    
      197267  0.5621748    
      197268  0.5701238    
      197269  0.5780919    
      197270  0.5860776    
      197271  0.5940791    
      197272  0.6020951    
      197273  0.6101242    
      197274  0.6181653    
      197275  0.6262173    
      197276  0.6342793    
      197277  0.6423504    
      197278  0.6504298    
      197279  0.6585168    
      197280  0.6666107    
      197281  0.6747112    
      197282  0.6828175    
      197283  0.6909291    
      197284  0.6990457    
      197285  0.7071669    
      197286  0.7152923    
      197287  0.7234217    
      197288  0.7315546    
      197289  0.7396908    
      197290  0.7478302    
      197291  0.7559722    
      197292  0.7641169    
      197293  0.7722640    
      197294  0.7804133    
      197295  0.7885647    
      197296  0.7967181    
      197297  0.8048731    
      197298  0.8130298    
      197299  0.8211879    
      197300  0.8293474    
      197301  0.8375081    
      197302  0.8456700    
      197303  0.8538329    
      197304  0.8619967    
      197305  0.8701614    
      197306  0.8783269    
      197307  0.8864930    
      197308  0.8946598    
      197309  0.9028271    
      197310  0.9109950    
      197311  0.9191632    
      197312  0.9273318    
      197313  0.9355006    
      197314  0.9436699    
      197315  0.9518392    
      197316  0.9600089    
      197317  0.9681785    
      197318  0.9763483    
      197319  0.9845181    
      197320  0.9926879    
      197321   1.000858    
      197322   1.009027    
      197323   1.017197    
      197324   1.025367    
      197325   1.033536    
      197326   1.041705    
      197327   1.049874    
      197328   1.058042    
      197329   1.066211    
      197330   1.074378    
      197331   1.082546    
      197332   1.090713    
      197333   1.098879    
      197334   1.107045    
      197335   1.115211    
      197336   1.123376    
      197337   1.131540    
      197338   1.139704    
      197339   1.147867    
      197340   1.156030    
      197341   1.164191    
