      233377   2.084613    
      233378   2.076956    
      233379   2.069338    
      233380   2.061764    
      233381   2.054241    
      233382   2.046775    
      233383   2.039371    
      233384   2.032033    
      233385   2.024762    
      233386   2.017557    
      233387   2.010412    
      233388   2.003320    
      233389   1.996262    
      233390   1.989204    
      233391   1.982083    
      233392   1.974811    
      233393   1.967305    
      233394   1.959574    
      233395   1.951699    
      233396   1.943749    
      233397   1.935761    
      233398   1.927756    
      233399   1.919743    
      233400   1.911726    
      233401   1.903710    
      233402   1.895695    
      233403   1.887683    
      233404   1.879675    
      233405   1.871671    
      233406   1.863673    
      233407   1.855682    
      233408   1.847698    
      233409   1.839723    
      233410   1.831759    
      233411   1.823808    
      233412   1.815869    
      233413   1.807946    
      233414   1.800040    
      233415   1.792151    
      233416   1.784284    
      233417   1.776439    
      233418   1.768620    
      233419   1.760828    
      233420   1.753068    
      233421   1.745342    
      233422   1.737656    
      233423   1.730014    
      233424   1.722424    
      233425   1.714892    
      233426   1.707428    
      233427   1.700039    
      233428   1.692734    
      233429   1.685513    
      233430   1.678383    
      233431   1.671346    
      233432   1.664410    
      233433   1.657578    
      233434   1.650856    
      233435   1.644246    
      233436   1.637744    
      233437   1.631348    
      233438   1.625053    
      233439   1.618853    
      233440   1.612741    
      233441   1.606709    
      233442   1.600749    
      233443   1.594851    
      233444   1.589007    
      233445   1.583195    
      233446   1.577375    
      233447   1.571457    
      233448   1.565300    
      233449   1.558733    
      233450   1.551722    
      233451   1.544395    
      233452   1.536887    
      233453   1.529285    
      233454   1.521632    
      233455   1.513955    
      233456   1.506266    
      233457   1.498576    
      233458   1.490891    
      233459   1.483214    
      233460   1.475552    
      233461   1.467907    
      233462   1.460283    
      233463   1.452682    
      233464   1.445108    
      233465   1.437565    
      233466   1.430055    
      233467   1.422584    
      233468   1.415155    
      233469   1.407774    
      233470   1.400446    
      233471   1.393173    
      233472   1.385958    
      233473   1.378803    
      233474   1.371709    
      233475   1.364680    
      233476   1.357719    
      233477   1.350831    
      233478   1.344019    
      233479   1.337286    
      233480   1.330637    
      233481   1.324074    
      233482   1.317598    
      233483   1.311209    
      233484   1.304906    
      233485   1.298688    
      233486   1.292541    
      233487   1.286432    
      233488   1.280287    
      233489   1.273972    
      233490   1.267272    
      233491   1.260016    
      233492   1.252315    
      233493   1.244368    
      233494   1.236303    
      233495   1.228186    
      233496   1.220046    
      233497   1.211898    
      233498   1.203747    
      233499   1.195596    
      233500   1.187445    
      233501   1.179295    
      233502   1.171147    
      233503   1.163001    
      233504   1.154856    
      233505   1.146713    
      233506   1.138573    
      233507   1.130435    
      233508   1.122300    
      233509   1.114167    
      233510   1.106038    
      233511   1.097913    
      233512   1.089791    
      233513   1.081673    
      233514   1.073560    
      233515   1.065451    
      233516   1.057347    
      233517   1.049249    
      233518   1.041157    
      233519   1.033072    
      233520   1.024993    
      233521   1.016922    
      233522   1.008859    
      233523   1.000804    
      233524  0.9927598    
      233525  0.9847257    
      233526  0.9767034    
      233527  0.9686943    
      233528  0.9607000    
      233529  0.9527221    
      233530  0.9447629    
      233531  0.9368250    
      233532  0.9289117    
      233533  0.9210260    
      233534  0.9131717    
      233535  0.9053531    
      233536  0.8975742    
      233537  0.8898391    
      233538  0.8821515    
      233539  0.8745150    
      233540  0.8669332    
      233541  0.8594089    
      233542  0.8519447    
      233543  0.8445426    
      233544  0.8372039    
      233545  0.8299301    
      233546  0.8227234    
      233547  0.8155872    
      233548  0.8085266    
      233549  0.8015491    
      233550  0.7946641    
      233551  0.7878832    
      233552  0.7812189    
      233553  0.7746840    
      233554  0.7682886    
      233555  0.7620376    
      233556  0.7559262    
      233557  0.7499434    
      233558  0.7440695    
      233559  0.7382768    
      233560  0.7325288    
      233561  0.7267765    
      233562  0.7209539    
      233563  0.7149701    
      233564  0.7087103    
      233565  0.7020620    
      233566  0.6949928    
      233567  0.6875678    
      233568  0.6798916    
      233569  0.6720520    
      233570  0.6641065    
      233571  0.6560893    
      233572  0.6480210    
      233573  0.6399148    
      233574  0.6317796    
      233575  0.6236228    
      233576  0.6154506    
      233577  0.6072680    
      233578  0.5990787    
      233579  0.5908852    
      233580  0.5826893    
      233581  0.5744922    
      233582  0.5662949    
      233583  0.5580980    
      233584  0.5499020    
      233585  0.5417075    
      233586  0.5335146    
      233587  0.5253237    
      233588  0.5171354    
      233589  0.5089498    
      233590  0.5007671    
      233591  0.4925881    
      233592  0.4844130    
      233593  0.4762423    
      233594  0.4680765    
      233595  0.4599164    
      233596  0.4517624    
      233597  0.4436156    
      233598  0.4354769    
      233599  0.4273474    
      233600  0.4192283    
      233601  0.4111212    
      233602  0.4030279    
      233603  0.3949505    
      233604  0.3868916    
      233605  0.3788544    
      233606  0.3708425    
      233607  0.3628607    
      233608  0.3549146    
      233609  0.3470112    
      233610  0.3391594    
      233611  0.3313700    
      233612  0.3236558    
      233613  0.3160311    
      233614  0.3085111    
      233615  0.3011103    
      233616  0.2938406    
      233617  0.2867114    
      233618  0.2797291    
      233619  0.2728956    
      233620  0.2662065    
      233621  0.2596531    
      233622  0.2532226    
      233623  0.2468986    
      233624  0.2406625    
      233625  0.2344964    
      233626  0.2283857    
      233627  0.2223197    
      233628  0.2162908    
      233629  0.2102939    
      233630  0.2043263    
      233631  0.1983847    
      233632  0.1924626    
      233633  0.1865438    
      233634  0.1805883    
      233635  0.1745175    
      233636  0.1682047    
      233637  0.1615047    
      233638  0.1543711    
      233639  0.1468831    
      233640  0.1391620    
      233641  0.1313009    
      233642  0.1233484    
      233643  0.1153299    
      233644  0.1072607    
      233645  9.9151045E-02
      233646  9.1008931E-02
      233647  8.2841329E-02
      233648  7.4655116E-02
      233649  6.6457532E-02
      233650  5.8257256E-02
      233651  5.0067835E-02
      233652  4.1915484E-02
      233653  3.3858083E-02
      233654  2.6031602E-02
      233655  1.8765094E-02
      233656  1.2857396E-02
      233657  1.0154281E-02
      233658  1.2859892E-02
      233659  1.8771488E-02
      233660  2.6044266E-02
      233661  3.3880517E-02
      233662  4.1952740E-02
      233663  5.0127082E-02
      233664  5.8348186E-02
      233665  6.6592388E-02
      233666  7.4849099E-02
      233667  8.3113275E-02
      233668  9.1382295E-02
      233669  9.9654675E-02
      233670  0.1079295    
      233671  0.1162061    
      233672  0.1244841    
      233673  0.1327631    
      233674  0.1410428    
      233675  0.1493232    
      233676  0.1576038    
      233677  0.1658848    
      233678  0.1741659    
      233679  0.1824471    
      233680  0.1907284    
      233681  0.1990096    
      233682  0.2072909    
      233683  0.2155721    
      233684  0.2238534    
      233685  0.2321346    
      233686  0.2404157    
      233687  0.2486967    
      233688  0.2569777    
      233689  0.2652586    
      233690  0.2735395    
      233691  0.2818203    
      233692  0.2901010    
      233693  0.2983816    
      233694  0.3066622    
      233695  0.3149427    
      233696  0.3232231    
      233697  0.3315034    
      233698  0.3397836    
      233699  0.3480637    
      233700  0.3563437    
      233701  0.3646237    
      233702  0.3729035    
      233703  0.3811832    
      233704  0.3894628    
      233705  0.3977423    
      233706  0.4060217    
      233707  0.4143009    
      233708  0.4225800    
      233709  0.4308590    
      233710  0.4391378    
      233711  0.4474165    
      233712  0.4556950    
      233713  0.4639735    
      233714  0.4722517    
      233715  0.4805298    
      233716  0.4888076    
      233717  0.4970853    
      233718  0.5053629    
      233719  0.5136403    
      233720  0.5219175    
      233721  0.5301943    
      233722  0.5384706    
      233723  0.5467460    
      233724  0.5550194    
      233725  0.5632902    
      233726  0.5715586    
      233727  0.5798247    
      233728  0.5880886    
      233729  0.5963506    
      233730  0.6046107    
      233731  0.6128690    
      233732  0.6211257    
      233733  0.6293807    
      233734  0.6376342    
      233735  0.6458862    
      233736  0.6541367    
      233737  0.6623858    
      233738  0.6706336    
      233739  0.6788799    
      233740  0.6871247    
      233741  0.6953684    
