       31641  0.4639789    
       31642  0.4557006    
       31643  0.4474220    
       31644  0.4391433    
       31645  0.4308645    
       31646  0.4225855    
       31647  0.4143064    
       31648  0.4060271    
       31649  0.3977478    
       31650  0.3894683    
       31651  0.3811887    
       31652  0.3729090    
       31653  0.3646291    
       31654  0.3563492    
       31655  0.3480692    
       31656  0.3397891    
       31657  0.3315089    
       31658  0.3232286    
       31659  0.3149482    
       31660  0.3066677    
       31661  0.2983871    
       31662  0.2901065    
       31663  0.2818258    
       31664  0.2735450    
       31665  0.2652641    
       31666  0.2569832    
       31667  0.2487022    
       31668  0.2404211    
       31669  0.2321399    
       31670  0.2238588    
       31671  0.2155776    
       31672  0.2072963    
       31673  0.1990150    
       31674  0.1907337    
       31675  0.1824525    
       31676  0.1741712    
       31677  0.1658901    
       31678  0.1576092    
       31679  0.1493285    
       31680  0.1410481    
       31681  0.1327683    
       31682  0.1244893    
       31683  0.1162113    
       31684  0.1079347    
       31685  9.9659875E-02
       31686  9.1387466E-02
       31687  8.3118409E-02
       31688  7.4854165E-02
       31689  6.6597372E-02
       31690  5.8353044E-02
       31691  5.0131764E-02
       31692  4.1957177E-02
       31693  3.3884622E-02
       31694  2.6047930E-02
       31695  1.8774647E-02
       31696  1.2862684E-02
       31697  1.0157422E-02
       31698  1.2862682E-02
       31699  1.8774645E-02
       31700  2.6047925E-02
       31701  3.3884618E-02
       31702  4.1957177E-02
       31703  5.0131761E-02
       31704  5.8353033E-02
       31705  6.6597357E-02
       31706  7.4854150E-02
       31707  8.3118379E-02
       31708  9.1387428E-02
       31709  9.9659808E-02
       31710  0.1079346    
       31711  0.1162112    
       31712  0.1244891    
       31713  0.1327680    
       31714  0.1410477    
       31715  0.1493278    
       31716  0.1576082    
       31717  0.1658887    
       31718  0.1741692    
       31719  0.1824495    
       31720  0.1907297    
       31721  0.1990098    
       31722  0.2072896    
       31723  0.2155693    
       31724  0.2238487    
       31725  0.2321279    
       31726  0.2404067    
       31727  0.2486852    
       31728  0.2569632    
       31729  0.2652408    
       31730  0.2735180    
       31731  0.2817947    
       31732  0.2900710    
       31733  0.2983470    
       31734  0.3066226    
       31735  0.3148979    
       31736  0.3231726    
       31737  0.3314463    
       31738  0.3397184    
       31739  0.3479868    
       31740  0.3562477    
       31741  0.3644927    
       31742  0.3727045    
       31743  0.3808494    
       31744  0.3888631    
       31745  0.3966347    
       31746  0.4040271    
       31747  0.4109975    
       31748  0.4176728    
       31749  0.4242042    
       31750  0.4306879    
       31751  0.4371801    
       31752  0.4437146    
       31753  0.4503081    
       31754  0.4569671    
       31755  0.4636936    
       31756  0.4704885    
       31757  0.4773527    
       31758  0.4842864    
       31759  0.4912896    
       31760  0.4983614    
       31761  0.5055018    
       31762  0.5127119    
       31763  0.5199937    
       31764  0.5273466    
       31765  0.5347643    
       31766  0.5422382    
       31767  0.5497615    
       31768  0.5573289    
       31769  0.5649362    
       31770  0.5725799    
       31771  0.5802570    
       31772  0.5879645    
       31773  0.5957000    
       31774  0.6034610    
       31775  0.6112455    
       31776  0.6190518    
       31777  0.6268779    
       31778  0.6347226    
       31779  0.6425842    
       31780  0.6504616    
       31781  0.6583534    
       31782  0.6662587    
       31783  0.6741765    
       31784  0.6821057    
       31785  0.6900457    
       31786  0.6979958    
       31787  0.7059552    
       31788  0.7139233    
       31789  0.7218995    
       31790  0.7298832    
       31791  0.7378738    
       31792  0.7458707    
       31793  0.7538733    
       31794  0.7618812    
       31795  0.7698935    
       31796  0.7779095    
       31797  0.7859285    
       31798  0.7939497    
       31799  0.8019724    
       31800  0.8099959    
       31801  0.8180194    
       31802  0.8260421    
       31803  0.8340627    
       31804  0.8420794    
       31805  0.8500890    
       31806  0.8580846    
       31807  0.8660518    
       31808  0.8739617    
       31809  0.8817573    
       31810  0.8893455    
       31811  0.8966464    
       31812  0.9036960    
       31813  0.9106109    
       31814  0.9174898    
       31815  0.9243915    
       31816  0.9313484    
       31817  0.9383757    
       31818  0.9454799    
       31819  0.9526641    
       31820  0.9599310    
       31821  0.9672798    
       31822  0.9747025    
       31823  0.9821872    
       31824  0.9897248    
       31825  0.9973091    
       31826   1.004935    
       31827   1.012600    
       31828   1.020298    
       31829   1.028028    
       31830   1.035786    
       31831   1.043571    
       31832   1.051378    
       31833   1.059206    
       31834   1.067052    
       31835   1.074914    
       31836   1.082789    
       31837   1.090674    
       31838   1.098566    
       31839   1.106461    
       31840   1.114355    
       31841   1.122243    
       31842   1.130118    
       31843   1.137973    
       31844   1.145788    
       31845   1.153531    
       31846   1.161141    
       31847   1.168512    
       31848   1.175525    
       31849   1.182158    
       31850   1.188529    
       31851   1.194767    
       31852   1.200960    
       31853   1.207161    
       31854   1.213396    
       31855   1.219683    
       31856   1.226032    
       31857   1.232449    
       31858   1.238943    
       31859   1.245516    
       31860   1.252171    
       31861   1.258908    
       31862   1.265724    
       31863   1.272616    
       31864   1.279580    
       31865   1.286615    
       31866   1.293719    
       31867   1.300891    
       31868   1.308133    
       31869   1.315446    
       31870   1.322829    
       31871   1.330277    
       31872   1.337780    
       31873   1.345332    
       31874   1.352928    
       31875   1.360565    
       31876   1.368240    
       31877   1.375950    
       31878   1.383693    
       31879   1.391466    
       31880   1.399266    
       31881   1.407092    
       31882   1.414941    
       31883   1.422810    
       31884   1.430700    
       31885   1.438607    
       31886   1.446530    
       31887   1.454468    
       31888   1.462420    
       31889   1.470384    
       31890   1.478360    
       31891   1.486347    
       31892   1.494344    
       31893   1.502350    
       31894   1.510364    
       31895   1.518386    
       31896   1.526415    
       31897   1.534450    
       31898   1.542491    
       31899   1.550538    
       31900   1.558590    
       31901   1.566647    
       31902   1.574707    
       31903   1.582772    
       31904   1.590840    
       31905   1.598911    
       31906   1.606985    
       31907   1.615061    
       31908   1.623140    
       31909   1.631220    
       31910   1.639302    
       31911   1.647384    
       31912   1.655467    
       31913   1.663550    
       31914   1.671633    
       31915   1.679714    
       31916   1.687793    
       31917   1.695867    
       31918   1.703933    
       31919   1.711988    
       31920   1.720023    
       31921   1.728027    
       31922   1.735984    
       31923   1.743888    
       31924   1.751745    
       31925   1.759570    
       31926   1.767378    
       31927   1.775180    
       31928   1.782982    
       31929   1.790791    
       31930   1.798607    
       31931   1.806435    
       31932   1.814273    
       31933   1.822123    
       31934   1.829983    
       31935   1.837855    
       31936   1.845736    
       31937   1.853625    
       31938   1.861522    
       31939   1.869421    
       31940   1.877318    
       31941   1.885201    
       31942   1.893049    
       31943   1.900832    
       31944   1.908524    
       31945   1.916124    
       31946   1.923644    
       31947   1.931081    
       31948   1.938416    
       31949   1.945605    
       31950   1.952578    
       31951   1.959238    
       31952   1.965489    
       31953   1.971318    
       31954   1.976818    
       31955   1.982118    
       31956   1.987337    
       31957   1.992567    
       31958   1.997877    
       31959   2.003304    
       31960   2.008867    
       31961   2.014576    
       31962   2.020432    
       31963   2.026427    
       31964   2.032551    
       31965   2.038796    
       31966   2.045154    
       31967   2.051617    
       31968   2.058177    
       31969   2.064829    
       31970   2.071566    
       31971   2.078385    
       31972   2.085284    
       31973   2.092258    
       31974   2.099307    
       31975   2.106424    
       31976   2.113600    
       31977   2.120809    
