      219913   2.107056    
      219914   2.099024    
      219915   2.090998    
      219916   2.082978    
      219917   2.074963    
      219918   2.066956    
      219919   2.058956    
      219920   2.050965    
      219921   2.042981    
      219922   2.035007    
      219923   2.027043    
      219924   2.019090    
      219925   2.011148    
      219926   2.003219    
      219927   1.995303    
      219928   1.987401    
      219929   1.979516    
      219930   1.971647    
      219931   1.963798    
      219932   1.955968    
      219933   1.948161    
      219934   1.940379    
      219935   1.932623    
      219936   1.924897    
      219937   1.917203    
      219938   1.909545    
      219939   1.901927    
      219940   1.894353    
      219941   1.886831    
      219942   1.879364    
      219943   1.871960    
      219944   1.864623    
      219945   1.857352    
      219946   1.850146    
      219947   1.843001    
      219948   1.835909    
      219949   1.828852    
      219950   1.821793    
      219951   1.814673    
      219952   1.807400    
      219953   1.799894    
      219954   1.792163    
      219955   1.784289    
      219956   1.776339    
      219957   1.768351    
      219958   1.760346    
      219959   1.752332    
      219960   1.744316    
      219961   1.736300    
      219962   1.728285    
      219963   1.720273    
      219964   1.712265    
      219965   1.704261    
      219966   1.696263    
      219967   1.688272    
      219968   1.680288    
      219969   1.672313    
      219970   1.664349    
      219971   1.656397    
      219972   1.648459    
      219973   1.640536    
      219974   1.632629    
      219975   1.624741    
      219976   1.616874    
      219977   1.609029    
      219978   1.601209    
      219979   1.593418    
      219980   1.585657    
      219981   1.577932    
      219982   1.570246    
      219983   1.562604    
      219984   1.555014    
      219985   1.547482    
      219986   1.540017    
      219987   1.532629    
      219988   1.525324    
      219989   1.518104    
      219990   1.510973    
      219991   1.503936    
      219992   1.497000    
      219993   1.490168    
      219994   1.483446    
      219995   1.476835    
      219996   1.470334    
      219997   1.463938    
      219998   1.457642    
      219999   1.451442    
      220000   1.445330    
      220001   1.439298    
      220002   1.433338    
      220003   1.427440    
      220004   1.421596    
      220005   1.415784    
      220006   1.409964    
      220007   1.404047    
      220008   1.397889    
      220009   1.391322    
      220010   1.384312    
      220011   1.376985    
      220012   1.369478    
      220013   1.361875    
      220014   1.354222    
      220015   1.346545    
      220016   1.338856    
      220017   1.331166    
      220018   1.323481    
      220019   1.315805    
      220020   1.308142    
      220021   1.300497    
      220022   1.292873    
      220023   1.285272    
      220024   1.277699    
      220025   1.270155    
      220026   1.262646    
      220027   1.255174    
      220028   1.247745    
      220029   1.240364    
      220030   1.233036    
      220031   1.225763    
      220032   1.218548    
      220033   1.211392    
      220034   1.204298    
      220035   1.197269    
      220036   1.190308    
      220037   1.183420    
      220038   1.176607    
      220039   1.169875    
      220040   1.163225    
      220041   1.156662    
      220042   1.150186    
      220043   1.143797    
      220044   1.137494    
      220045   1.131276    
      220046   1.125129    
      220047   1.119019    
      220048   1.112874    
      220049   1.106557    
      220050   1.099855    
      220051   1.092597    
      220052   1.084894    
      220053   1.076946    
      220054   1.068881    
      220055   1.060764    
      220056   1.052625    
      220057   1.044477    
      220058   1.036326    
      220059   1.028175    
      220060   1.020024    
      220061   1.011875    
      220062   1.003727    
      220063  0.9955810    
      220064  0.9874369    
      220065  0.9792949    
      220066  0.9711552    
      220067  0.9630182    
      220068  0.9548841    
      220069  0.9467531    
      220070  0.9386256    
      220071  0.9305018    
      220072  0.9223821    
      220073  0.9142671    
      220074  0.9061568    
      220075  0.8980520    
      220076  0.8899531    
      220077  0.8818605    
      220078  0.8737749    
      220079  0.8656970    
      220080  0.8576275    
      220081  0.8495673    
      220082  0.8415170    
      220083  0.8334780    
      220084  0.8254510    
      220085  0.8174375    
      220086  0.8094389    
      220087  0.8014567    
      220088  0.7934926    
      220089  0.7855483    
      220090  0.7776261    
      220091  0.7697283    
      220092  0.7618574    
      220093  0.7540162    
      220094  0.7462075    
      220095  0.7384342    
      220096  0.7306995    
      220097  0.7230064    
      220098  0.7153584    
      220099  0.7077588    
      220100  0.7002113    
      220101  0.6927189    
      220102  0.6852843    
      220103  0.6779090    
      220104  0.6705947    
      220105  0.6633431    
      220106  0.6561576    
      220107  0.6490420    
      220108  0.6420020    
      220109  0.6350455    
      220110  0.6281824    
      220111  0.6214243    
      220112  0.6147842    
      220113  0.6082752    
      220114  0.6019078    
      220115  0.5956873    
      220116  0.5896105    
      220117  0.5836684    
      220118  0.5778424    
      220119  0.5721071    
      220120  0.5664289    
      220121  0.5607634    
      220122  0.5550499    
      220123  0.5491994    
      220124  0.5430893    
      220125  0.5365735    
      220126  0.5295790    
      220127  0.5221777    
      220128  0.5145000    
      220129  0.5066509    
      220130  0.4986945    
      220131  0.4906671    
      220132  0.4825896    
      220133  0.4744750    
      220134  0.4663322    
      220135  0.4581681    
      220136  0.4499891    
      220137  0.4418001    
      220138  0.4336043    
      220139  0.4254045    
      220140  0.4172022    
      220141  0.4089988    
      220142  0.4007952    
      220143  0.3925919    
      220144  0.3843895    
      220145  0.3761883    
      220146  0.3679888    
      220147  0.3597911    
      220148  0.3515957    
      220149  0.3434028    
      220150  0.3352127    
      220151  0.3270259    
      220152  0.3188426    
      220153  0.3106634    
      220154  0.3024888    
      220155  0.2943192    
      220156  0.2861554    
      220157  0.2779980    
      220158  0.2698480    
      220159  0.2617062    
      220160  0.2535739    
      220161  0.2454524    
      220162  0.2373433    
      220163  0.2292484    
      220164  0.2211700    
      220165  0.2131107    
      220166  0.2050737    
      220167  0.1970628    
      220168  0.1890826    
      220169  0.1811386    
      220170  0.1732376    
      220171  0.1653874    
      220172  0.1575975    
      220173  0.1498779    
      220174  0.1422391    
      220175  0.1346907    
      220176  0.1272403    
      220177  0.1198916    
      220178  0.1126416    
      220179  0.1054762    
      220180  9.8368362E-02
      220181  9.1279402E-02
      220182  8.4159441E-02
      220183  7.6954797E-02
      220184  6.9622956E-02
      220185  6.2157765E-02
      220186  5.4596208E-02
      220187  4.6992727E-02
      220188  3.9393444E-02
      220189  3.1858057E-02
      220190  2.4515234E-02
      220191  1.7680112E-02
      220192  1.2116121E-02
      220193  9.5737930E-03
      220194  1.2133913E-02
      220195  1.7725810E-02
      220196  2.4606626E-02
      220197  3.2021578E-02
      220198  3.9664596E-02
      220199  4.7416087E-02
      220200  5.5229109E-02
      220201  6.3081205E-02
      220202  7.0952184E-02
      220203  7.8811124E-02
      220204  8.6628951E-02
      220205  9.4389483E-02
      220206  0.1020947    
      220207  0.1097576    
      220208  0.1173934    
      220209  0.1250146    
      220210  0.1326309    
      220211  0.1402496    
      220212  0.1478768    
      220213  0.1555169    
      220214  0.1631729    
      220215  0.1708471    
      220216  0.1785415    
      220217  0.1862579    
      220218  0.1939980    
      220219  0.2017630    
      220220  0.2095538    
      220221  0.2173707    
      220222  0.2252133    
      220223  0.2330810    
      220224  0.2409723    
      220225  0.2488860    
      220226  0.2568207    
      220227  0.2647747    
      220228  0.2727466    
      220229  0.2807351    
      220230  0.2887388    
      220231  0.2967564    
      220232  0.3047868    
      220233  0.3128290    
      220234  0.3208819    
      220235  0.3289446    
      220236  0.3370163    
      220237  0.3450963    
      220238  0.3531839    
      220239  0.3612785    
      220240  0.3693795    
      220241  0.3774864    
      220242  0.3855988    
      220243  0.3937162    
      220244  0.4018381    
      220245  0.4099643    
      220246  0.4180944    
      220247  0.4262281    
      220248  0.4343652    
      220249  0.4425054    
      220250  0.4506484    
      220251  0.4587940    
      220252  0.4669420    
      220253  0.4750924    
      220254  0.4832448    
      220255  0.4913990    
      220256  0.4995551    
      220257  0.5077128    
      220258  0.5158719    
      220259  0.5240325    
      220260  0.5321943    
      220261  0.5403572    
      220262  0.5485213    
      220263  0.5566863    
      220264  0.5648522    
      220265  0.5730190    
      220266  0.5811865    
      220267  0.5893546    
      220268  0.5975233    
      220269  0.6056926    
      220270  0.6138623    
      220271  0.6220324    
      220272  0.6302029    
      220273  0.6383737    
      220274  0.6465447    
      220275  0.6547160    
      220276  0.6628875    
      220277  0.6710590    
      220278  0.6792307    
      220279  0.6874023    
      220280  0.6955739    
      220281  0.7037455    
      220282  0.7119170    
      220283  0.7200884    
      220284  0.7282596    
      220285  0.7364306    
      220286  0.7446014    
      220287  0.7527719    
      220288  0.7609421    
      220289  0.7691119    
      220290  0.7772813    
      220291  0.7854503    
      220292  0.7936189    
      220293  0.8017870    
      220294  0.8099546    
      220295  0.8181218    
      220296  0.8262882    
      220297  0.8344541    
      220298  0.8426192    
      220299  0.8507836    
      220300  0.8589474    
      220301  0.8671104    
