      262549   2.109701    
      262550   2.102571    
      262551   2.095535    
      262552   2.088598    
      262553   2.081767    
      262554   2.075045    
      262555   2.068434    
      262556   2.061933    
      262557   2.055537    
      262558   2.049241    
      262559   2.043041    
      262560   2.036929    
      262561   2.030898    
      262562   2.024937    
      262563   2.019040    
      262564   2.013195    
      262565   2.007384    
      262566   2.001563    
      262567   1.995646    
      262568   1.989488    
      262569   1.982921    
      262570   1.975910    
      262571   1.968582    
      262572   1.961075    
      262573   1.953473    
      262574   1.945820    
      262575   1.938143    
      262576   1.930454    
      262577   1.922764    
      262578   1.915078    
      262579   1.907402    
      262580   1.899740    
      262581   1.892095    
      262582   1.884471    
      262583   1.876870    
      262584   1.869297    
      262585   1.861753    
      262586   1.854244    
      262587   1.846772    
      262588   1.839344    
      262589   1.831963    
      262590   1.824634    
      262591   1.817362    
      262592   1.810147    
      262593   1.802991    
      262594   1.795897    
      262595   1.788868    
      262596   1.781908    
      262597   1.775020    
      262598   1.768208    
      262599   1.761475    
      262600   1.754825    
      262601   1.748260    
      262602   1.741779    
      262603   1.735378    
      262604   1.729041    
      262605   1.722733    
      262606   1.716384    
      262607   1.709862    
      262608   1.702967    
      262609   1.695574    
      262610   1.687796    
      262611   1.679808    
      262612   1.671717    
      262613   1.663581    
      262614   1.655424    
      262615   1.647259    
      262616   1.639091    
      262617   1.630923    
      262618   1.622754    
      262619   1.614587    
      262620   1.606420    
      262621   1.598254    
      262622   1.590090    
      262623   1.581927    
      262624   1.573766    
      262625   1.565606    
      262626   1.557448    
      262627   1.549293    
      262628   1.541139    
      262629   1.532989    
      262630   1.524841    
      262631   1.516696    
      262632   1.508555    
      262633   1.500417    
      262634   1.492283    
      262635   1.484154    
      262636   1.476030    
      262637   1.467911    
      262638   1.459799    
      262639   1.451693    
      262640   1.443594    
      262641   1.435503    
      262642   1.427420    
      262643   1.419348    
      262644   1.411286    
      262645   1.403236    
      262646   1.395199    
      262647   1.387177    
      262648   1.379171    
      262649   1.371185    
      262650   1.363218    
      262651   1.355275    
      262652   1.347358    
      262653   1.339471    
      262654   1.331616    
      262655   1.323799    
      262656   1.316022    
      262657   1.308291    
      262658   1.300609    
      262659   1.292980    
      262660   1.285407    
      262661   1.277893    
      262662   1.270438    
      262663   1.263044    
      262664   1.255712    
      262665   1.248442    
      262666   1.241239    
      262667   1.234105    
      262668   1.227046    
      262669   1.220070    
      262670   1.213186    
      262671   1.206406    
      262672   1.199743    
      262673   1.193208    
      262674   1.186813    
      262675   1.180563    
      262676   1.174452    
      262677   1.168470    
      262678   1.162597    
      262679   1.156806    
      262680   1.151060    
      262681   1.145311    
      262682   1.139493    
      262683   1.133515    
      262684   1.127262    
      262685   1.120620    
      262686   1.113555    
      262687   1.106133    
      262688   1.098458    
      262689   1.090619    
      262690   1.082674    
      262691   1.074658    
      262692   1.066590    
      262693   1.058484    
      262694   1.050349    
      262695   1.042192    
      262696   1.034020    
      262697   1.025838    
      262698   1.017649    
      262699   1.009456    
      262700   1.001260    
      262701  0.9930630    
      262702  0.9848660    
      262703  0.9766692    
      262704  0.9684734    
      262705  0.9602791    
      262706  0.9520864    
      262707  0.9438959    
      262708  0.9357076    
      262709  0.9275221    
      262710  0.9193398    
      262711  0.9111610    
      262712  0.9029860    
      262713  0.8948155    
      262714  0.8866500    
      262715  0.8784901    
      262716  0.8703365    
      262717  0.8621900    
      262718  0.8540516    
      262719  0.8459223    
      262720  0.8378035    
      262721  0.8296968    
      262722  0.8216038    
      262723  0.8135269    
      262724  0.8054684    
      262725  0.7974318    
      262726  0.7894206    
      262727  0.7814397    
      262728  0.7734945    
      262729  0.7655922    
      262730  0.7577419    
      262731  0.7499542    
      262732  0.7422423    
      262733  0.7346204    
      262734  0.7271039    
      262735  0.7197074    
      262736  0.7124430    
      262737  0.7053201    
      262738  0.6983458    
      262739  0.6915220    
      262740  0.6848448    
      262741  0.6783060    
      262742  0.6718932    
      262743  0.6655906    
      262744  0.6593803    
      262745  0.6532451    
      262746  0.6471710    
      262747  0.6411487    
      262748  0.6351729    
      262749  0.6292425    
      262750  0.6233587    
      262751  0.6175244    
      262752  0.6117446    
      262753  0.6060251    
      262754  0.6003699    
      262755  0.5947782    
      262756  0.5892389    
      262757  0.5837220    
      262758  0.5781667    
      262759  0.5724666    
      262760  0.5664577    
      262761  0.5599359    
      262762  0.5528267    
      262763  0.5452742    
      262764  0.5374550    
      262765  0.5294816    
      262766  0.5214140    
      262767  0.5132846    
      262768  0.5051120    
      262769  0.4969104    
      262770  0.4886879    
      262771  0.4804496    
      262772  0.4721991    
      262773  0.4639399    
      262774  0.4556744    
      262775  0.4474044    
      262776  0.4391316    
      262777  0.4308566    
      262778  0.4225803    
      262779  0.4143029    
      262780  0.4060249    
      262781  0.3977463    
      262782  0.3894673    
      262783  0.3811880    
      262784  0.3729085    
      262785  0.3646289    
      262786  0.3563491    
      262787  0.3480691    
      262788  0.3397890    
      262789  0.3315088    
      262790  0.3232285    
      262791  0.3149481    
      262792  0.3066677    
      262793  0.2983871    
      262794  0.2901064    
      262795  0.2818257    
      262796  0.2735449    
      262797  0.2652641    
      262798  0.2569832    
      262799  0.2487022    
      262800  0.2404211    
      262801  0.2321399    
      262802  0.2238588    
      262803  0.2155776    
      262804  0.2072963    
      262805  0.1990150    
      262806  0.1907337    
      262807  0.1824525    
      262808  0.1741712    
      262809  0.1658901    
      262810  0.1576092    
      262811  0.1493285    
      262812  0.1410481    
      262813  0.1327683    
      262814  0.1244893    
      262815  0.1162113    
      262816  0.1079347    
      262817  9.9659875E-02
      262818  9.1387466E-02
      262819  8.3118409E-02
      262820  7.4854165E-02
      262821  6.6597372E-02
      262822  5.8353044E-02
      262823  5.0131764E-02
      262824  4.1957177E-02
      262825  3.3884622E-02
      262826  2.6047930E-02
      262827  1.8774647E-02
      262828  1.2862684E-02
      262829  1.0157422E-02
      262830  1.2862682E-02
      262831  1.8774645E-02
      262832  2.6047925E-02
      262833  3.3884618E-02
      262834  4.1957177E-02
      262835  5.0131768E-02
      262836  5.8353044E-02
      262837  6.6597372E-02
      262838  7.4854173E-02
      262839  8.3118409E-02
      262840  9.1387480E-02
      262841  9.9659875E-02
      262842  0.1079347    
      262843  0.1162113    
      262844  0.1244893    
      262845  0.1327684    
      262846  0.1410481    
      262847  0.1493285    
      262848  0.1576092    
      262849  0.1658901    
      262850  0.1741712    
      262851  0.1824525    
      262852  0.1907337    
      262853  0.1990150    
      262854  0.2072963    
      262855  0.2155775    
      262856  0.2238588    
      262857  0.2321400    
      262858  0.2404211    
      262859  0.2487021    
      262860  0.2569832    
      262861  0.2652641    
