      214864   2.123906    
      214865   2.115843    
      214866   2.107781    
      214867   2.099722    
      214868   2.091665    
      214869   2.083611    
      214870   2.075561    
      214871   2.067515    
      214872   2.059473    
      214873   2.051436    
      214874   2.043404    
      214875   2.035378    
      214876   2.027357    
      214877   2.019343    
      214878   2.011336    
      214879   2.003336    
      214880   1.995345    
      214881   1.987361    
      214882   1.979388    
      214883   1.971423    
      214884   1.963470    
      214885   1.955528    
      214886   1.947599    
      214887   1.939683    
      214888   1.931781    
      214889   1.923896    
      214890   1.916027    
      214891   1.908177    
      214892   1.900348    
      214893   1.892541    
      214894   1.884759    
      214895   1.877003    
      214896   1.869277    
      214897   1.861583    
      214898   1.853925    
      214899   1.846306    
      214900   1.838733    
      214901   1.831211    
      214902   1.823744    
      214903   1.816340    
      214904   1.809003    
      214905   1.801732    
      214906   1.794526    
      214907   1.787381    
      214908   1.780289    
      214909   1.773232    
      214910   1.766173    
      214911   1.759053    
      214912   1.751781    
      214913   1.744275    
      214914   1.736543    
      214915   1.728669    
      214916   1.720719    
      214917   1.712731    
      214918   1.704726    
      214919   1.696712    
      214920   1.688696    
      214921   1.680680    
      214922   1.672665    
      214923   1.664653    
      214924   1.656645    
      214925   1.648641    
      214926   1.640643    
      214927   1.632651    
      214928   1.624668    
      214929   1.616693    
      214930   1.608729    
      214931   1.600778    
      214932   1.592839    
      214933   1.584916    
      214934   1.577010    
      214935   1.569122    
      214936   1.561254    
      214937   1.553409    
      214938   1.545590    
      214939   1.537798    
      214940   1.530038    
      214941   1.522312    
      214942   1.514626    
      214943   1.506984    
      214944   1.499394    
      214945   1.491862    
      214946   1.484397    
      214947   1.477009    
      214948   1.469704    
      214949   1.462483    
      214950   1.455353    
      214951   1.448316    
      214952   1.441379    
      214953   1.434548    
      214954   1.427826    
      214955   1.421215    
      214956   1.414713    
      214957   1.408317    
      214958   1.402022    
      214959   1.395822    
      214960   1.389710    
      214961   1.383678    
      214962   1.377717    
      214963   1.371820    
      214964   1.365976    
      214965   1.360164    
      214966   1.354343    
      214967   1.348426    
      214968   1.342269    
      214969   1.335702    
      214970   1.328691    
      214971   1.321364    
      214972   1.313857    
      214973   1.306255    
      214974   1.298602    
      214975   1.290925    
      214976   1.283236    
      214977   1.275546    
      214978   1.267860    
      214979   1.260185    
      214980   1.252522    
      214981   1.244877    
      214982   1.237253    
      214983   1.229652    
      214984   1.222079    
      214985   1.214535    
      214986   1.207025    
      214987   1.199554    
      214988   1.192125    
      214989   1.184744    
      214990   1.177415    
      214991   1.170143    
      214992   1.162928    
      214993   1.155772    
      214994   1.148678    
      214995   1.141649    
      214996   1.134688    
      214997   1.127799    
      214998   1.120987    
      214999   1.114254    
      215000   1.107605    
      215001   1.101041    
      215002   1.094565    
      215003   1.088176    
      215004   1.081873    
      215005   1.075655    
      215006   1.069509    
      215007   1.063401    
      215008   1.057260    
      215009   1.050952    
      215010   1.044263    
      215011   1.037020    
      215012   1.029326    
      215013   1.021383    
      215014   1.013320    
      215015   1.005204    
      215016  0.9970651    
      215017  0.9889173    
      215018  0.9807664    
      215019  0.9726151    
      215020  0.9644644    
      215021  0.9563148    
      215022  0.9481667    
      215023  0.9400203    
      215024  0.9318760    
      215025  0.9237337    
      215026  0.9155938    
      215027  0.9074564    
      215028  0.8993218    
      215029  0.8911904    
      215030  0.8830624    
      215031  0.8749382    
      215032  0.8668182    
      215033  0.8587025    
      215034  0.8505917    
      215035  0.8424863    
      215036  0.8343868    
      215037  0.8262937    
      215038  0.8182076    
      215039  0.8101290    
      215040  0.8020589    
      215041  0.7939981    
      215042  0.7859474    
      215043  0.7779077    
      215044  0.7698803    
      215045  0.7618664    
      215046  0.7538673    
      215047  0.7458845    
      215048  0.7379199    
      215049  0.7299753    
      215050  0.7220528    
      215051  0.7141546    
      215052  0.7062832    
      215053  0.6984415    
      215054  0.6906323    
      215055  0.6828586    
      215056  0.6751235    
      215057  0.6674299    
      215058  0.6597815    
      215059  0.6521816    
      215060  0.6446337    
      215061  0.6371409    
      215062  0.6297059    
      215063  0.6223304    
      215064  0.6150157    
      215065  0.6077639    
      215066  0.6005779    
      215067  0.5934619    
      215068  0.5864214    
      215069  0.5794644    
      215070  0.5726008    
      215071  0.5658421    
      215072  0.5592014    
      215073  0.5526917    
      215074  0.5463236    
      215075  0.5401021    
      215076  0.5340241    
      215077  0.5280806    
      215078  0.5222529    
      215079  0.5165149    
      215080  0.5108326    
      215081  0.5051596    
      215082  0.4994310    
      215083  0.4935510    
      215084  0.4873886    
      215085  0.4807941    
      215086  0.4737120    
      215087  0.4662355    
      215088  0.4585015    
      215089  0.4506109    
      215090  0.4426224    
      215091  0.4345684    
      215092  0.4264676    
      215093  0.4183317    
      215094  0.4101686    
      215095  0.4019849    
      215096  0.3937862    
      215097  0.3855771    
      215098  0.3773611    
      215099  0.3691403    
      215100  0.3609164    
      215101  0.3526904    
      215102  0.3444631    
      215103  0.3362350    
      215104  0.3280063    
      215105  0.3197773    
      215106  0.3115481    
      215107  0.3033186    
      215108  0.2950891    
      215109  0.2868593    
      215110  0.2786293    
      215111  0.2703989    
      215112  0.2621680    
      215113  0.2539364    
      215114  0.2457040    
      215115  0.2374703    
      215116  0.2292352    
      215117  0.2209981    
      215118  0.2127588    
      215119  0.2045166    
      215120  0.1962710    
      215121  0.1880215    
      215122  0.1797674    
      215123  0.1715087    
      215124  0.1632461    
      215125  0.1549825    
      215126  0.1467193    
      215127  0.1384574    
      215128  0.1301976    
      215129  0.1219408    
      215130  0.1136882    
      215131  0.1054415    
      215132  9.7202972E-02
      215133  8.8976070E-02
      215134  8.0765419E-02
      215135  7.2577566E-02
      215136  6.4421646E-02
      215137  5.6310222E-02
      215138  4.8260331E-02
      215139  4.0296767E-02
      215140  3.2470170E-02
      215141  2.4904871E-02
      215142  1.7909294E-02
      215143  1.2238337E-02
      215144  9.6371155E-03
      215145  1.2175780E-02
      215146  1.7750673E-02
      215147  2.4597848E-02
      215148  3.1948190E-02
      215149  3.9483678E-02
      215150  4.7073148E-02
      215151  5.4653592E-02
      215152  6.2173270E-02
      215153  6.9568217E-02
      215154  7.6788172E-02
      215155  8.3824709E-02
      215156  9.0708800E-02
      215157  9.7489953E-02
      215158  0.1042198    
      215159  0.1109399    
      215160  0.1176800    
      215161  0.1244605    
      215162  0.1312936    
      215163  0.1381853    
      215164  0.1451364    
      215165  0.1521465    
      215166  0.1592141    
      215167  0.1663364    
      215168  0.1735108    
      215169  0.1807363    
      215170  0.1880115    
      215171  0.1953360    
      215172  0.2027100    
      215173  0.2101330    
      215174  0.2176043    
      215175  0.2251224    
      215176  0.2326853    
      215177  0.2402901    
      215178  0.2479353    
      215179  0.2556200    
      215180  0.2633430    
      215181  0.2711027    
      215182  0.2788973    
      215183  0.2867243    
      215184  0.2945813    
      215185  0.3024657    
      215186  0.3103752    
      215187  0.3183073    
      215188  0.3262600    
      215189  0.3342316    
      215190  0.3422203    
      215191  0.3502246    
      215192  0.3582429    
      215193  0.3662742    
      215194  0.3743172    
      215195  0.3823709    
      215196  0.3904345    
      215197  0.3985070    
      215198  0.4065877    
      215199  0.4146760    
      215200  0.4227711    
      215201  0.4308724    
      215202  0.4389797    
      215203  0.4470923    
      215204  0.4552097    
      215205  0.4633317    
      215206  0.4714579    
      215207  0.4795879    
      215208  0.4877214    
      215209  0.4958583    
      215210  0.5039981    
      215211  0.5121408    
      215212  0.5202861    
      215213  0.5284337    
      215214  0.5365835    
      215215  0.5447354    
      215216  0.5528891    
      215217  0.5610446    
      215218  0.5692017    
      215219  0.5773602    
      215220  0.5855201    
      215221  0.5936812    
      215222  0.6018435    
      215223  0.6100067    
      215224  0.6181710    
      215225  0.6263360    
      215226  0.6345018    
      215227  0.6426683    
      215228  0.6508354    
      215229  0.6590031    
      215230  0.6671712    
      215231  0.6753398    
      215232  0.6835088    
      215233  0.6916780    
      215234  0.6998476    
      215235  0.7080173    
      215236  0.7161872    
      215237  0.7243572    
      215238  0.7325273    
      215239  0.7406974    
      215240  0.7488675    
      215241  0.7570376    
      215242  0.7652076    
      215243  0.7733775    
      215244  0.7815473    
      215245  0.7897169    
      215246  0.7978863    
      215247  0.8060554    
      215248  0.8142242    
      215249  0.8223927    
      215250  0.8305608    
      215251  0.8387285    
      215252  0.8468958    
      215253  0.8550626    
      215254  0.8632290    
      215255  0.8713949    
      215256  0.8795602    
      215257  0.8877249    
      215258  0.8958888    
      215259  0.9040523    
      215260  0.9122149    
      215261  0.9203768    
