      155401   2.146918    
      155402   2.138831    
      155403   2.130745    
      155404   2.122661    
      155405   2.114577    
      155406   2.106494    
      155407   2.098412    
      155408   2.090331    
      155409   2.082252    
      155410   2.074174    
      155411   2.066097    
      155412   2.058022    
      155413   2.049949    
      155414   2.041878    
      155415   2.033808    
      155416   2.025740    
      155417   2.017674    
      155418   2.009610    
      155419   2.001549    
      155420   1.993490    
      155421   1.985435    
      155422   1.977381    
      155423   1.969331    
      155424   1.961284    
      155425   1.953241    
      155426   1.945201    
      155427   1.937165    
      155428   1.929133    
      155429   1.921105    
      155430   1.913082    
      155431   1.905064    
      155432   1.897052    
      155433   1.889044    
      155434   1.881043    
      155435   1.873048    
      155436   1.865059    
      155437   1.857078    
      155438   1.849105    
      155439   1.841139    
      155440   1.833183    
      155441   1.825235    
      155442   1.817298    
      155443   1.809371    
      155444   1.801455    
      155445   1.793552    
      155446   1.785662    
      155447   1.777786    
      155448   1.769925    
      155449   1.762081    
      155450   1.754254    
      155451   1.746447    
      155452   1.738660    
      155453   1.730896    
      155454   1.723155    
      155455   1.715441    
      155456   1.707754    
      155457   1.700097    
      155458   1.692471    
      155459   1.684880    
      155460   1.677324    
      155461   1.669806    
      155462   1.662329    
      155463   1.654894    
      155464   1.647507    
      155465   1.640168    
      155466   1.632879    
      155467   1.625640    
      155468   1.618448    
      155469   1.611304    
      155470   1.604206    
      155471   1.597153    
      155472   1.590147    
      155473   1.583187    
      155474   1.576275    
      155475   1.569412    
      155476   1.562600    
      155477   1.555841    
      155478   1.549138    
      155479   1.542491    
      155480   1.535903    
      155481   1.529371    
      155482   1.522892    
      155483   1.516462    
      155484   1.510075    
      155485   1.503722    
      155486   1.497391    
      155487   1.491057    
      155488   1.484670    
      155489   1.478144    
      155490   1.471346    
      155491   1.464143    
      155492   1.456553    
      155493   1.448722    
      155494   1.440767    
      155495   1.432754    
      155496   1.424713    
      155497   1.416659    
      155498   1.408598    
      155499   1.400534    
      155500   1.392469    
      155501   1.384403    
      155502   1.376336    
      155503   1.368270    
      155504   1.360205    
      155505   1.352142    
      155506   1.344081    
      155507   1.336021    
      155508   1.327965    
      155509   1.319911    
      155510   1.311861    
      155511   1.303815    
      155512   1.295773    
      155513   1.287736    
      155514   1.279704    
      155515   1.271678    
      155516   1.263657    
      155517   1.255643    
      155518   1.247636    
      155519   1.239636    
      155520   1.231645    
      155521   1.223661    
      155522   1.215687    
      155523   1.207723    
      155524   1.199770    
      155525   1.191828    
      155526   1.183899    
      155527   1.175983    
      155528   1.168081    
      155529   1.160195    
      155530   1.152327    
      155531   1.144477    
      155532   1.136648    
      155533   1.128841    
      155534   1.121058    
      155535   1.113302    
      155536   1.105576    
      155537   1.097882    
      155538   1.090224    
      155539   1.082605    
      155540   1.075032    
      155541   1.067509    
      155542   1.060043    
      155543   1.052639    
      155544   1.045301    
      155545   1.038030    
      155546   1.030824    
      155547   1.023679    
      155548   1.016586    
      155549   1.009528    
      155550   1.002469    
      155551  0.9953492    
      155552  0.9880769    
      155553  0.9805710    
      155554  0.9728401    
      155555  0.9649659    
      155556  0.9570158    
      155557  0.9490282    
      155558  0.9410228    
      155559  0.9330094    
      155560  0.9249932    
      155561  0.9169769    
      155562  0.9089622    
      155563  0.9009503    
      155564  0.8929421    
      155565  0.8849385    
      155566  0.8769403    
      155567  0.8689486    
      155568  0.8609649    
      155569  0.8529903    
      155570  0.8450264    
      155571  0.8370746    
      155572  0.8291364    
      155573  0.8212131    
      155574  0.8133066    
      155575  0.8054186    
      155576  0.7975510    
      155577  0.7897062    
      155578  0.7818866    
      155579  0.7740951    
      155580  0.7663346    
      155581  0.7586089    
      155582  0.7509226    
      155583  0.7432807    
      155584  0.7356899    
      155585  0.7281578    
      155586  0.7206931    
      155587  0.7133046    
      155588  0.7059981    
      155589  0.6987774    
      155590  0.6916457    
      155591  0.6846083    
      155592  0.6776708    
      155593  0.6708386    
      155594  0.6641154    
      155595  0.6575032    
      155596  0.6510007    
      155597  0.6446034    
      155598  0.6383063    
      155599  0.6321046    
      155600  0.6259907    
      155601  0.6199554    
      155602  0.6139886    
      155603  0.6080785    
      155604  0.6022043    
      155605  0.5963209    
      155606  0.5903472    
      155607  0.5841442    
      155608  0.5775121    
      155609  0.5703007    
      155610  0.5626034    
      155611  0.5546249    
      155612  0.5465031    
      155613  0.5383110    
      155614  0.5300832    
      155615  0.5218369    
      155616  0.5135804    
      155617  0.5053178    
      155618  0.4970509    
      155619  0.4887809    
      155620  0.4805083    
      155621  0.4722339    
      155622  0.4639582    
      155623  0.4556815    
      155624  0.4474041    
      155625  0.4391263    
      155626  0.4308480    
      155627  0.4225694    
      155628  0.4142905    
      155629  0.4060115    
      155630  0.3977323    
      155631  0.3894530    
      155632  0.3811735    
      155633  0.3728939    
      155634  0.3646141    
      155635  0.3563343    
      155636  0.3480543    
      155637  0.3397743    
      155638  0.3314941    
      155639  0.3232139    
      155640  0.3149335    
      155641  0.3066531    
      155642  0.2983727    
      155643  0.2900921    
      155644  0.2818115    
      155645  0.2735308    
      155646  0.2652501    
      155647  0.2569693    
      155648  0.2486884    
      155649  0.2404076    
      155650  0.2321267    
      155651  0.2238458    
      155652  0.2155650    
      155653  0.2072842    
      155654  0.1990035    
      155655  0.1907229    
      155656  0.1824423    
      155657  0.1741618    
      155658  0.1658815    
      155659  0.1576014    
      155660  0.1493215    
      155661  0.1410420    
      155662  0.1327630    
      155663  0.1244848    
      155664  0.1162075    
      155665  0.1079315    
      155666  9.9657223E-02
      155667  9.1385320E-02
      155668  8.3116680E-02
      155669  7.4852817E-02
      155670  6.6596322E-02
      155671  5.8352254E-02
      155672  5.0131194E-02
      155673  4.1956767E-02
      155674  3.3884339E-02
      155675  2.6047746E-02
      155676  1.8774537E-02
      155677  1.2862622E-02
      155678  1.0157385E-02
      155679  1.2862650E-02
      155680  1.8774608E-02
      155681  2.6047882E-02
      155682  3.3884566E-02
      155683  4.1957114E-02
      155684  5.0131693E-02
      155685  5.8352955E-02
      155686  6.6597261E-02
      155687  7.4854046E-02
      155688  8.3118252E-02
      155689  9.1387272E-02
      155690  9.9659607E-02
      155691  0.1079343    
      155692  0.1162108    
      155693  0.1244886    
      155694  0.1327672    
      155695  0.1410465    
      155696  0.1493260    
      155697  0.1576055    
      155698  0.1658846    
      155699  0.1741631    
      155700  0.1824402    
      155701  0.1907154    
      155702  0.1989876    
      155703  0.2072553    
      155704  0.2155168    
      155705  0.2237693    
      155706  0.2320098    
      155707  0.2402344    
      155708  0.2484385    
      155709  0.2566160    
      155710  0.2647588    
      155711  0.2728553    
      155712  0.2808863    
      155713  0.2888171    
      155714  0.2965786    
      155715  0.3040426    
      155716  0.3110374    
      155717  0.3174704    
      155718  0.3234848    
      155719  0.3293066    
      155720  0.3350955    
      155721  0.3409429    
      155722  0.3468903    
      155723  0.3529513    
      155724  0.3591256    
      155725  0.3654100    
      155726  0.3718002    
      155727  0.3782900    
      155728  0.3848728    
      155729  0.3915429    
      155730  0.3982958    
      155731  0.4051281    
      155732  0.4120377    
      155733  0.4190227    
      155734  0.4260820    
      155735  0.4332149    
      155736  0.4404223    
      155737  0.4477076    
      155738  0.4550743    
      155739  0.4625221    
      155740  0.4700449    
      155741  0.4776331    
      155742  0.4852791    
      155743  0.4929776    
      155744  0.5007243    
      155745  0.5085151    
      155746  0.5163457    
      155747  0.5242122    
      155748  0.5321106    
      155749  0.5400373    
      155750  0.5479892    
      155751  0.5559636    
      155752  0.5639578    
      155753  0.5719699    
      155754  0.5799980    
      155755  0.5880403    
      155756  0.5960954    
      155757  0.6041620    
      155758  0.6122389    
      155759  0.6203251    
      155760  0.6284198    
      155761  0.6365220    
      155762  0.6446309    
      155763  0.6527460    
      155764  0.6608664    
      155765  0.6689916    
      155766  0.6771207    
      155767  0.6852529    
      155768  0.6933873    
      155769  0.7015227    
      155770  0.7096574    
      155771  0.7177893    
      155772  0.7259149    
      155773  0.7340298    
      155774  0.7421269    
      155775  0.7501963    
      155776  0.7582232    
      155777  0.7661864    
      155778  0.7740580    
      155779  0.7818037    
      155780  0.7893832    
      155781  0.7967503    
      155782  0.8038651    
      155783  0.8107131    
      155784  0.8173188    
      155785  0.8237439    
      155786  0.8300543    
      155787  0.8363001    
      155788  0.8425119    
      155789  0.8487058    
      155790  0.8548900    
      155791  0.8610688    
      155792  0.8672457    
      155793  0.8734246    
      155794  0.8796107    
      155795  0.8858118    
      155796  0.8920388    
      155797  0.8983057    
      155798  0.9046260    
      155799  0.9110106    
      155800  0.9174675    
      155801  0.9240024    
      155802  0.9306194    
      155803  0.9373195    
      155804  0.9441019    
      155805  0.9509649    
      155806  0.9579059    
      155807  0.9649206    
      155808  0.9720050    
      155809  0.9791572    
      155810  0.9863768    
      155811  0.9936643    
      155812   1.001021    
      155813   1.008447    
      155814   1.015940    
      155815   1.023497    
      155816   1.031111    
      155817   1.038777    
      155818   1.046492    
      155819   1.054253    
      155820   1.062055    
      155821   1.069897    
      155822   1.077773    
      155823   1.085681    
      155824   1.093617    
      155825   1.101578    
      155826   1.109561    
      155827   1.117564    
      155828   1.125585    
      155829   1.133622    
      155830   1.141673    
      155831   1.149737    
      155832   1.157812    
      155833   1.165897    
      155834   1.173992    
      155835   1.182096    
      155836   1.190207    
      155837   1.198325    
      155838   1.206450    
      155839   1.214580    
      155840   1.222716    
      155841   1.230857    
      155842   1.239002    
      155843   1.247151    
      155844   1.255304    
      155845   1.263460    
      155846   1.271619    
      155847   1.279781    
      155848   1.287946    
      155849   1.296113    
      155850   1.304283    
      155851   1.312454    
      155852   1.320628    
      155853   1.328803    
      155854   1.336979    
      155855   1.345157    
      155856   1.353337    
      155857   1.361517    
      155858   1.369699    
      155859   1.377882    
      155860   1.386066    
      155861   1.394250    
      155862   1.402435    
      155863   1.410621    
      155864   1.418808    
      155865   1.426995    
      155866   1.435182    
      155867   1.443371    
      155868   1.451559    
      155869   1.459748    
      155870   1.467937    
      155871   1.476126    
      155872   1.484316    
      155873   1.492506    
      155874   1.500696    
      155875   1.508887    
      155876   1.517077    
      155877   1.525268    
      155878   1.533458    
      155879   1.541649    
      155880   1.549840    
      155881   1.558031    
      155882   1.566222    
      155883   1.574413    
      155884   1.582604    
      155885   1.590795    
      155886   1.598987    
      155887   1.607178    
      155888   1.615369    
      155889   1.623560    
      155890   1.631751    
      155891   1.639943    
      155892   1.648134    
      155893   1.656325    
      155894   1.664516    
      155895   1.672708    
      155896   1.680899    
      155897   1.689090    
      155898   1.697282    
      155899   1.705473    
      155900   1.713664    
      155901   1.721856    
