      114521   1.599315    
      114522   1.591246    
      114523   1.583177    
      114524   1.575110    
      114525   1.567043    
      114526   1.558978    
      114527   1.550913    
      114528   1.542850    
      114529   1.534789    
      114530   1.526728    
      114531   1.518669    
      114532   1.510612    
      114533   1.502557    
      114534   1.494503    
      114535   1.486451    
      114536   1.478402    
      114537   1.470355    
      114538   1.462310    
      114539   1.454268    
      114540   1.446228    
      114541   1.438191    
      114542   1.430157    
      114543   1.422127    
      114544   1.414100    
      114545   1.406077    
      114546   1.398058    
      114547   1.390043    
      114548   1.382033    
      114549   1.374027    
      114550   1.366026    
      114551   1.358031    
      114552   1.350042    
      114553   1.342058    
      114554   1.334081    
      114555   1.326111    
      114556   1.318149    
      114557   1.310194    
      114558   1.302247    
      114559   1.294309    
      114560   1.286381    
      114561   1.278464    
      114562   1.270557    
      114563   1.262661    
      114564   1.254779    
      114565   1.246910    
      114566   1.239055    
      114567   1.231216    
      114568   1.223395    
      114569   1.215591    
      114570   1.207807    
      114571   1.200045    
      114572   1.192306    
      114573   1.184592    
      114574   1.176906    
      114575   1.169250    
      114576   1.161627    
      114577   1.154041    
      114578   1.146495    
      114579   1.138995    
      114580   1.131546    
      114581   1.124153    
      114582   1.116819    
      114583   1.109545    
      114584   1.102329    
      114585   1.095169    
      114586   1.088060    
      114587   1.081001    
      114588   1.073985    
      114589   1.067008    
      114590   1.060065    
      114591   1.053154    
      114592   1.046274    
      114593   1.039426    
      114594   1.032614    
      114595   1.025841    
      114596   1.019112    
      114597   1.012432    
      114598   1.005806    
      114599  0.9992374    
      114600  0.9927303    
      114601  0.9862856    
      114602  0.9799020    
      114603  0.9735769    
      114604  0.9673070    
      114605  0.9610857    
      114606  0.9549022    
      114607  0.9487392    
      114608  0.9425633    
      114609  0.9363136    
      114610  0.9298873    
      114611  0.9231277    
      114612  0.9159042    
      114613  0.9082844    
      114614  0.9004329    
      114615  0.8924674    
      114616  0.8844491    
      114617  0.8764068    
      114618  0.8683534    
      114619  0.8602946    
      114620  0.8522334    
      114621  0.8441712    
      114622  0.8361086    
      114623  0.8280463    
      114624  0.8199852    
      114625  0.8119254    
      114626  0.8038675    
      114627  0.7958119    
      114628  0.7877589    
      114629  0.7797091    
      114630  0.7716628    
      114631  0.7636204    
      114632  0.7555825    
      114633  0.7475492    
      114634  0.7395213    
      114635  0.7314988    
      114636  0.7234826    
      114637  0.7154728    
      114638  0.7074701    
      114639  0.6994748    
      114640  0.6914876    
      114641  0.6835091    
      114642  0.6755398    
      114643  0.6675805    
      114644  0.6596319    
      114645  0.6516949    
      114646  0.6437703    
      114647  0.6358593    
      114648  0.6279626    
      114649  0.6200817    
      114650  0.6122179    
      114651  0.6043727    
      114652  0.5965477    
      114653  0.5887446    
      114654  0.5809654    
      114655  0.5732119    
      114656  0.5654858    
      114657  0.5577882    
      114658  0.5501181    
      114659  0.5424734    
      114660  0.5348489    
      114661  0.5272342    
      114662  0.5196097    
      114663  0.5119427    
      114664  0.5041856    
      114665  0.4962869    
      114666  0.4882405    
      114667  0.4800972    
      114668  0.4718973    
      114669  0.4636647    
      114670  0.4554133    
      114671  0.4471512    
      114672  0.4388831    
      114673  0.4306114    
      114674  0.4223380    
      114675  0.4140638    
      114676  0.4057894    
      114677  0.3975152    
      114678  0.3892414    
      114679  0.3809679    
      114680  0.3726948    
      114681  0.3644218    
      114682  0.3561490    
      114683  0.3478758    
      114684  0.3396023    
      114685  0.3313280    
      114686  0.3230528    
      114687  0.3147765    
      114688  0.3064992    
      114689  0.2982210    
      114690  0.2899420    
      114691  0.2816624    
      114692  0.2733825    
      114693  0.2651023    
      114694  0.2568218    
      114695  0.2485413    
      114696  0.2402606    
      114697  0.2319798    
      114698  0.2236989    
      114699  0.2154180    
      114700  0.2071371    
      114701  0.1988562    
      114702  0.1905753    
      114703  0.1822945    
      114704  0.1740137    
      114705  0.1657331    
      114706  0.1574526    
      114707  0.1491725    
      114708  0.1408928    
      114709  0.1326137    
      114710  0.1243354    
      114711  0.1160582    
      114712  0.1077826    
      114713  9.9509224E-02
      114714  9.1238782E-02
      114715  8.2972504E-02
      114716  7.4712232E-02
      114717  6.6461086E-02
      114718  5.8224671E-02
      114719  5.0013922E-02
      114720  4.1852575E-02
      114721  3.3795759E-02
      114722  2.5976613E-02
      114723  1.8721268E-02
      114724  1.2824895E-02
      114725  1.0126948E-02
      114726  1.2823938E-02
      114727  1.8718712E-02
      114728  2.5971381E-02
      114729  3.3786401E-02
      114730  4.1837331E-02
      114731  4.9990959E-02
      114732  5.8192514E-02
      114733  6.6418886E-02
      114734  7.4659809E-02
      114735  8.2910299E-02
      114736  9.1167703E-02
      114737  9.9430420E-02
      114738  0.1076974    
      114739  0.1159677    
      114740  0.1242407    
      114741  0.1325158    
      114742  0.1407923    
      114743  0.1490699    
      114744  0.1573483    
      114745  0.1656273    
      114746  0.1739067    
      114747  0.1821864    
      114748  0.1904663    
      114749  0.1987463    
      114750  0.2070265    
      114751  0.2153068    
      114752  0.2235871    
      114753  0.2318674    
      114754  0.2401478    
      114755  0.2484282    
      114756  0.2567086    
      114757  0.2649890    
      114758  0.2732694    
      114759  0.2815496    
      114760  0.2898299    
      114761  0.2981101    
      114762  0.3063903    
      114763  0.3146704    
      114764  0.3229504    
      114765  0.3312303    
      114766  0.3395102    
      114767  0.3477899    
      114768  0.3560696    
      114769  0.3643491    
      114770  0.3726285    
      114771  0.3809077    
      114772  0.3891867    
      114773  0.3974655    
      114774  0.4057440    
      114775  0.4140223    
      114776  0.4223004    
      114777  0.4305782    
      114778  0.4388558    
      114779  0.4471331    
      114780  0.4554103    
      114781  0.4636872    
      114782  0.4719639    
      114783  0.4802403    
      114784  0.4885163    
      114785  0.4967918    
      114786  0.5050660    
      114787  0.5133377    
      114788  0.5216036    
      114789  0.5298568    
      114790  0.5380837    
      114791  0.5462581    
      114792  0.5543262    
      114793  0.5621864    
      114794  0.5696809    
      114795  0.5767081    
      114796  0.5833746    
      114797  0.5898456    
      114798  0.5962383    
      114799  0.6026201    
      114800  0.6090264    
      114801  0.6154759    
      114802  0.6219756    
      114803  0.6285274    
      114804  0.6351316    
      114805  0.6417882    
      114806  0.6484970    
      114807  0.6552580    
      114808  0.6620710    
      114809  0.6689355    
      114810  0.6758512    
      114811  0.6828175    
      114812  0.6898341    
      114813  0.6969012    
      114814  0.7040197    
      114815  0.7111903    
      114816  0.7184139    
      114817  0.7256892    
      114818  0.7330112    
      114819  0.7403735    
      114820  0.7477696    
      114821  0.7551943    
      114822  0.7626421    
      114823  0.7701061    
      114824  0.7775772    
      114825  0.7850431    
      114826  0.7924865    
      114827  0.7998832    
      114828  0.8071972    
      114829  0.8143762    
      114830  0.8213441    
      114831  0.8279997    
      114832  0.8342474    
      114833  0.8400738    
      114834  0.8455722    
      114835  0.8508717    
      114836  0.8560898    
      114837  0.8613204    
      114838  0.8666300    
      114839  0.8720572    
      114840  0.8776210    
      114841  0.8833302    
      114842  0.8891854    
      114843  0.8951808    
      114844  0.9013057    
      114845  0.9075506    
      114846  0.9139085    
      114847  0.9203717    
      114848  0.9269325    
      114849  0.9335840    
      114850  0.9403213    
      114851  0.9471409    
      114852  0.9540399    
      114853  0.9610161    
      114854  0.9680681    
      114855  0.9751951    
      114856  0.9823977    
      114857  0.9896785    
      114858  0.9970411    
      114859   1.004485    
      114860   1.012005    
      114861   1.019591    
      114862   1.027235    
      114863   1.034932    
      114864   1.042677    
      114865   1.050466    
      114866   1.058295    
      114867   1.066160    
      114868   1.074057    
      114869   1.081983    
      114870   1.089933    
      114871   1.097906    
      114872   1.105899    
      114873   1.113909    
      114874   1.121936    
      114875   1.129977    
      114876   1.138031    
      114877   1.146096    
      114878   1.154171    
      114879   1.162256    
      114880   1.170349    
      114881   1.178450    
      114882   1.186558    
      114883   1.194672    
      114884   1.202791    
      114885   1.210915    
      114886   1.219043    
      114887   1.227174    
      114888   1.235308    
      114889   1.243442    
      114890   1.251576    
      114891   1.259707    
      114892   1.267832    
      114893   1.275946    
      114894   1.284042    
      114895   1.292111    
      114896   1.300137    
      114897   1.308100    
      114898   1.315970    
      114899   1.323716    
      114900   1.331295    
      114901   1.338661    
      114902   1.345776    
      114903   1.352624    
      114904   1.359229    
      114905   1.365655    
      114906   1.371965    
      114907   1.378211    
      114908   1.384423    
      114909   1.390617    
      114910   1.396801    
      114911   1.402980    
      114912   1.409157    
      114913   1.415336    
      114914   1.421522    
      114915   1.427723    
      114916   1.433950    
      114917   1.440217    
      114918   1.446537    
      114919   1.452922    
      114920   1.459378    
      114921   1.465914    
      114922   1.472531    
      114923   1.479231    
      114924   1.486013    
      114925   1.492876    
      114926   1.499817    
      114927   1.506832    
      114928   1.513916    
      114929   1.521068    
      114930   1.528288    
      114931   1.535575    
      114932   1.542931    
      114933   1.550357    
      114934   1.557851    
      114935   1.565407    
      114936   1.573021    
      114937   1.580688    
      114938   1.588403    
      114939   1.596163    
      114940   1.603966    
      114941   1.611807    
      114942   1.619684    
      114943   1.627591    
      114944   1.635527    
      114945   1.643488    
      114946   1.651472    
      114947   1.659475    
      114948   1.667496    
      114949   1.675533    
      114950   1.683583    
      114951   1.691647    
      114952   1.699722    
      114953   1.707808    
      114954   1.715903    
      114955   1.724006    
      114956   1.732117    
      114957   1.740236    
      114958   1.748360    
      114959   1.756490    
      114960   1.764626    
      114961   1.772767    
      114962   1.780912    
      114963   1.789061    
      114964   1.797214    
      114965   1.805370    
      114966   1.813529    
      114967   1.821692    
      114968   1.829856    
      114969   1.838024    
      114970   1.846193    
      114971   1.854365    
      114972   1.862538    
      114973   1.870713    
      114974   1.878890    
      114975   1.887068    
      114976   1.895248    
      114977   1.903429    
      114978   1.911610    
      114979   1.919793    
      114980   1.927977    
      114981   1.936161    
      114982   1.944346    
      114983   1.952532    
      114984   1.960719    
      114985   1.968906    
      114986   1.977094    
      114987   1.985282    
      114988   1.993470    
      114989   2.001659    
      114990   2.009848    
      114991   2.018037    
      114992   2.026227    
      114993   2.034417    
      114994   2.042607    
      114995   2.050797    
      114996   2.058988    
      114997   2.067179    
      114998   2.075369    
      114999   2.083560    
      115000   2.091750    
      115001   2.099940    
      115002   2.108127    
      115003   2.116307    
      115004   2.124470    
      115005   2.132585    
