      163813   2.150888    
      163814   2.142817    
      163815   2.134747    
      163816   2.126678    
      163817   2.118613    
      163818   2.110549    
      163819   2.102488    
      163820   2.094429    
      163821   2.086373    
      163822   2.078320    
      163823   2.070270    
      163824   2.062223    
      163825   2.054180    
      163826   2.046140    
      163827   2.038104    
      163828   2.030072    
      163829   2.022044    
      163830   2.014021    
      163831   2.006003    
      163832   1.997990    
      163833   1.989983    
      163834   1.981982    
      163835   1.973986    
      163836   1.965998    
      163837   1.958017    
      163838   1.950043    
      163839   1.942078    
      163840   1.934121    
      163841   1.926174    
      163842   1.918237    
      163843   1.910310    
      163844   1.902394    
      163845   1.894491    
      163846   1.886601    
      163847   1.878725    
      163848   1.870864    
      163849   1.863020    
      163850   1.855193    
      163851   1.847386    
      163852   1.839600    
      163853   1.831836    
      163854   1.824095    
      163855   1.816381    
      163856   1.808694    
      163857   1.801038    
      163858   1.793413    
      163859   1.785823    
      163860   1.778268    
      163861   1.770751    
      163862   1.763275    
      163863   1.755842    
      163864   1.748455    
      163865   1.741117    
      163866   1.733829    
      163867   1.726590    
      163868   1.719398    
      163869   1.712254    
      163870   1.705155    
      163871   1.698103    
      163872   1.691097    
      163873   1.684137    
      163874   1.677225    
      163875   1.670362    
      163876   1.663550    
      163877   1.656792    
      163878   1.650089    
      163879   1.643443    
      163880   1.636856    
      163881   1.630325    
      163882   1.623847    
      163883   1.617418    
      163884   1.611032    
      163885   1.604680    
      163886   1.598349    
      163887   1.592016    
      163888   1.585629    
      163889   1.579103    
      163890   1.572306    
      163891   1.565103    
      163892   1.557515    
      163893   1.549684    
      163894   1.541729    
      163895   1.533716    
      163896   1.525675    
      163897   1.517621    
      163898   1.509560    
      163899   1.501496    
      163900   1.493431    
      163901   1.485365    
      163902   1.477298    
      163903   1.469232    
      163904   1.461168    
      163905   1.453104    
      163906   1.445043    
      163907   1.436984    
      163908   1.428927    
      163909   1.420874    
      163910   1.412824    
      163911   1.404778    
      163912   1.396736    
      163913   1.388698    
      163914   1.380666    
      163915   1.372640    
      163916   1.364620    
      163917   1.356606    
      163918   1.348599    
      163919   1.340599    
      163920   1.332607    
      163921   1.324624    
      163922   1.316650    
      163923   1.308686    
      163924   1.300733    
      163925   1.292791    
      163926   1.284862    
      163927   1.276946    
      163928   1.269044    
      163929   1.261158    
      163930   1.253290    
      163931   1.245440    
      163932   1.237611    
      163933   1.229804    
      163934   1.222022    
      163935   1.214266    
      163936   1.206540    
      163937   1.198845    
      163938   1.191187    
      163939   1.183569    
      163940   1.175996    
      163941   1.168473    
      163942   1.161006    
      163943   1.153603    
      163944   1.146265    
      163945   1.138994    
      163946   1.131788    
      163947   1.124643    
      163948   1.117551    
      163949   1.110493    
      163950   1.103434    
      163951   1.096314    
      163952   1.089042    
      163953   1.081536    
      163954   1.073805    
      163955   1.065931    
      163956   1.057981    
      163957   1.049993    
      163958   1.041988    
      163959   1.033975    
      163960   1.025959    
      163961   1.017942    
      163962   1.009928    
      163963   1.001916    
      163964  0.9939073    
      163965  0.9859035    
      163966  0.9779054    
      163967  0.9699138    
      163968  0.9619300    
      163969  0.9539555    
      163970  0.9459916    
      163971  0.9380398    
      163972  0.9301015    
      163973  0.9221782    
      163974  0.9142718    
      163975  0.9063839    
      163976  0.8985164    
      163977  0.8906716    
      163978  0.8828520    
      163979  0.8750604    
      163980  0.8672999    
      163981  0.8595743    
      163982  0.8518879    
      163983  0.8442461    
      163984  0.8366554    
      163985  0.8291234    
      163986  0.8216590    
      163987  0.8142706    
      163988  0.8069645    
      163989  0.7997441    
      163990  0.7926128    
      163991  0.7855757    
      163992  0.7786387    
      163993  0.7718068    
      163994  0.7650842    
      163995  0.7584726    
      163996  0.7519708    
      163997  0.7455741    
      163998  0.7392779    
      163999  0.7330775    
      164000  0.7269652    
      164001  0.7209325    
      164002  0.7149711    
      164003  0.7090727    
      164004  0.7032269    
      164005  0.6974139    
      164006  0.6915908    
      164007  0.6856696    
      164008  0.6795057    
      164009  0.6729304    
      164010  0.6659113    
      164011  0.6585774    
      164012  0.6510645    
      164013  0.6434569    
      164014  0.6357999    
      164015  0.6281180    
      164016  0.6204253    
      164017  0.6127309    
      164018  0.6050408    
      164019  0.5973601    
      164020  0.5896928    
      164021  0.5820426    
      164022  0.5744126    
      164023  0.5668060    
      164024  0.5592258    
      164025  0.5516751    
      164026  0.5441574    
      164027  0.5366766    
      164028  0.5292369    
      164029  0.5218423    
      164030  0.5144951    
      164031  0.5071929    
      164032  0.4999268    
      164033  0.4926811    
      164034  0.4854275    
      164035  0.4781188    
      164036  0.4706845    
      164037  0.4630442    
      164038  0.4551706    
      164039  0.4471241    
      164040  0.4389743    
      164041  0.4307657    
      164042  0.4225248    
      164043  0.4142662    
      164044  0.4059979    
      164045  0.3977245    
      164046  0.3894483    
      164047  0.3811705    
      164048  0.3728919    
      164049  0.3646128    
      164050  0.3563334    
      164051  0.3480538    
      164052  0.3397742    
      164053  0.3314946    
      164054  0.3232149    
      164055  0.3149352    
      164056  0.3066555    
      164057  0.2983758    
      164058  0.2900960    
      164059  0.2818162    
      164060  0.2735363    
      164061  0.2652564    
      164062  0.2569764    
      164063  0.2486962    
      164064  0.2404160    
      164065  0.2321356    
      164066  0.2238551    
      164067  0.2155744    
      164068  0.2072937    
      164069  0.1990128    
      164070  0.1907319    
      164071  0.1824509    
      164072  0.1741699    
      164073  0.1658890    
      164074  0.1576082    
      164075  0.1493277    
      164076  0.1410474    
      164077  0.1327677    
      164078  0.1244887    
      164079  0.1162108    
      164080  0.1079341    
      164081  9.9659339E-02
      164082  9.1386944E-02
      164083  8.3117887E-02
      164084  7.4853666E-02
      164085  6.6596881E-02
      164086  5.8352564E-02
      164087  5.0131314E-02
      164088  4.1956745E-02
      164089  3.3884220E-02
      164090  2.6047567E-02
      164091  1.8774332E-02
      164092  1.2862403E-02
      164093  1.0157106E-02
      164094  1.2862148E-02
      164095  1.8773686E-02
      164096  2.6046297E-02
      164097  3.3881981E-02
      164098  4.1953024E-02
      164099  5.0125338E-02
      164100  5.8343165E-02
      164101  6.6582285E-02
      164102  7.4831247E-02
      164103  8.3083667E-02
      164104  9.1334954E-02
      164105  9.9580914E-02
      164106  0.1078172    
      164107  0.1160393    
      164108  0.1242425    
      164109  0.1324219    
      164110  0.1405717    
      164111  0.1486840    
      164112  0.1567475    
      164113  0.1647465    
      164114  0.1726559    
      164115  0.1804304    
      164116  0.1879851    
      164117  0.1952047    
      164118  0.2020003    
      164119  0.2084027    
      164120  0.2145710    
      164121  0.2206589    
      164122  0.2267632    
      164123  0.2329332    
      164124  0.2391900    
      164125  0.2455415    
      164126  0.2519892    
      164127  0.2585300    
      164128  0.2651571    
      164129  0.2718641    
      164130  0.2786473    
      164131  0.2855047    
      164132  0.2924348    
      164133  0.2994370    
      164134  0.3065105    
      164135  0.3136552    
      164136  0.3208733    
      164137  0.3281685    
      164138  0.3355448    
      164139  0.3430020    
      164140  0.3505340    
      164141  0.3581313    
      164142  0.3657866    
      164143  0.3734949    
      164144  0.3812517    
      164145  0.3890525    
      164146  0.3968931    
      164147  0.4047694    
      164148  0.4126772    
      164149  0.4206131    
      164150  0.4285740    
      164151  0.4365571    
      164152  0.4445600    
      164153  0.4525805    
      164154  0.4606168    
      164155  0.4686671    
      164156  0.4767301    
      164157  0.4848044    
      164158  0.4928888    
      164159  0.5009825    
      164160  0.5090844    
      164161  0.5171938    
      164162  0.5253099    
      164163  0.5334319    
      164164  0.5415592    
      164165  0.5496911    
      164166  0.5578269    
      164167  0.5659658    
      164168  0.5741068    
      164169  0.5822487    
      164170  0.5903900    
      164171  0.5985282    
      164172  0.6066604    
      164173  0.6147817    
      164174  0.6228856    
      164175  0.6309621    
      164176  0.6389966    
      164177  0.6469681    
      164178  0.6548489    
      164179  0.6626053    
      164180  0.6701967    
      164181  0.6775773    
      164182  0.6847063    
      164183  0.6915672    
      164184  0.6981832    
      164185  0.7046155    
      164186  0.7109305    
      164187  0.7171793    
      164188  0.7233932    
      164189  0.7295887    
      164190  0.7357741    
      164191  0.7419540    
      164192  0.7481318    
      164193  0.7543113    
      164194  0.7604980    
      164195  0.7666997    
      164196  0.7729273    
      164197  0.7791947    
      164198  0.7855155    
      164199  0.7919005    
      164200  0.7983575    
      164201  0.8048927    
      164202  0.8115100    
      164203  0.8182101    
      164204  0.8249927    
      164205  0.8318558    
      164206  0.8387970    
      164207  0.8458118    
      164208  0.8528967    
      164209  0.8600500    
      164210  0.8672712    
      164211  0.8745605    
      164212  0.8819187    
      164213  0.8893458    
      164214  0.8968397    
      164215  0.9043963    
      164216  0.9120101    
      164217  0.9196762    
      164218  0.9273911    
      164219  0.9351516    
      164220  0.9429544    
      164221  0.9507960    
      164222  0.9586726    
      164223  0.9665807    
      164224  0.9745169    
      164225  0.9824780    
      164226  0.9904615    
      164227  0.9984648    
      164228   1.006486    
      164229   1.014523    
      164230   1.022574    
      164231   1.030638    
      164232   1.038714    
      164233   1.046799    
      164234   1.054895    
      164235   1.062998    
      164236   1.071110    
      164237   1.079228    
      164238   1.087353    
      164239   1.095484    
      164240   1.103619    
      164241   1.111760    
      164242   1.119905    
      164243   1.128055    
      164244   1.136208    
      164245   1.144364    
      164246   1.152523    
      164247   1.160686    
      164248   1.168851    
      164249   1.177018    
      164250   1.185188    
      164251   1.193360    
      164252   1.201533    
      164253   1.209708    
      164254   1.217885    
      164255   1.226063    
      164256   1.234243    
      164257   1.242424    
      164258   1.250606    
      164259   1.258788    
      164260   1.266972    
      164261   1.275157    
      164262   1.283342    
      164263   1.291528    
      164264   1.299715    
      164265   1.307902    
      164266   1.316090    
      164267   1.324278    
      164268   1.332466    
      164269   1.340655    
      164270   1.348844    
      164271   1.357034    
      164272   1.365224    
      164273   1.373414    
      164274   1.381604    
      164275   1.389794    
      164276   1.397985    
      164277   1.406176    
      164278   1.414366    
      164279   1.422557    
      164280   1.430748    
      164281   1.438939    
      164282   1.447130    
      164283   1.455322    
      164284   1.463513    
      164285   1.471704    
      164286   1.479895    
      164287   1.488086    
      164288   1.496277    
      164289   1.504468    
      164290   1.512660    
      164291   1.520851    
      164292   1.529042    
      164293   1.537233    
      164294   1.545425    
      164295   1.553616    
      164296   1.561807    
      164297   1.569999    
      164298   1.578190    
      164299   1.586381    
      164300   1.594572    
      164301   1.602764    
