       29961  0.4391433    
       29962  0.4308645    
       29963  0.4225855    
       29964  0.4143064    
       29965  0.4060271    
       29966  0.3977478    
       29967  0.3894683    
       29968  0.3811887    
       29969  0.3729090    
       29970  0.3646291    
       29971  0.3563492    
       29972  0.3480692    
       29973  0.3397891    
       29974  0.3315089    
       29975  0.3232286    
       29976  0.3149482    
       29977  0.3066677    
       29978  0.2983871    
       29979  0.2901065    
       29980  0.2818258    
       29981  0.2735450    
       29982  0.2652641    
       29983  0.2569832    
       29984  0.2487022    
       29985  0.2404211    
       29986  0.2321399    
       29987  0.2238588    
       29988  0.2155776    
       29989  0.2072963    
       29990  0.1990150    
       29991  0.1907337    
       29992  0.1824525    
       29993  0.1741712    
       29994  0.1658901    
       29995  0.1576092    
       29996  0.1493285    
       29997  0.1410481    
       29998  0.1327683    
       29999  0.1244893    
       30000  0.1162113    
       30001  0.1079347    
       30002  9.9659875E-02
       30003  9.1387466E-02
       30004  8.3118409E-02
       30005  7.4854165E-02
       30006  6.6597372E-02
       30007  5.8353044E-02
       30008  5.0131764E-02
       30009  4.1957177E-02
       30010  3.3884622E-02
       30011  2.6047930E-02
       30012  1.8774647E-02
       30013  1.2862684E-02
       30014  1.0157422E-02
       30015  1.2862682E-02
       30016  1.8774645E-02
       30017  2.6047925E-02
       30018  3.3884618E-02
       30019  4.1957177E-02
       30020  5.0131768E-02
       30021  5.8353044E-02
       30022  6.6597365E-02
       30023  7.4854165E-02
       30024  8.3118394E-02
       30025  9.1387458E-02
       30026  9.9659860E-02
       30027  0.1079347    
       30028  0.1162113    
       30029  0.1244892    
       30030  0.1327682    
       30031  0.1410480    
       30032  0.1493282    
       30033  0.1576088    
       30034  0.1658896    
       30035  0.1741705    
       30036  0.1824514    
       30037  0.1907322    
       30038  0.1990129    
       30039  0.2072933    
       30040  0.2155735    
       30041  0.2238535    
       30042  0.2321332    
       30043  0.2404127    
       30044  0.2486920    
       30045  0.2569709    
       30046  0.2652496    
       30047  0.2735278    
       30048  0.2818056    
       30049  0.2900830    
       30050  0.2983599    
       30051  0.3066363    
       30052  0.3149123    
       30053  0.3231879    
       30054  0.3314632    
       30055  0.3397378    
       30056  0.3480116    
       30057  0.3562836    
       30058  0.3645522    
       30059  0.3728136    
       30060  0.3810599    
       30061  0.3892744    
       30062  0.3974238    
       30063  0.4054430    
       30064  0.4132220    
       30065  0.4206156    
       30066  0.4275658    
       30067  0.4342008    
       30068  0.4406787    
       30069  0.4471026    
       30070  0.4535306    
       30071  0.4599978    
       30072  0.4665228    
       30073  0.4731127    
       30074  0.4797702    
       30075  0.4864960    
       30076  0.4932906    
       30077  0.5001545    
       30078  0.5070881    
       30079  0.5140911    
       30080  0.5211629    
       30081  0.5283032    
       30082  0.5355132    
       30083  0.5427950    
       30084  0.5501478    
       30085  0.5575655    
       30086  0.5650393    
       30087  0.5725626    
       30088  0.5801299    
       30089  0.5877373    
       30090  0.5953810    
       30091  0.6030580    
       30092  0.6107656    
       30093  0.6185010    
       30094  0.6262621    
       30095  0.6340466    
       30096  0.6418528    
       30097  0.6496791    
       30098  0.6575236    
       30099  0.6653854    
       30100  0.6732627    
       30101  0.6811545    
       30102  0.6890597    
       30103  0.6969775    
       30104  0.7049068    
       30105  0.7128469    
       30106  0.7207969    
       30107  0.7287563    
       30108  0.7367244    
       30109  0.7447006    
       30110  0.7526842    
       30111  0.7606748    
       30112  0.7686718    
       30113  0.7766745    
       30114  0.7846824    
       30115  0.7926947    
       30116  0.8007107    
       30117  0.8087296    
       30118  0.8167508    
       30119  0.8247736    
       30120  0.8327971    
       30121  0.8408205    
       30122  0.8488431    
       30123  0.8568637    
       30124  0.8648805    
       30125  0.8728901    
       30126  0.8808855    
       30127  0.8888528    
       30128  0.8967626    
       30129  0.9045582    
       30130  0.9121466    
       30131  0.9194477    
       30132  0.9264973    
       30133  0.9334123    
       30134  0.9402912    
       30135  0.9471928    
       30136  0.9541497    
       30137  0.9611770    
       30138  0.9682811    
       30139  0.9754654    
       30140  0.9827322    
       30141  0.9900811    
       30142  0.9975038    
       30143   1.004988    
       30144   1.012526    
       30145   1.020110    
       30146   1.027737    
       30147   1.035401    
       30148   1.043100    
       30149   1.050829    
       30150   1.058588    
       30151   1.066372    
       30152   1.074179    
       30153   1.082007    
       30154   1.089853    
       30155   1.097715    
       30156   1.105591    
       30157   1.113476    
       30158   1.121368    
       30159   1.129262    
       30160   1.137156    
       30161   1.145044    
       30162   1.152919    
       30163   1.160774    
       30164   1.168589    
       30165   1.176332    
       30166   1.183942    
       30167   1.191313    
       30168   1.198327    
       30169   1.204960    
       30170   1.211330    
       30171   1.217568    
       30172   1.223762    
       30173   1.229962    
       30174   1.236197    
       30175   1.242484    
       30176   1.248833    
       30177   1.255251    
       30178   1.261744    
       30179   1.268317    
       30180   1.274973    
       30181   1.281710    
       30182   1.288525    
       30183   1.295417    
       30184   1.302382    
       30185   1.309417    
       30186   1.316520    
       30187   1.323693    
       30188   1.330934    
       30189   1.338248    
       30190   1.345631    
       30191   1.353079    
       30192   1.360582    
       30193   1.368133    
       30194   1.375729    
       30195   1.383366    
       30196   1.391042    
       30197   1.398752    
       30198   1.406495    
       30199   1.414268    
       30200   1.422068    
       30201   1.429893    
       30202   1.437742    
       30203   1.445612    
       30204   1.453501    
       30205   1.461408    
       30206   1.469331    
       30207   1.477269    
       30208   1.485221    
       30209   1.493186    
       30210   1.501162    
       30211   1.509149    
       30212   1.517145    
       30213   1.525151    
       30214   1.533165    
       30215   1.541187    
       30216   1.549216    
       30217   1.557251    
       30218   1.565293    
       30219   1.573340    
       30220   1.581392    
       30221   1.589448    
       30222   1.597509    
       30223   1.605573    
       30224   1.613641    
       30225   1.621713    
       30226   1.629786    
       30227   1.637863    
       30228   1.645941    
       30229   1.654021    
       30230   1.662103    
       30231   1.670186    
       30232   1.678269    
       30233   1.686352    
       30234   1.694434    
       30235   1.702516    
       30236   1.710594    
       30237   1.718668    
       30238   1.726735    
       30239   1.734789    
       30240   1.742824    
       30241   1.750828    
       30242   1.758785    
       30243   1.766689    
       30244   1.774545    
       30245   1.782370    
       30246   1.790177    
       30247   1.797978    
       30248   1.805779    
       30249   1.813587    
       30250   1.821403    
       30251   1.829229    
       30252   1.837067    
       30253   1.844916    
       30254   1.852776    
       30255   1.860647    
       30256   1.868529    
       30257   1.876421    
       30258   1.884321    
       30259   1.892228    
       30260   1.900140    
       30261   1.908053    
       30262   1.915960    
       30263   1.923851    
       30264   1.931705    
       30265   1.939489    
       30266   1.947166    
       30267   1.954712    
       30268   1.962113    
       30269   1.969341    
       30270   1.976334    
       30271   1.983003    
       30272   1.989258    
       30273   1.995089    
       30274   2.000589    
       30275   2.005889    
       30276   2.011108    
       30277   2.016338    
       30278   2.021648    
       30279   2.027075    
       30280   2.032639    
       30281   2.038348    
       30282   2.044203    
       30283   2.050198    
       30284   2.056323    
       30285   2.062567    
       30286   2.068925    
       30287   2.075388    
       30288   2.081949    
       30289   2.088600    
       30290   2.095336    
       30291   2.102152    
       30292   2.109041    
       30293   2.115991    
       30294   2.122974    
