       71961   1.010257    
       71962   1.002188    
       71963  0.9941212    
       71964  0.9860548    
       71965  0.9779896    
       71966  0.9699254    
       71967  0.9618623    
       71968  0.9538004    
       71969  0.9457401    
       71970  0.9376812    
       71971  0.9296239    
       71972  0.9215683    
       71973  0.9135144    
       71974  0.9054625    
       71975  0.8974127    
       71976  0.8893651    
       71977  0.8813199    
       71978  0.8732771    
       71979  0.8652368    
       71980  0.8571995    
       71981  0.8491651    
       71982  0.8411340    
       71983  0.8331063    
       71984  0.8250821    
       71985  0.8170618    
       71986  0.8090457    
       71987  0.8010337    
       71988  0.7930263    
       71989  0.7850239    
       71990  0.7770267    
       71991  0.7690349    
       71992  0.7610490    
       71993  0.7530694    
       71994  0.7450964    
       71995  0.7371305    
       71996  0.7291721    
       71997  0.7212217    
       71998  0.7132798    
       71999  0.7053469    
       72000  0.6974238    
       72001  0.6895111    
       72002  0.6816095    
       72003  0.6737198    
       72004  0.6658428    
       72005  0.6579795    
       72006  0.6501310    
       72007  0.6422985    
       72008  0.6344830    
       72009  0.6266860    
       72010  0.6189089    
       72011  0.6111534    
       72012  0.6034210    
       72013  0.5957140    
       72014  0.5880344    
       72015  0.5803849    
       72016  0.5727683    
       72017  0.5651881    
       72018  0.5576481    
       72019  0.5501531    
       72020  0.5427083    
       72021  0.5353181    
       72022  0.5279859    
       72023  0.5207117    
       72024  0.5134937    
       72025  0.5063291    
       72026  0.4992146    
       72027  0.4921466    
       72028  0.4851210    
       72029  0.4781331    
       72030  0.4711792    
       72031  0.4642571    
       72032  0.4573662    
       72033  0.4505074    
       72034  0.4436824    
       72035  0.4368925    
       72036  0.4301358    
       72037  0.4234017    
       72038  0.4166681    
       72039  0.4098918    
       72040  0.4029967    
       72041  0.3958634    
       72042  0.3883861    
       72043  0.3805776    
       72044  0.3725536    
       72045  0.3644083    
       72046  0.3561979    
       72047  0.3479544    
       72048  0.3396942    
       72049  0.3314260    
       72050  0.3231539    
       72051  0.3148800    
       72052  0.3066052    
       72053  0.2983300    
       72054  0.2900545    
       72055  0.2817788    
       72056  0.2735029    
       72057  0.2652269    
       72058  0.2569506    
       72059  0.2486741    
       72060  0.2403972    
       72061  0.2321199    
       72062  0.2238423    
       72063  0.2155641    
       72064  0.2072856    
       72065  0.1990067    
       72066  0.1907274    
       72067  0.1824478    
       72068  0.1741679    
       72069  0.1658878    
       72070  0.1576076    
       72071  0.1493274    
       72072  0.1410474    
       72073  0.1327679    
       72074  0.1244890    
       72075  0.1162111    
       72076  0.1079345    
       72077  9.9659771E-02
       72078  9.1387406E-02
       72079  8.3118364E-02
       72080  7.4854143E-02
       72081  6.6597350E-02
       72082  5.8353033E-02
       72083  5.0131761E-02
       72084  4.1957177E-02
       72085  3.3884622E-02
       72086  2.6047930E-02
       72087  1.8774647E-02
       72088  1.2862684E-02
       72089  1.0157422E-02
       72090  1.2862682E-02
       72091  1.8774645E-02
       72092  2.6047925E-02
       72093  3.3884618E-02
       72094  4.1957177E-02
       72095  5.0131768E-02
       72096  5.8353044E-02
       72097  6.6597365E-02
       72098  7.4854165E-02
       72099  8.3118394E-02
       72100  9.1387458E-02
       72101  9.9659860E-02
       72102  0.1079347    
       72103  0.1162113    
       72104  0.1244892    
       72105  0.1327682    
       72106  0.1410480    
       72107  0.1493282    
       72108  0.1576088    
       72109  0.1658896    
       72110  0.1741705    
       72111  0.1824514    
       72112  0.1907321    
       72113  0.1990126    
       72114  0.2072928    
       72115  0.2155724    
       72116  0.2238512    
       72117  0.2321293    
       72118  0.2404065    
       72119  0.2486828    
       72120  0.2569583    
       72121  0.2652332    
       72122  0.2735075    
       72123  0.2817816    
       72124  0.2900556    
       72125  0.2983299    
       72126  0.3066047    
       72127  0.3148802    
       72128  0.3231563    
       72129  0.3314331    
       72130  0.3397102    
       72131  0.3479874    
       72132  0.3562645    
       72133  0.3645409    
       72134  0.3728164    
       72135  0.3810902    
       72136  0.3893612    
       72137  0.3976279    
       72138  0.4058877    
       72139  0.4141366    
       72140  0.4223679    
       72141  0.4305711    
       72142  0.4387292    
       72143  0.4468139    
       72144  0.4547962    
       72145  0.4626862    
       72146  0.4705169    
       72147  0.4783168    
       72148  0.4861062    
       72149  0.4938979    
       72150  0.5016995    
       72151  0.5095149    
       72152  0.5173458    
       72153  0.5251929    
       72154  0.5330558    
       72155  0.5409333    
       72156  0.5488229    
       72157  0.5567219    
       72158  0.5646271    
       72159  0.5725350    
       72160  0.5804417    
       72161  0.5883428    
       72162  0.5962325    
       72163  0.6041018    
       72164  0.6119344    
       72165  0.6196995    
       72166  0.6273383    
       72167  0.6347490    
       72168  0.6418089    
       72169  0.6484821    
       72170  0.6548781    
       72171  0.6611315    
       72172  0.6673335    
       72173  0.6735392    
       72174  0.6797781    
       72175  0.6860676    
       72176  0.6924184    
       72177  0.6988378    
       72178  0.7053325    
       72179  0.7119073    
       72180  0.7185637    
       72181  0.7253014    
       72182  0.7321181    
       72183  0.7390109    
       72184  0.7459763    
       72185  0.7530121    
       72186  0.7601165    
       72187  0.7672892    
       72188  0.7745315    
       72189  0.7818452    
       72190  0.7892292    
       72191  0.7966774    
       72192  0.8041805    
       72193  0.8117324    
       72194  0.8193285    
       72195  0.8269660    
       72196  0.8346413    
       72197  0.8423519    
       72198  0.8500948    
       72199  0.8578677    
       72200  0.8656681    
       72201  0.8734937    
       72202  0.8813425    
       72203  0.8892125    
       72204  0.8971018    
       72205  0.9050086    
       72206  0.9129318    
       72207  0.9208699    
       72208  0.9288217    
       72209  0.9367862    
       72210  0.9447624    
       72211  0.9527493    
       72212  0.9607459    
       72213  0.9687517    
       72214  0.9767659    
       72215  0.9847877    
       72216  0.9928167    
       72217   1.000852    
       72218   1.008894    
       72219   1.016941    
       72220   1.024993    
       72221   1.033049    
       72222   1.041110    
       72223   1.049175    
       72224   1.057243    
       72225   1.065314    
       72226   1.073387    
       72227   1.081462    
       72228   1.089535    
       72229   1.097604    
       72230   1.105657    
       72231   1.113673    
       72232   1.121604    
       72233   1.129354    
       72234   1.136768    
       72235   1.143733    
       72236   1.150341    
       72237   1.156765    
       72238   1.163126    
       72239   1.169489    
       72240   1.175886    
       72241   1.182331    
       72242   1.188827    
       72243   1.195377    
       72244   1.201979    
       72245   1.208633    
       72246   1.215340    
       72247   1.222099    
       72248   1.228910    
       72249   1.235773    
       72250   1.242687    
       72251   1.249651    
       72252   1.256666    
       72253   1.263732    
       72254   1.270849    
       72255   1.278018    
       72256   1.285241    
       72257   1.292515    
       72258   1.299836    
       72259   1.307197    
       72260   1.314593    
       72261   1.322017    
       72262   1.329464    
       72263   1.336928    
       72264   1.344399    
       72265   1.351865    
       72266   1.359308    
       72267   1.366705    
       72268   1.374019    
       72269   1.381199    
       72270   1.388169    
       72271   1.394826    
       72272   1.401076    
       72273   1.406905    
       72274   1.412405    
       72275   1.417705    
       72276   1.422924    
       72277   1.428154    
       72278   1.433464    
       72279   1.438891    
       72280   1.444455    
       72281   1.450163    
       72282   1.456019    
       72283   1.462014    
       72284   1.468139    
       72285   1.474383    
       72286   1.480741    
       72287   1.487204    
       72288   1.493765    
       72289   1.500417    
       72290   1.507154    
       72291   1.513973    
       72292   1.520872    
       72293   1.527848    
       72294   1.534900    
       72295   1.542027    
       72296   1.549230    
       72297   1.556510    
       72298   1.563873    
       72299   1.571317    
       72300   1.578837    
       72301   1.586423    
       72302   1.594067    
       72303   1.601764    
       72304   1.609509    
       72305   1.617298    
       72306   1.625127    
       72307   1.632992    
       72308   1.640889    
       72309   1.648814    
       72310   1.656765    
       72311   1.664738    
       72312   1.672730    
       72313   1.680741    
       72314   1.688768    
       72315   1.696809    
       72316   1.704862    
       72317   1.712927    
       72318   1.721003    
       72319   1.729088    
       72320   1.737181    
       72321   1.745282    
       72322   1.753390    
       72323   1.761503    
       72324   1.769623    
       72325   1.777747    
       72326   1.785875    
       72327   1.794006    
       72328   1.802140    
       72329   1.810274    
       72330   1.818408    
       72331   1.826539    
       72332   1.834664    
       72333   1.842778    
       72334   1.850874    
       72335   1.858943    
       72336   1.866969    
       72337   1.874932    
       72338   1.882803    
       72339   1.890548    
       72340   1.898127    
       72341   1.905493    
       72342   1.912608    
       72343   1.919456    
       72344   1.926062    
       72345   1.932487    
       72346   1.938798    
       72347   1.945043    
       72348   1.951255    
       72349   1.957449    
       72350   1.963633    
       72351   1.969812    
       72352   1.975989    
       72353   1.982168    
       72354   1.988354    
       72355   1.994555    
       72356   2.000782    
       72357   2.007049    
       72358   2.013369    
       72359   2.019754    
       72360   2.026211    
       72361   2.032746    
       72362   2.039362    
       72363   2.046062    
       72364   2.052844    
       72365   2.059706    
       72366   2.066643    
       72367   2.073648    
       72368   2.080707    
       72369   2.087789    
