       90441   1.271250    
       90442   1.263182    
       90443   1.255115    
       90444   1.247048    
       90445   1.238983    
       90446   1.230919    
       90447   1.222856    
       90448   1.214794    
       90449   1.206734    
       90450   1.198675    
       90451   1.190618    
       90452   1.182562    
       90453   1.174508    
       90454   1.166456    
       90455   1.158406    
       90456   1.150359    
       90457   1.142313    
       90458   1.134271    
       90459   1.126230    
       90460   1.118193    
       90461   1.110159    
       90462   1.102127    
       90463   1.094100    
       90464   1.086076    
       90465   1.078055    
       90466   1.070039    
       90467   1.062027    
       90468   1.054020    
       90469   1.046017    
       90470   1.038020    
       90471   1.030028    
       90472   1.022043    
       90473   1.014063    
       90474   1.006090    
       90475  0.9981239    
       90476  0.9901655    
       90477  0.9822150    
       90478  0.9742731    
       90479  0.9663403    
       90480  0.9584172    
       90481  0.9505045    
       90482  0.9426029    
       90483  0.9347131    
       90484  0.9268363    
       90485  0.9189731    
       90486  0.9111247    
       90487  0.9032922    
       90488  0.8954769    
       90489  0.8876801    
       90490  0.8799032    
       90491  0.8721478    
       90492  0.8644158    
       90493  0.8567089    
       90494  0.8490296    
       90495  0.8413804    
       90496  0.8337642    
       90497  0.8261845    
       90498  0.8186452    
       90499  0.8111510    
       90500  0.8037069    
       90501  0.7963181    
       90502  0.7889874    
       90503  0.7817150    
       90504  0.7744992    
       90505  0.7673373    
       90506  0.7602263    
       90507  0.7531624    
       90508  0.7461413    
       90509  0.7391582    
       90510  0.7322091    
       90511  0.7252917    
       90512  0.7184056    
       90513  0.7115524    
       90514  0.7047349    
       90515  0.6979569    
       90516  0.6912229    
       90517  0.6845374    
       90518  0.6779051    
       90519  0.6713297    
       90520  0.6648135    
       90521  0.6583552    
       90522  0.6519480    
       90523  0.6455737    
       90524  0.6391978    
       90525  0.6327595    
       90526  0.6261530    
       90527  0.6192171    
       90528  0.6118239    
       90529  0.6040364    
       90530  0.5960152    
       90531  0.5878725    
       90532  0.5796692    
       90533  0.5714362    
       90534  0.5631880    
       90535  0.5549312    
       90536  0.5466687    
       90537  0.5384020    
       90538  0.5301323    
       90539  0.5218610    
       90540  0.5135888    
       90541  0.5053159    
       90542  0.4970423    
       90543  0.4887680    
       90544  0.4804931    
       90545  0.4722177    
       90546  0.4639416    
       90547  0.4556651    
       90548  0.4473879    
       90549  0.4391103    
       90550  0.4308323    
       90551  0.4225538    
       90552  0.4142751    
       90553  0.4059961    
       90554  0.3977169    
       90555  0.3894376    
       90556  0.3811581    
       90557  0.3728784    
       90558  0.3645986    
       90559  0.3563187    
       90560  0.3480387    
       90561  0.3397586    
       90562  0.3314785    
       90563  0.3231982    
       90564  0.3149178    
       90565  0.3066373    
       90566  0.2983568    
       90567  0.2900762    
       90568  0.2817955    
       90569  0.2735147    
       90570  0.2652339    
       90571  0.2569530    
       90572  0.2486721    
       90573  0.2403910    
       90574  0.2321100    
       90575  0.2238289    
       90576  0.2155477    
       90577  0.2072665    
       90578  0.1989852    
       90579  0.1907040    
       90580  0.1824228    
       90581  0.1741417    
       90582  0.1658606    
       90583  0.1575797    
       90584  0.1492991    
       90585  0.1410189    
       90586  0.1327392    
       90587  0.1244603    
       90588  0.1161824    
       90589  0.1079059    
       90590  9.9631347E-02
       90591  9.1359243E-02
       90592  8.3090603E-02
       90593  7.4826986E-02
       90594  6.6571064E-02
       90595  5.8328003E-02
       90596  5.0108474E-02
       90597  4.1936196E-02
       90598  3.3866517E-02
       90599  2.6033161E-02
       90600  1.8763430E-02
       90601  1.2854652E-02
       90602  1.0150925E-02
       90603  1.2854495E-02
       90604  1.8763077E-02
       90605  2.6032608E-02
       90606  3.3865813E-02
       90607  4.1935440E-02
       90608  5.0107770E-02
       90609  5.8327399E-02
       90610  6.6570550E-02
       90611  7.4826524E-02
       90612  8.3090194E-02
       90613  9.1358855E-02
       90614  9.9630982E-02
       90615  0.1079056    
       90616  0.1161821    
       90617  0.1244599    
       90618  0.1327389    
       90619  0.1410185    
       90620  0.1492988    
       90621  0.1575794    
       90622  0.1658602    
       90623  0.1741413    
       90624  0.1824224    
       90625  0.1907035    
       90626  0.1989847    
       90627  0.2072658    
       90628  0.2155468    
       90629  0.2238276    
       90630  0.2321083    
       90631  0.2403887    
       90632  0.2486687    
       90633  0.2569481    
       90634  0.2652268    
       90635  0.2735042    
       90636  0.2817801    
       90637  0.2900536    
       90638  0.2983242    
       90639  0.3065910    
       90640  0.3148538    
       90641  0.3231125    
       90642  0.3313674    
       90643  0.3396187    
       90644  0.3478668    
       90645  0.3561115    
       90646  0.3643515    
       90647  0.3725834    
       90648  0.3807994    
       90649  0.3889827    
       90650  0.3970990    
       90651  0.4050827    
       90652  0.4128173    
       90653  0.4201665    
       90654  0.4271310    
       90655  0.4338390    
       90656  0.4404230    
       90657  0.4469745    
       90658  0.4535470    
       90659  0.4601727    
       90660  0.4668673    
       90661  0.4736364    
       90662  0.4804805    
       90663  0.4873978    
       90664  0.4943861    
       90665  0.5014434    
       90666  0.5085694    
       90667  0.5157641    
       90668  0.5230294    
       90669  0.5303671    
       90670  0.5377755    
       90671  0.5452469    
       90672  0.5527727    
       90673  0.5603471    
       90674  0.5679658    
       90675  0.5756254    
       90676  0.5833222    
       90677  0.5910534    
       90678  0.5988157    
       90679  0.6066065    
       90680  0.6144232    
       90681  0.6222636    
       90682  0.6301254    
       90683  0.6380069    
       90684  0.6459062    
       90685  0.6538218    
       90686  0.6617523    
       90687  0.6696966    
       90688  0.6776535    
       90689  0.6856220    
       90690  0.6936012    
       90691  0.7015902    
       90692  0.7095883    
       90693  0.7175947    
       90694  0.7256088    
       90695  0.7336299    
       90696  0.7416576    
       90697  0.7496912    
       90698  0.7577304    
       90699  0.7657746    
       90700  0.7738235    
       90701  0.7818766    
       90702  0.7899334    
       90703  0.7979936    
       90704  0.8060567    
       90705  0.8141220    
       90706  0.8221880    
       90707  0.8302517    
       90708  0.8383064    
       90709  0.8463373    
       90710  0.8543105    
       90711  0.8621550    
       90712  0.8697383    
       90713  0.8768909    
       90714  0.8835899    
       90715  0.8900058    
       90716  0.8962995    
       90717  0.9025658    
       90718  0.9088559    
       90719  0.9151915    
       90720  0.9215786    
       90721  0.9280195    
       90722  0.9345147    
       90723  0.9410637    
       90724  0.9476657    
       90725  0.9543203    
       90726  0.9610271    
       90727  0.9677863    
       90728  0.9745975    
       90729  0.9814602    
       90730  0.9883742    
       90731  0.9953387    
       90732   1.002354    
       90733   1.009419    
       90734   1.016536    
       90735   1.023706    
       90736   1.030928    
       90737   1.038203    
       90738   1.045524    
       90739   1.052885    
       90740   1.060281    
       90741   1.067705    
       90742   1.075153    
       90743   1.082616    
       90744   1.090087    
       90745   1.097553    
       90746   1.104996    
       90747   1.112393    
       90748   1.119708    
       90749   1.126888    
       90750   1.133857    
       90751   1.140514    
       90752   1.146764    
       90753   1.152592    
       90754   1.158092    
       90755   1.163392    
       90756   1.168611    
       90757   1.173841    
       90758   1.179151    
       90759   1.184578    
       90760   1.190142    
       90761   1.195851    
       90762   1.201706    
       90763   1.207702    
       90764   1.213827    
       90765   1.220071    
       90766   1.226429    
       90767   1.232892    
       90768   1.239453    
       90769   1.246104    
       90770   1.252842    
       90771   1.259661    
       90772   1.266560    
       90773   1.273536    
       90774   1.280588    
       90775   1.287715    
       90776   1.294918    
       90777   1.302199    
       90778   1.309561    
       90779   1.317006    
       90780   1.324525    
       90781   1.332111    
       90782   1.339755    
       90783   1.347452    
       90784   1.355197    
       90785   1.362987    
       90786   1.370816    
       90787   1.378681    
       90788   1.386578    
       90789   1.394503    
       90790   1.402454    
       90791   1.410426    
       90792   1.418419    
       90793   1.426430    
       90794   1.434456    
       90795   1.442497    
       90796   1.450551    
       90797   1.458616    
       90798   1.466691    
       90799   1.474776    
       90800   1.482870    
       90801   1.490971    
       90802   1.499078    
       90803   1.507192    
       90804   1.515311    
       90805   1.523435    
       90806   1.531564    
       90807   1.539695    
       90808   1.547828    
       90809   1.555963    
       90810   1.564096    
       90811   1.572227    
       90812   1.580352    
       90813   1.588466    
       90814   1.596563    
       90815   1.604632    
       90816   1.612658    
       90817   1.620621    
       90818   1.628491    
       90819   1.636237    
       90820   1.643816    
       90821   1.651182    
       90822   1.658297    
       90823   1.665145    
       90824   1.671751    
       90825   1.678176    
       90826   1.684486    
       90827   1.690732    
       90828   1.696944    
       90829   1.703138    
       90830   1.709321    
       90831   1.715500    
       90832   1.721677    
       90833   1.727856    
       90834   1.734042    
       90835   1.740243    
       90836   1.746470    
       90837   1.752737    
       90838   1.759058    
       90839   1.765442    
       90840   1.771899    
       90841   1.778434    
       90842   1.785051    
       90843   1.791751    
       90844   1.798533    
       90845   1.805396    
       90846   1.812337    
       90847   1.819352    
       90848   1.826436    
       90849   1.833589    
       90850   1.840808    
       90851   1.848096    
       90852   1.855452    
       90853   1.862878    
       90854   1.870371    
       90855   1.877928    
       90856   1.885542    
       90857   1.893208    
       90858   1.900923    
       90859   1.908684    
       90860   1.916487    
       90861   1.924328    
       90862   1.932204    
       90863   1.940112    
       90864   1.948048    
       90865   1.956009    
       90866   1.963992    
       90867   1.971995    
       90868   1.980016    
       90869   1.988053    
       90870   1.996104    
       90871   2.004167    
       90872   2.012242    
       90873   2.020328    
       90874   2.028423    
       90875   2.036526    
       90876   2.044637    
       90877   2.052755    
       90878   2.060878    
       90879   2.069005    
       90880   2.077130    
       90881   2.085242    
       90882   2.093311    
