      126281   1.739212    
      126282   1.731143    
      126283   1.723075    
      126284   1.715007    
      126285   1.706941    
      126286   1.698875    
      126287   1.690810    
      126288   1.682747    
      126289   1.674685    
      126290   1.666625    
      126291   1.658566    
      126292   1.650509    
      126293   1.642453    
      126294   1.634399    
      126295   1.626348    
      126296   1.618298    
      126297   1.610251    
      126298   1.602206    
      126299   1.594163    
      126300   1.586123    
      126301   1.578087    
      126302   1.570053    
      126303   1.562023    
      126304   1.553996    
      126305   1.545973    
      126306   1.537954    
      126307   1.529939    
      126308   1.521928    
      126309   1.513923    
      126310   1.505922    
      126311   1.497927    
      126312   1.489937    
      126313   1.481954    
      126314   1.473977    
      126315   1.466007    
      126316   1.458044    
      126317   1.450089    
      126318   1.442143    
      126319   1.434205    
      126320   1.426277    
      126321   1.418360    
      126322   1.410453    
      126323   1.402557    
      126324   1.394675    
      126325   1.386805    
      126326   1.378951    
      126327   1.371112    
      126328   1.363290    
      126329   1.355487    
      126330   1.347703    
      126331   1.339941    
      126332   1.332202    
      126333   1.324488    
      126334   1.316802    
      126335   1.309146    
      126336   1.301523    
      126337   1.293937    
      126338   1.286391    
      126339   1.278891    
      126340   1.271442    
      126341   1.264049    
      126342   1.256716    
      126343   1.249442    
      126344   1.242226    
      126345   1.235066    
      126346   1.227957    
      126347   1.220898    
      126348   1.213882    
      126349   1.206905    
      126350   1.199963    
      126351   1.193052    
      126352   1.186172    
      126353   1.179325    
      126354   1.172513    
      126355   1.165740    
      126356   1.159011    
      126357   1.152331    
      126358   1.145705    
      126359   1.139137    
      126360   1.132630    
      126361   1.126186    
      126362   1.119802    
      126363   1.113477    
      126364   1.107208    
      126365   1.100987    
      126366   1.094804    
      126367   1.088642    
      126368   1.082468    
      126369   1.076223    
      126370   1.069805    
      126371   1.063060    
      126372   1.055853    
      126373   1.048245    
      126374   1.040401    
      126375   1.032440    
      126376   1.024425    
      126377   1.016386    
      126378   1.008335    
      126379   1.000279    
      126380  0.9922200    
      126381  0.9841602    
      126382  0.9761001    
      126383  0.9680406    
      126384  0.9599820    
      126385  0.9519249    
      126386  0.9438698    
      126387  0.9358170    
      126388  0.9277669    
      126389  0.9197199    
      126390  0.9116766    
      126391  0.9036373    
      126392  0.8956025    
      126393  0.8875725    
      126394  0.8795477    
      126395  0.8715287    
      126396  0.8635159    
      126397  0.8555098    
      126398  0.8475106    
      126399  0.8395191    
      126400  0.8315358    
      126401  0.8235614    
      126402  0.8155963    
      126403  0.8076414    
      126404  0.7996974    
      126405  0.7917652    
      126406  0.7838457    
      126407  0.7759397    
      126408  0.7680486    
      126409  0.7601736    
      126410  0.7523160    
      126411  0.7444775    
      126412  0.7366596    
      126413  0.7288644    
      126414  0.7210938    
      126415  0.7133502    
      126416  0.7056361    
      126417  0.6979548    
      126418  0.6903095    
      126419  0.6827047    
      126420  0.6751451    
      126421  0.6676365    
      126422  0.6601852    
      126423  0.6527967    
      126424  0.6454743    
      126425  0.6382179    
      126426  0.6310258    
      126427  0.6238942    
      126428  0.6168135    
      126429  0.6097631    
      126430  0.6027052    
      126431  0.5955738    
      126432  0.5882748    
      126433  0.5807321    
      126434  0.5729713    
      126435  0.5650770    
      126436  0.5571132    
      126437  0.5491152    
      126438  0.5411014    
      126439  0.5330806    
      126440  0.5250574    
      126441  0.5170344    
      126442  0.5090131    
      126443  0.5009944    
      126444  0.4929795    
      126445  0.4849690    
      126446  0.4769638    
      126447  0.4689651    
      126448  0.4609739    
      126449  0.4529917    
      126450  0.4450197    
      126451  0.4370594    
      126452  0.4291123    
      126453  0.4211797    
      126454  0.4132633    
      126455  0.4053648    
      126456  0.3974859    
      126457  0.3896289    
      126458  0.3817959    
      126459  0.3739898    
      126460  0.3662134    
      126461  0.3584700    
      126462  0.3507636    
      126463  0.3430988    
      126464  0.3354815    
      126465  0.3279183    
      126466  0.3204168    
      126467  0.3129848    
      126468  0.3056280    
      126469  0.2983469    
      126470  0.2911353    
      126471  0.2839798    
      126472  0.2768580    
      126473  0.2697260    
      126474  0.2625085    
      126475  0.2551018    
      126476  0.2474241    
      126477  0.2395083    
      126478  0.2314374    
      126479  0.2232796    
      126480  0.2150752    
      126481  0.2068475    
      126482  0.1986087    
      126483  0.1903649    
      126484  0.1821189    
      126485  0.1738717    
      126486  0.1656238    
      126487  0.1573751    
      126488  0.1491256    
      126489  0.1408751    
      126490  0.1326233    
      126491  0.1243700    
      126492  0.1161150    
      126493  0.1078585    
      126494  9.9600807E-02
      126495  9.1342740E-02
      126496  8.3085403E-02
      126497  7.4830487E-02
      126498  6.6580892E-02
      126499  5.8341905E-02
      126500  5.0124403E-02
      126501  4.1952394E-02
      126502  3.3881582E-02
      126503  2.6046060E-02
      126504  1.8773556E-02
      126505  1.2862081E-02
      126506  1.0157064E-02
      126507  1.2862366E-02
      126508  1.8774288E-02
      126509  2.6047513E-02
      126510  3.3884153E-02
      126511  4.1956674E-02
      126512  5.0131235E-02
      126513  5.8352485E-02
      126514  6.6596799E-02
      126515  7.4853592E-02
      126516  8.3117820E-02
      126517  9.1386877E-02
      126518  9.9659279E-02
      126519  0.1079341    
      126520  0.1162107    
      126521  0.1244887    
      126522  0.1327677    
      126523  0.1410475    
      126524  0.1493278    
      126525  0.1576085    
      126526  0.1658894    
      126527  0.1741705    
      126528  0.1824516    
      126529  0.1907328    
      126530  0.1990140    
      126531  0.2072951    
      126532  0.2155760    
      126533  0.2238569    
      126534  0.2321376    
      126535  0.2404181    
      126536  0.2486986    
      126537  0.2569788    
      126538  0.2652590    
      126539  0.2735390    
      126540  0.2818189    
      126541  0.2900987    
      126542  0.2983784    
      126543  0.3066581    
      126544  0.3149377    
      126545  0.3232172    
      126546  0.3314968    
      126547  0.3397763    
      126548  0.3480557    
      126549  0.3563351    
      126550  0.3646145    
      126551  0.3728937    
      126552  0.3811728    
      126553  0.3894518    
      126554  0.3977304    
      126555  0.4060085    
      126556  0.4142855    
      126557  0.4225607    
      126558  0.4308321    
      126559  0.4390967    
      126560  0.4473479    
      126561  0.4555736    
      126562  0.4637506    
      126563  0.4718381    
      126564  0.4797650    
      126565  0.4874389    
      126566  0.4948257    
      126567  0.5019975    
      126568  0.5090473    
      126569  0.5160450    
      126570  0.5230340    
      126571  0.5300391    
      126572  0.5370760    
      126573  0.5441538    
      126574  0.5512772    
      126575  0.5584490    
      126576  0.5656709    
      126577  0.5729424    
      126578  0.5802593    
      126579  0.5876155    
      126580  0.5950047    
      126581  0.6024217    
      126582  0.6098610    
      126583  0.6173160    
      126584  0.6247776    
      126585  0.6322333    
      126586  0.6396657    
      126587  0.6470496    
      126588  0.6543487    
      126589  0.6615105    
      126590  0.6684583    
      126591  0.6750911    
      126592  0.6813158    
      126593  0.6871238    
      126594  0.6926095    
      126595  0.6979010    
      126596  0.7031137    
      126597  0.7083396    
      126598  0.7136451    
      126599  0.7190701    
      126600  0.7246342    
      126601  0.7303448    
      126602  0.7362009    
      126603  0.7421967    
      126604  0.7483215    
      126605  0.7545662    
      126606  0.7609237    
      126607  0.7673867    
      126608  0.7739472    
      126609  0.7805988    
      126610  0.7873360    
      126611  0.7941556    
      126612  0.8010544    
      126613  0.8080305    
      126614  0.8150823    
      126615  0.8222092    
      126616  0.8294117    
      126617  0.8366926    
      126618  0.8440551    
      126619  0.8514993    
      126620  0.8590193    
      126621  0.8666053    
      126622  0.8742492    
      126623  0.8819459    
      126624  0.8896909    
      126625  0.8974802    
      126626  0.9053093    
      126627  0.9131744    
      126628  0.9210713    
      126629  0.9289966    
      126630  0.9369470    
      126631  0.9449199    
      126632  0.9529127    
      126633  0.9609234    
      126634  0.9689499    
      126635  0.9769908    
      126636  0.9850444    
      126637  0.9931096    
      126638   1.001185    
      126639   1.009270    
      126640   1.017363    
      126641   1.025464    
      126642   1.033572    
      126643   1.041686    
      126644   1.049805    
      126645   1.057929    
      126646   1.066057    
      126647   1.074188    
      126648   1.082322    
      126649   1.090456    
      126650   1.098590    
      126651   1.106721    
      126652   1.114846    
      126653   1.122960    
      126654   1.131056    
      126655   1.139125    
      126656   1.147151    
      126657   1.155114    
      126658   1.162985    
      126659   1.170730    
      126660   1.178309    
      126661   1.185675    
      126662   1.192790    
      126663   1.199637    
      126664   1.206243    
      126665   1.212668    
      126666   1.218979    
      126667   1.225225    
      126668   1.231436    
      126669   1.237630    
      126670   1.243815    
      126671   1.249994    
      126672   1.256170    
      126673   1.262349    
      126674   1.268535    
      126675   1.274736    
      126676   1.280963    
      126677   1.287230    
      126678   1.293551    
      126679   1.299935    
      126680   1.306392    
      126681   1.312927    
      126682   1.319544    
      126683   1.326244    
      126684   1.333026    
      126685   1.339890    
      126686   1.346831    
      126687   1.353845    
      126688   1.360929    
      126689   1.368082    
      126690   1.375301    
      126691   1.382589    
      126692   1.389945    
      126693   1.397371    
      126694   1.404864    
      126695   1.412421    
      126696   1.420035    
      126697   1.427701    
      126698   1.435416    
      126699   1.443177    
      126700   1.450979    
      126701   1.458821    
      126702   1.466697    
      126703   1.474605    
      126704   1.482541    
      126705   1.490502    
      126706   1.498485    
      126707   1.506488    
      126708   1.514509    
      126709   1.522545    
      126710   1.530596    
      126711   1.538660    
      126712   1.546735    
      126713   1.554821    
      126714   1.562916    
      126715   1.571019    
      126716   1.579131    
      126717   1.587249    
      126718   1.595374    
      126719   1.603504    
      126720   1.611640    
      126721   1.619780    
      126722   1.627925    
      126723   1.636075    
      126724   1.644227    
      126725   1.652383    
      126726   1.660543    
      126727   1.668705    
      126728   1.676870    
      126729   1.685038    
      126730   1.693207    
      126731   1.701378    
      126732   1.709552    
      126733   1.717727    
      126734   1.725904    
      126735   1.734082    
      126736   1.742261    
      126737   1.750442    
      126738   1.758623    
      126739   1.766806    
      126740   1.774990    
      126741   1.783174    
      126742   1.791359    
      126743   1.799546    
      126744   1.807732    
      126745   1.815919    
      126746   1.824107    
      126747   1.832295    
      126748   1.840483    
      126749   1.848672    
      126750   1.856861    
      126751   1.865051    
      126752   1.873241    
      126753   1.881431    
      126754   1.889621    
      126755   1.897811    
      126756   1.906002    
      126757   1.914192    
      126758   1.922383    
      126759   1.930574    
      126760   1.938765    
      126761   1.946956    
      126762   1.955147    
      126763   1.963338    
      126764   1.971529    
      126765   1.979720    
      126766   1.987911    
      126767   1.996103    
      126768   2.004294    
      126769   2.012485    
      126770   2.020676    
      126771   2.028867    
      126772   2.037059    
      126773   2.045250    
      126774   2.053441    
      126775   2.061632    
      126776   2.069824    
      126777   2.078015    
      126778   2.086206    
      126779   2.094397    
      126780   2.102588    
      126781   2.110779    
