      136361   1.876236    
      136362   1.868167    
      136363   1.860099    
      136364   1.852031    
      136365   1.843965    
      136366   1.835899    
      136367   1.827834    
      136368   1.819771    
      136369   1.811709    
      136370   1.803649    
      136371   1.795590    
      136372   1.787532    
      136373   1.779477    
      136374   1.771423    
      136375   1.763371    
      136376   1.755322    
      136377   1.747274    
      136378   1.739229    
      136379   1.731187    
      136380   1.723148    
      136381   1.715111    
      136382   1.707077    
      136383   1.699047    
      136384   1.691020    
      136385   1.682997    
      136386   1.674978    
      136387   1.666963    
      136388   1.658953    
      136389   1.650947    
      136390   1.642946    
      136391   1.634951    
      136392   1.626961    
      136393   1.618978    
      136394   1.611001    
      136395   1.603031    
      136396   1.595068    
      136397   1.587113    
      136398   1.579167    
      136399   1.571229    
      136400   1.563301    
      136401   1.555383    
      136402   1.547477    
      136403   1.539581    
      136404   1.531699    
      136405   1.523830    
      136406   1.515975    
      136407   1.508137    
      136408   1.500315    
      136409   1.492511    
      136410   1.484728    
      136411   1.476965    
      136412   1.469226    
      136413   1.461513    
      136414   1.453826    
      136415   1.446170    
      136416   1.438547    
      136417   1.430961    
      136418   1.423415    
      136419   1.415915    
      136420   1.408466    
      136421   1.401073    
      136422   1.393740    
      136423   1.386466    
      136424   1.379250    
      136425   1.372090    
      136426   1.364982    
      136427   1.357922    
      136428   1.350907    
      136429   1.343930    
      136430   1.336987    
      136431   1.330077    
      136432   1.323197    
      136433   1.316349    
      136434   1.309537    
      136435   1.302764    
      136436   1.296036    
      136437   1.289356    
      136438   1.282730    
      136439   1.276162    
      136440   1.269655    
      136441   1.263211    
      136442   1.256827    
      136443   1.250502    
      136444   1.244233    
      136445   1.238011    
      136446   1.231828    
      136447   1.225666    
      136448   1.219493    
      136449   1.213247    
      136450   1.206830    
      136451   1.200084    
      136452   1.192877    
      136453   1.185269    
      136454   1.177424    
      136455   1.169464    
      136456   1.161449    
      136457   1.153409    
      136458   1.145358    
      136459   1.137302    
      136460   1.129243    
      136461   1.121184    
      136462   1.113123    
      136463   1.105064    
      136464   1.097005    
      136465   1.088948    
      136466   1.080893    
      136467   1.072840    
      136468   1.064790    
      136469   1.056743    
      136470   1.048699    
      136471   1.040660    
      136472   1.032625    
      136473   1.024595    
      136474   1.016570    
      136475   1.008551    
      136476   1.000538    
      136477  0.9925322    
      136478  0.9845331    
      136479  0.9765416    
      136480  0.9685583    
      136481  0.9605838    
      136482  0.9526187    
      136483  0.9446638    
      136484  0.9367198    
      136485  0.9287875    
      136486  0.9208679    
      136487  0.9129620    
      136488  0.9050708    
      136489  0.8971957    
      136490  0.8893381    
      136491  0.8814995    
      136492  0.8736817    
      136493  0.8658864    
      136494  0.8581158    
      136495  0.8503721    
      136496  0.8426580    
      136497  0.8349767    
      136498  0.8273313    
      136499  0.8197263    
      136500  0.8121667    
      136501  0.8046579    
      136502  0.7972063    
      136503  0.7898175    
      136504  0.7824942    
      136505  0.7752367    
      136506  0.7680432    
      136507  0.7609094    
      136508  0.7538261    
      136509  0.7467726    
      136510  0.7397118    
      136511  0.7325792    
      136512  0.7252828    
      136513  0.7177465    
      136514  0.7099928    
      136515  0.7021048    
      136516  0.6941463    
      136517  0.6861532    
      136518  0.6781440    
      136519  0.6701275    
      136520  0.6621086    
      136521  0.6540897    
      136522  0.6460726    
      136523  0.6380582    
      136524  0.6300476    
      136525  0.6220415    
      136526  0.6140410    
      136527  0.6060470    
      136528  0.5980607    
      136529  0.5900836    
      136530  0.5821171    
      136531  0.5741625    
      136532  0.5662214    
      136533  0.5582953    
      136534  0.5503858    
      136535  0.5424945    
      136536  0.5346236    
      136537  0.5267751    
      136538  0.5189515    
      136539  0.5111557    
      136540  0.5033905    
      136541  0.4956596    
      136542  0.4879674    
      136543  0.4803190    
      136544  0.4727206    
      136545  0.4651797    
      136546  0.4577048    
      136547  0.4503046    
      136548  0.4429853    
      136549  0.4357504    
      136550  0.4286029    
      136551  0.4215472    
      136552  0.4145885    
      136553  0.4077306    
      136554  0.4009756    
      136555  0.3943211    
      136556  0.3877567    
      136557  0.3812562    
      136558  0.3747723    
      136559  0.3682281    
      136560  0.3614953    
      136561  0.3544115    
      136562  0.3468894    
      136563  0.3390289    
      136564  0.3309750    
      136565  0.3228214    
      136566  0.3146186    
      136567  0.3063919    
      136568  0.2981534    
      136569  0.2899086    
      136570  0.2816600    
      136571  0.2734081    
      136572  0.2651531    
      136573  0.2568949    
      136574  0.2486334    
      136575  0.2403687    
      136576  0.2321011    
      136577  0.2238306    
      136578  0.2155577    
      136579  0.2072826    
      136580  0.1990057    
      136581  0.1907275    
      136582  0.1824482    
      136583  0.1741684    
      136584  0.1658882    
      136585  0.1576079    
      136586  0.1493276    
      136587  0.1410475    
      136588  0.1327679    
      136589  0.1244890    
      136590  0.1162111    
      136591  0.1079345    
      136592  9.9659771E-02
      136593  9.1387384E-02
      136594  8.3118334E-02
      136595  7.4854113E-02
      136596  6.6597320E-02
      136597  5.8353007E-02
      136598  5.0131738E-02
      136599  4.1957155E-02
      136600  3.3884600E-02
      136601  2.6047908E-02
      136602  1.8774631E-02
      136603  1.2862669E-02
      136604  1.0157406E-02
      136605  1.2862656E-02
      136606  1.8774599E-02
      136607  2.6047848E-02
      136608  3.3884492E-02
      136609  4.1956976E-02
      136610  5.0131455E-02
      136611  5.8352571E-02
      136612  6.6596672E-02
      136613  7.4853167E-02
      136614  8.3117008E-02
      136615  9.1385603E-02
      136616  9.9657446E-02
      136617  0.1079316    
      136618  0.1162076    
      136619  0.1244848    
      136620  0.1327631    
      136621  0.1410421    
      136622  0.1493216    
      136623  0.1576014    
      136624  0.1658816    
      136625  0.1741620    
      136626  0.1824425    
      136627  0.1907231    
      136628  0.1990038    
      136629  0.2072846    
      136630  0.2155654    
      136631  0.2238462    
      136632  0.2321270    
      136633  0.2404078    
      136634  0.2486886    
      136635  0.2569693    
      136636  0.2652501    
      136637  0.2735308    
      136638  0.2818114    
      136639  0.2900920    
      136640  0.2983725    
      136641  0.3066530    
      136642  0.3149334    
      136643  0.3232137    
      136644  0.3314939    
      136645  0.3397740    
      136646  0.3480541    
      136647  0.3563339    
      136648  0.3646137    
      136649  0.3728933    
      136650  0.3811728    
      136651  0.3894520    
      136652  0.3977309    
      136653  0.4060095    
      136654  0.4142875    
      136655  0.4225648    
      136656  0.4308410    
      136657  0.4391156    
      136658  0.4473878    
      136659  0.4556562    
      136660  0.4639187    
      136661  0.4721714    
      136662  0.4804084    
      136663  0.4886189    
      136664  0.4967840    
      136665  0.5048708    
      136666  0.5128222    
      136667  0.5205843    
      136668  0.5281401    
      136669  0.5354701    
      136670  0.5425265    
      136671  0.5492291    
      136672  0.5554978    
      136673  0.5613311    
      136674  0.5668296    
      136675  0.5721272    
      136676  0.5773434    
      136677  0.5825714    
      136678  0.5878783    
      136679  0.5933043    
      136680  0.5988692    
      136681  0.6045804    
      136682  0.6104372    
      136683  0.6164333    
      136684  0.6225585    
      136685  0.6288034    
      136686  0.6351613    
      136687  0.6416244    
      136688  0.6481851    
      136689  0.6548366    
      136690  0.6615741    
      136691  0.6683937    
      136692  0.6752927    
      136693  0.6822689    
      136694  0.6893209    
      136695  0.6964479    
      136696  0.7036505    
      136697  0.7109313    
      136698  0.7182939    
      136699  0.7257382    
      136700  0.7332582    
      136701  0.7408441    
      136702  0.7484881    
      136703  0.7561848    
      136704  0.7639300    
      136705  0.7717192    
      136706  0.7795484    
      136707  0.7874135    
      136708  0.7953104    
      136709  0.8032357    
      136710  0.8111861    
      136711  0.8191590    
      136712  0.8271519    
      136713  0.8351625    
      136714  0.8431890    
      136715  0.8512298    
      136716  0.8592834    
      136717  0.8673486    
      136718  0.8754241    
      136719  0.8835090    
      136720  0.8916024    
      136721  0.8997033    
      136722  0.9078109    
      136723  0.9159247    
      136724  0.9240440    
      136725  0.9321679    
      136726  0.9402959    
      136727  0.9484273    
      136728  0.9565607    
      136729  0.9646952    
      136730  0.9728290    
      136731  0.9809600    
      136732  0.9890848    
      136733  0.9971988    
      136734   1.005295    
      136735   1.013364    
      136736   1.021390    
      136737   1.029353    
      136738   1.037224    
      136739   1.044969    
      136740   1.052548    
      136741   1.059914    
      136742   1.067029    
      136743   1.073876    
      136744   1.080482    
      136745   1.086907    
      136746   1.093218    
      136747   1.099464    
      136748   1.105675    
      136749   1.111870    
      136750   1.118054    
      136751   1.124233    
      136752   1.130409    
      136753   1.136588    
      136754   1.142774    
      136755   1.148975    
      136756   1.155202    
      136757   1.161469    
      136758   1.167789    
      136759   1.174174    
      136760   1.180631    
      136761   1.187166    
      136762   1.193783    
      136763   1.200483    
      136764   1.207265    
      136765   1.214128    
      136766   1.221070    
      136767   1.228084    
      136768   1.235168    
      136769   1.242321    
      136770   1.249540    
      136771   1.256828    
      136772   1.264184    
      136773   1.271610    
      136774   1.279103    
      136775   1.286660    
      136776   1.294274    
      136777   1.301940    
      136778   1.309655    
      136779   1.317416    
      136780   1.325219    
      136781   1.333060    
      136782   1.340937    
      136783   1.348844    
      136784   1.356780    
      136785   1.364741    
      136786   1.372724    
      136787   1.380727    
      136788   1.388748    
      136789   1.396785    
      136790   1.404836    
      136791   1.412899    
      136792   1.420975    
      136793   1.429060    
      136794   1.437155    
      136795   1.445259    
      136796   1.453370    
      136797   1.461488    
      136798   1.469613    
      136799   1.477743    
      136800   1.485879    
      136801   1.494020    
      136802   1.502165    
      136803   1.510314    
      136804   1.518466    
      136805   1.526623    
      136806   1.534782    
      136807   1.542944    
      136808   1.551109    
      136809   1.559276    
      136810   1.567446    
      136811   1.575617    
      136812   1.583791    
      136813   1.591966    
      136814   1.600143    
      136815   1.608321    
      136816   1.616500    
      136817   1.624681    
      136818   1.632863    
      136819   1.641046    
      136820   1.649229    
      136821   1.657414    
      136822   1.665599    
      136823   1.673785    
      136824   1.681971    
      136825   1.690158    
      136826   1.698346    
      136827   1.706534    
      136828   1.714723    
      136829   1.722911    
      136830   1.731101    
      136831   1.739290    
      136832   1.747480    
      136833   1.755669    
      136834   1.763860    
      136835   1.772050    
      136836   1.780241    
      136837   1.788431    
      136838   1.796622    
      136839   1.804813    
      136840   1.813004    
      136841   1.821195    
      136842   1.829386    
      136843   1.837577    
      136844   1.845768    
      136845   1.853959    
      136846   1.862150    
      136847   1.870341    
      136848   1.878533    
      136849   1.886724    
      136850   1.894915    
      136851   1.903107    
      136852   1.911298    
      136853   1.919489    
      136854   1.927680    
      136855   1.935872    
      136856   1.944063    
      136857   1.952255    
      136858   1.960446    
      136859   1.968637    
      136860   1.976828    
      136861   1.985020    
