         281  1.0157422E-02
         282  1.2862682E-02
         283  1.8774645E-02
         284  2.6047925E-02
         285  3.3884618E-02
         286  4.1957177E-02
         287  5.0131768E-02
         288  5.8353044E-02
         289  6.6597372E-02
         290  7.4854173E-02
         291  8.3118409E-02
         292  9.1387480E-02
         293  9.9659875E-02
         294  0.1079347    
         295  0.1162113    
         296  0.1244893    
         297  0.1327684    
         298  0.1410481    
         299  0.1493285    
         300  0.1576092    
         301  0.1658901    
         302  0.1741712    
         303  0.1824525    
         304  0.1907337    
         305  0.1990150    
         306  0.2072963    
         307  0.2155775    
         308  0.2238588    
         309  0.2321400    
         310  0.2404211    
         311  0.2487021    
         312  0.2569832    
         313  0.2652641    
         314  0.2735450    
         315  0.2818258    
         316  0.2901065    
         317  0.2983871    
         318  0.3066677    
         319  0.3149481    
         320  0.3232285    
         321  0.3315089    
         322  0.3397891    
         323  0.3480693    
         324  0.3563493    
         325  0.3646292    
         326  0.3729090    
         327  0.3811887    
         328  0.3894683    
         329  0.3977478    
         330  0.4060272    
         331  0.4143064    
         332  0.4225855    
         333  0.4308645    
         334  0.4391433    
         335  0.4474220    
         336  0.4557006    
         337  0.4639790    
         338  0.4722572    
         339  0.4805352    
         340  0.4888132    
         341  0.4970909    
         342  0.5053685    
         343  0.5136458    
         344  0.5219229    
         345  0.5301998    
         346  0.5384761    
         347  0.5467515    
         348  0.5550249    
         349  0.5632958    
         350  0.5715641    
         351  0.5798301    
         352  0.5880940    
         353  0.5963559    
         354  0.6046158    
         355  0.6128739    
         356  0.6211301    
         357  0.6293846    
         358  0.6376374    
         359  0.6458883    
         360  0.6541374    
         361  0.6623847    
         362  0.6706305    
         363  0.6788744    
         364  0.6871166    
         365  0.6953570    
         366  0.7035954    
         367  0.7118318    
         368  0.7200660    
         369  0.7282978    
         370  0.7365266    
         371  0.7447513    
         372  0.7529698    
         373  0.7611764    
         374  0.7693586    
         375  0.7774887    
         376  0.7855083    
         377  0.7933028    
         378  0.8006860    
         379  0.8075231    
         380  0.8139286    
         381  0.8200971    
         382  0.8261633    
         383  0.8322039    
         384  0.8382616    
         385  0.8443569    
         386  0.8505003    
         387  0.8566988    
         388  0.8629569    
         389  0.8692778    
         390  0.8756624    
         391  0.8821126    
         392  0.8886302    
         393  0.8952161    
         394  0.9018708    
         395  0.9085942    
         396  0.9153862    
         397  0.9222473    
         398  0.9291781    
         399  0.9361783    
         400  0.9432474    
         401  0.9503851    
         402  0.9575924    
         403  0.9648713    
         404  0.9722214    
         405  0.9796367    
         406  0.9871086    
         407  0.9946301    
         408   1.002196    
         409   1.009802    
         410   1.017445    
         411   1.025121    
         412   1.032827    
         413   1.040562    
         414   1.048323    
         415   1.056106    
         416   1.063912    
         417   1.071738    
         418   1.079582    
         419   1.087443    
         420   1.095320    
         421   1.103211    
         422   1.111116    
         423   1.119034    
         424   1.126963    
         425   1.134902    
         426   1.142852    
         427   1.150811    
         428   1.158779    
         429   1.166755    
         430   1.174738    
         431   1.182728    
         432   1.190725    
         433   1.198727    
         434   1.206734    
         435   1.214746    
         436   1.222762    
         437   1.230781    
         438   1.238801    
         439   1.246824    
         440   1.254847    
         441   1.262870    
         442   1.270892    
         443   1.278912    
         444   1.286928    
         445   1.294937    
         446   1.302931    
         447   1.310897    
         448   1.318805    
         449   1.326596    
         450   1.334179    
         451   1.341473    
         452   1.348518    
         453   1.355429    
         454   1.362306    
         455   1.369207    
         456   1.376163    
         457   1.383190    
         458   1.390294    
         459   1.397478    
         460   1.404745    
         461   1.412093    
         462   1.419516    
         463   1.427000    
         464   1.434538    
         465   1.442122    
         466   1.449748    
         467   1.457412    
         468   1.465111    
         469   1.472841    
         470   1.480599    
         471   1.488383    
         472   1.496190    
         473   1.504018    
         474   1.511865    
         475   1.519727    
         476   1.527602    
         477   1.535487    
         478   1.543379    
         479   1.551274    
         480   1.559167    
         481   1.567055    
         482   1.574931    
         483   1.582785    
         484   1.590600    
         485   1.598344    
         486   1.605953    
         487   1.613325    
         488   1.620339    
         489   1.626972    
         490   1.633343    
         491   1.639581    
         492   1.645774    
         493   1.651975    
         494   1.658210    
         495   1.664497    
         496   1.670846    
         497   1.677263    
         498   1.683756    
         499   1.690330    
         500   1.696985    
         501   1.703722    
         502   1.710538    
         503   1.717429    
         504   1.724394    
         505   1.731429    
         506   1.738532    
         507   1.745704    
         508   1.752946    
         509   1.760259    
         510   1.767643    
         511   1.775090    
         512   1.782593    
         513   1.790145    
         514   1.797741    
         515   1.805378    
         516   1.813053    
         517   1.820763    
         518   1.828506    
         519   1.836279    
         520   1.844079    
         521   1.851905    
         522   1.859753    
         523   1.867623    
         524   1.875513    
         525   1.883420    
         526   1.891343    
         527   1.899281    
         528   1.907233    
         529   1.915197    
         530   1.923174    
         531   1.931160    
         532   1.939157    
         533   1.947163    
         534   1.955177    
         535   1.963199    
         536   1.971228    
         537   1.979263    
         538   1.987305    
         539   1.995351    
         540   2.003403    
         541   2.011460    
         542   2.019521    
         543   2.027585    
         544   2.035653    
         545   2.043724    
         546   2.051798    
         547   2.059874    
         548   2.067953    
         549   2.076033    
         550   2.084115    
         551   2.092197    
         552   2.100280    
         553   2.108363    
         554   2.116446    
         555   2.124527    
         556   2.132605    
         557   2.140677    
         558   2.148740    
         559   2.156785    
         560   2.164793    
         561   2.172723    
