      251890   2.099828    
      251891   2.091877    
      251892   2.083938    
      251893   2.076015    
      251894   2.068109    
      251895   2.060220    
      251896   2.052352    
      251897   2.044508    
      251898   2.036688    
      251899   2.028896    
      251900   2.021136    
      251901   2.013410    
      251902   2.005724    
      251903   1.998082    
      251904   1.990492    
      251905   1.982960    
      251906   1.975496    
      251907   1.968108    
      251908   1.960802    
      251909   1.953582    
      251910   1.946451    
      251911   1.939415    
      251912   1.932478    
      251913   1.925647    
      251914   1.918925    
      251915   1.912314    
      251916   1.905813    
      251917   1.899416    
      251918   1.893121    
      251919   1.886921    
      251920   1.880810    
      251921   1.874778    
      251922   1.868817    
      251923   1.862920    
      251924   1.857075    
      251925   1.851264    
      251926   1.845443    
      251927   1.839526    
      251928   1.833368    
      251929   1.826801    
      251930   1.819790    
      251931   1.812463    
      251932   1.804956    
      251933   1.797353    
      251934   1.789701    
      251935   1.782023    
      251936   1.774335    
      251937   1.766644    
      251938   1.758959    
      251939   1.751283    
      251940   1.743621    
      251941   1.735976    
      251942   1.728351    
      251943   1.720750    
      251944   1.713177    
      251945   1.705634    
      251946   1.698124    
      251947   1.690653    
      251948   1.683224    
      251949   1.675843    
      251950   1.668515    
      251951   1.661242    
      251952   1.654027    
      251953   1.646872    
      251954   1.639778    
      251955   1.632749    
      251956   1.625788    
      251957   1.618900    
      251958   1.612087    
      251959   1.605355    
      251960   1.598705    
      251961   1.592141    
      251962   1.585662    
      251963   1.579266    
      251964   1.572942    
      251965   1.566669    
      251966   1.560391    
      251967   1.554004    
      251968   1.547332    
      251969   1.540181    
      251970   1.532560    
      251971   1.524651    
      251972   1.516598    
      251973   1.508478    
      251974   1.500329    
      251975   1.492167    
      251976   1.484000    
      251977   1.475832    
      251978   1.467664    
      251979   1.459496    
      251980   1.451329    
      251981   1.443163    
      251982   1.434999    
      251983   1.426836    
      251984   1.418675    
      251985   1.410515    
      251986   1.402357    
      251987   1.394201    
      251988   1.386048    
      251989   1.377897    
      251990   1.369749    
      251991   1.361605    
      251992   1.353463    
      251993   1.345325    
      251994   1.337192    
      251995   1.329063    
      251996   1.320939    
      251997   1.312820    
      251998   1.304707    
      251999   1.296601    
      252000   1.288502    
      252001   1.280411    
      252002   1.272328    
      252003   1.264255    
      252004   1.256193    
      252005   1.248143    
      252006   1.240106    
      252007   1.232085    
      252008   1.224079    
      252009   1.216092    
      252010   1.208126    
      252011   1.200183    
      252012   1.192266    
      252013   1.184378    
      252014   1.176523    
      252015   1.168706    
      252016   1.160930    
      252017   1.153198    
      252018   1.145517    
      252019   1.137888    
      252020   1.130314    
      252021   1.122800    
      252022   1.115345    
      252023   1.107951    
      252024   1.100619    
      252025   1.093349    
      252026   1.086146    
      252027   1.079012    
      252028   1.071953    
      252029   1.064976    
      252030   1.058092    
      252031   1.051312    
      252032   1.044648    
      252033   1.038114    
      252034   1.031719    
      252035   1.025469    
      252036   1.019358    
      252037   1.013375    
      252038   1.007502    
      252039   1.001711    
      252040  0.9959651    
      252041  0.9902159    
      252042  0.9843976    
      252043  0.9784194    
      252044  0.9721662    
      252045  0.9655240    
      252046  0.9584591    
      252047  0.9510367    
      252048  0.9433619    
      252049  0.9355231    
      252050  0.9275782    
      252051  0.9195614    
      252052  0.9114935    
      252053  0.9033875    
      252054  0.8952526    
      252055  0.8870960    
      252056  0.8789240    
      252057  0.8707417    
      252058  0.8625526    
      252059  0.8543594    
      252060  0.8461637    
      252061  0.8379668    
      252062  0.8297697    
      252063  0.8215731    
      252064  0.8133773    
      252065  0.8051829    
      252066  0.7969903    
      252067  0.7887996    
      252068  0.7806114    
      252069  0.7724259    
      252070  0.7642436    
      252071  0.7560647    
      252072  0.7478898    
      252073  0.7397192    
      252074  0.7315537    
      252075  0.7233937    
      252076  0.7152401    
      252077  0.7070936    
      252078  0.6989552    
      252079  0.6908259    
      252080  0.6827073    
      252081  0.6746005    
      252082  0.6665076    
      252083  0.6584307    
      252084  0.6503723    
      252085  0.6423357    
      252086  0.6343244    
      252087  0.6263434    
      252088  0.6183982    
      252089  0.6104959    
      252090  0.6026455    
      252091  0.5948577    
      252092  0.5871456    
      252093  0.5795235    
      252094  0.5720069    
      252095  0.5646102    
      252096  0.5573456    
      252097  0.5502224    
      252098  0.5432477    
      252099  0.5364235    
      252100  0.5297458    
      252101  0.5232062    
      252102  0.5167926    
      252103  0.5104890    
      252104  0.5042775    
      252105  0.4981407    
      252106  0.4920650    
      252107  0.4860405    
      252108  0.4800622    
      252109  0.4741287    
      252110  0.4682409    
      252111  0.4624018    
      252112  0.4566159    
      252113  0.4508882    
      252114  0.4452214    
      252115  0.4396120    
      252116  0.4340419    
      252117  0.4284652    
      252118  0.4227915    
      252119  0.4168742    
      252120  0.4105098    
      252121  0.4035499    
      252122  0.3960859    
      252123  0.3883055    
      252124  0.3803471    
      252125  0.3722896    
      252126  0.3641719    
      252127  0.3560137    
      252128  0.3478261    
      252129  0.3396159    
      252130  0.3313878    
      252131  0.3231453    
      252132  0.3148916    
      252133  0.3066295    
      252134  0.2983614    
      252135  0.2900892    
      252136  0.2818141    
      252137  0.2735371    
      252138  0.2652588    
      252139  0.2569796    
      252140  0.2486997    
      252141  0.2404194    
      252142  0.2321388    
      252143  0.2238580    
      252144  0.2155770    
      252145  0.2072959    
      252146  0.1990148    
      252147  0.1907336    
      252148  0.1824523    
      252149  0.1741711    
      252150  0.1658900    
      252151  0.1576091    
      252152  0.1493284    
      252153  0.1410481    
      252154  0.1327683    
      252155  0.1244893    
      252156  0.1162113    
      252157  0.1079347    
      252158  9.9659875E-02
      252159  9.1387466E-02
      252160  8.3118409E-02
      252161  7.4854165E-02
      252162  6.6597372E-02
      252163  5.8353044E-02
      252164  5.0131764E-02
      252165  4.1957177E-02
      252166  3.3884622E-02
      252167  2.6047930E-02
      252168  1.8774647E-02
      252169  1.2862684E-02
      252170  1.0157422E-02
      252171  1.2862682E-02
      252172  1.8774645E-02
      252173  2.6047925E-02
      252174  3.3884618E-02
      252175  4.1957177E-02
      252176  5.0131768E-02
      252177  5.8353044E-02
      252178  6.6597372E-02
      252179  7.4854173E-02
      252180  8.3118409E-02
      252181  9.1387480E-02
      252182  9.9659875E-02
      252183  0.1079347    
      252184  0.1162113    
      252185  0.1244893    
      252186  0.1327684    
      252187  0.1410481    
      252188  0.1493285    
      252189  0.1576092    
      252190  0.1658901    
      252191  0.1741712    
      252192  0.1824525    
      252193  0.1907337    
      252194  0.1990150    
      252195  0.2072963    
      252196  0.2155775    
      252197  0.2238588    
      252198  0.2321400    
      252199  0.2404211    
      252200  0.2487021    
      252201  0.2569832    
      252202  0.2652641    
      252203  0.2735450    
      252204  0.2818258    
      252205  0.2901065    
      252206  0.2983871    
      252207  0.3066677    
      252208  0.3149481    
      252209  0.3232285    
      252210  0.3315089    
      252211  0.3397891    
      252212  0.3480693    
      252213  0.3563493    
      252214  0.3646292    
      252215  0.3729090    
      252216  0.3811887    
      252217  0.3894683    
      252218  0.3977478    
      252219  0.4060272    
      252220  0.4143064    
      252221  0.4225855    
