      261988   2.108704    
      261989   2.101484    
      261990   2.094353    
      261991   2.087317    
      261992   2.080381    
      261993   2.073549    
      261994   2.066827    
      261995   2.060216    
      261996   2.053715    
      261997   2.047319    
      261998   2.041023    
      261999   2.034823    
      262000   2.028712    
      262001   2.022680    
      262002   2.016719    
      262003   2.010822    
      262004   2.004978    
      262005   1.999166    
      262006   1.993345    
      262007   1.987428    
      262008   1.981270    
      262009   1.974703    
      262010   1.967692    
      262011   1.960365    
      262012   1.952858    
      262013   1.945256    
      262014   1.937603    
      262015   1.929925    
      262016   1.922237    
      262017   1.914547    
      262018   1.906861    
      262019   1.899185    
      262020   1.891523    
      262021   1.883878    
      262022   1.876253    
      262023   1.868653    
      262024   1.861079    
      262025   1.853536    
      262026   1.846026    
      262027   1.838554    
      262028   1.831126    
      262029   1.823745    
      262030   1.816417    
      262031   1.809144    
      262032   1.801929    
      262033   1.794774    
      262034   1.787680    
      262035   1.780651    
      262036   1.773690    
      262037   1.766802    
      262038   1.759990    
      262039   1.753257    
      262040   1.746607    
      262041   1.740042    
      262042   1.733562    
      262043   1.727160    
      262044   1.720824    
      262045   1.714519    
      262046   1.708174    
      262047   1.701658    
      262048   1.694774    
      262049   1.687391    
      262050   1.679619    
      262051   1.671633    
      262052   1.663545    
      262053   1.655409    
      262054   1.647252    
      262055   1.639088    
      262056   1.630920    
      262057   1.622751    
      262058   1.614583    
      262059   1.606415    
      262060   1.598248    
      262061   1.590083    
      262062   1.581918    
      262063   1.573755    
      262064   1.565594    
      262065   1.557434    
      262066   1.549277    
      262067   1.541121    
      262068   1.532967    
      262069   1.524817    
      262070   1.516669    
      262071   1.508524    
      262072   1.500383    
      262073   1.492245    
      262074   1.484112    
      262075   1.475982    
      262076   1.467858    
      262077   1.459740    
      262078   1.451627    
      262079   1.443521    
      262080   1.435422    
      262081   1.427331    
      262082   1.419248    
      262083   1.411176    
      262084   1.403114    
      262085   1.395064    
      262086   1.387027    
      262087   1.379005    
      262088   1.371000    
      262089   1.363013    
      262090   1.355046    
      262091   1.347103    
      262092   1.339186    
      262093   1.331299    
      262094   1.323444    
      262095   1.315627    
      262096   1.307850    
      262097   1.300119    
      262098   1.292437    
      262099   1.284808    
      262100   1.277235    
      262101   1.269721    
      262102   1.262266    
      262103   1.254872    
      262104   1.247540    
      262105   1.240271    
      262106   1.233067    
      262107   1.225933    
      262108   1.218874    
      262109   1.211898    
      262110   1.205014    
      262111   1.198234    
      262112   1.191571    
      262113   1.185036    
      262114   1.178641    
      262115   1.172391    
      262116   1.166280    
      262117   1.160298    
      262118   1.154425    
      262119   1.148634    
      262120   1.142888    
      262121   1.137138    
      262122   1.131320    
      262123   1.125343    
      262124   1.119090    
      262125   1.112448    
      262126   1.105383    
      262127   1.097960    
      262128   1.090286    
      262129   1.082447    
      262130   1.074502    
      262131   1.066485    
      262132   1.058417    
      262133   1.050311    
      262134   1.042176    
      262135   1.034020    
      262136   1.025848    
      262137   1.017666    
      262138   1.009476    
      262139   1.001283    
      262140  0.9930874    
      262141  0.9848905    
      262142  0.9766935    
      262143  0.9684967    
      262144  0.9603010    
      262145  0.9521067    
      262146  0.9439139    
      262147  0.9357233    
      262148  0.9275351    
      262149  0.9193496    
      262150  0.9111673    
      262151  0.9029884    
      262152  0.8948134    
      262153  0.8866429    
      262154  0.8784775    
      262155  0.8703176    
      262156  0.8621639    
      262157  0.8540174    
      262158  0.8458790    
      262159  0.8377498    
      262160  0.8296311    
      262161  0.8215243    
      262162  0.8134313    
      262163  0.8053544    
      262164  0.7972960    
      262165  0.7892593    
      262166  0.7812481    
      262167  0.7732670    
      262168  0.7653219    
      262169  0.7574197    
      262170  0.7495693    
      262171  0.7417817    
      262172  0.7340698    
      262173  0.7264479    
      262174  0.7189314    
      262175  0.7115349    
      262176  0.7042705    
      262177  0.6971477    
      262178  0.6901734    
      262179  0.6833496    
      262180  0.6766724    
      262181  0.6701336    
      262182  0.6637208    
      262183  0.6574183    
      262184  0.6512079    
      262185  0.6450726    
      262186  0.6389986    
      262187  0.6329762    
      262188  0.6270003    
      262189  0.6210698    
      262190  0.6151857    
      262191  0.6093513    
      262192  0.6035714    
      262193  0.5978515    
      262194  0.5921959    
      262195  0.5866036    
      262196  0.5810633    
      262197  0.5755444    
      262198  0.5699850    
      262199  0.5642771    
      262200  0.5582550    
      262201  0.5517141    
      262202  0.5445870    
      262203  0.5370222    
      262204  0.5291950    
      262205  0.5212159    
      262206  0.5131439    
      262207  0.5050106    
      262208  0.4968359    
      262209  0.4886334    
      262210  0.4804103    
      262211  0.4721716    
      262212  0.4639210    
      262213  0.4556615    
      262214  0.4473958    
      262215  0.4391258    
      262216  0.4308528    
      262217  0.4225777    
      262218  0.4143012    
      262219  0.4060237    
      262220  0.3977455    
      262221  0.3894668    
      262222  0.3811877    
      262223  0.3729083    
      262224  0.3646287    
      262225  0.3563490    
      262226  0.3480690    
      262227  0.3397889    
      262228  0.3315088    
      262229  0.3232285    
      262230  0.3149481    
      262231  0.3066676    
      262232  0.2983871    
      262233  0.2901064    
      262234  0.2818257    
      262235  0.2735449    
      262236  0.2652641    
      262237  0.2569832    
      262238  0.2487022    
      262239  0.2404211    
      262240  0.2321399    
      262241  0.2238588    
      262242  0.2155776    
      262243  0.2072963    
      262244  0.1990150    
      262245  0.1907337    
      262246  0.1824525    
      262247  0.1741712    
      262248  0.1658901    
      262249  0.1576092    
      262250  0.1493285    
      262251  0.1410481    
      262252  0.1327683    
      262253  0.1244893    
      262254  0.1162113    
      262255  0.1079347    
      262256  9.9659875E-02
      262257  9.1387466E-02
      262258  8.3118409E-02
      262259  7.4854165E-02
      262260  6.6597372E-02
      262261  5.8353044E-02
      262262  5.0131764E-02
      262263  4.1957177E-02
      262264  3.3884622E-02
      262265  2.6047930E-02
      262266  1.8774647E-02
      262267  1.2862684E-02
      262268  1.0157422E-02
      262269  1.2862682E-02
      262270  1.8774645E-02
      262271  2.6047925E-02
      262272  3.3884618E-02
      262273  4.1957177E-02
      262274  5.0131768E-02
      262275  5.8353044E-02
      262276  6.6597372E-02
      262277  7.4854173E-02
      262278  8.3118409E-02
      262279  9.1387480E-02
      262280  9.9659875E-02
      262281  0.1079347    
      262282  0.1162113    
      262283  0.1244893    
      262284  0.1327684    
      262285  0.1410481    
      262286  0.1493285    
      262287  0.1576092    
      262288  0.1658901    
      262289  0.1741712    
      262290  0.1824525    
      262291  0.1907337    
      262292  0.1990150    
      262293  0.2072963    
      262294  0.2155775    
      262295  0.2238588    
      262296  0.2321400    
      262297  0.2404211    
      262298  0.2487021    
      262299  0.2569832    
      262300  0.2652641    
      262301  0.2735450    
