      115641   1.614947    
      115642   1.606878    
      115643   1.598810    
      115644   1.590742    
      115645   1.582676    
      115646   1.574610    
      115647   1.566546    
      115648   1.558483    
      115649   1.550421    
      115650   1.542361    
      115651   1.534302    
      115652   1.526244    
      115653   1.518189    
      115654   1.510135    
      115655   1.502083    
      115656   1.494034    
      115657   1.485987    
      115658   1.477942    
      115659   1.469899    
      115660   1.461860    
      115661   1.453823    
      115662   1.445790    
      115663   1.437759    
      115664   1.429733    
      115665   1.421710    
      115666   1.413690    
      115667   1.405675    
      115668   1.397665    
      115669   1.389659    
      115670   1.381659    
      115671   1.373663    
      115672   1.365674    
      115673   1.357690    
      115674   1.349713    
      115675   1.341743    
      115676   1.333781    
      115677   1.325826    
      115678   1.317879    
      115679   1.309942    
      115680   1.302014    
      115681   1.294096    
      115682   1.286189    
      115683   1.278293    
      115684   1.270411    
      115685   1.262542    
      115686   1.254687    
      115687   1.246849    
      115688   1.239027    
      115689   1.231223    
      115690   1.223440    
      115691   1.215677    
      115692   1.207938    
      115693   1.200224    
      115694   1.192538    
      115695   1.184882    
      115696   1.177259    
      115697   1.169672    
      115698   1.162127    
      115699   1.154627    
      115700   1.147178    
      115701   1.139785    
      115702   1.132451    
      115703   1.125177    
      115704   1.117961    
      115705   1.110801    
      115706   1.103693    
      115707   1.096633    
      115708   1.089617    
      115709   1.082640    
      115710   1.075697    
      115711   1.068787    
      115712   1.061907    
      115713   1.055059    
      115714   1.048247    
      115715   1.041474    
      115716   1.034745    
      115717   1.028065    
      115718   1.021439    
      115719   1.014870    
      115720   1.008363    
      115721   1.001919    
      115722  0.9955350    
      115723  0.9892099    
      115724  0.9829400    
      115725  0.9767188    
      115726  0.9705354    
      115727  0.9643725    
      115728  0.9581969    
      115729  0.9519477    
      115730  0.9455227    
      115731  0.9387649    
      115732  0.9315437    
      115733  0.9239256    
      115734  0.9160752    
      115735  0.9081102    
      115736  0.9000924    
      115737  0.8920504    
      115738  0.8839972    
      115739  0.8759387    
      115740  0.8678778    
      115741  0.8598158    
      115742  0.8517535    
      115743  0.8436916    
      115744  0.8356307    
      115745  0.8275710    
      115746  0.8195135    
      115747  0.8114582    
      115748  0.8034056    
      115749  0.7953562    
      115750  0.7873101    
      115751  0.7792681    
      115752  0.7712306    
      115753  0.7631978    
      115754  0.7551702    
      115755  0.7471483    
      115756  0.7391325    
      115757  0.7311233    
      115758  0.7231212    
      115759  0.7151266    
      115760  0.7071401    
      115761  0.6991622    
      115762  0.6911937    
      115763  0.6832353    
      115764  0.6752876    
      115765  0.6673515    
      115766  0.6594279    
      115767  0.6515179    
      115768  0.6436224    
      115769  0.6357428    
      115770  0.6278804    
      115771  0.6200367    
      115772  0.6122133    
      115773  0.6044121    
      115774  0.5966349    
      115775  0.5888838    
      115776  0.5811611    
      115777  0.5734687    
      115778  0.5658081    
      115779  0.5581781    
      115780  0.5505764    
      115781  0.5429971    
      115782  0.5354278    
      115783  0.5278445    
      115784  0.5202073    
      115785  0.5124595    
      115786  0.5045492    
      115787  0.4964892    
      115788  0.4883358    
      115789  0.4801290    
      115790  0.4718921    
      115791  0.4636380    
      115792  0.4553744    
      115793  0.4471055    
      115794  0.4388338    
      115795  0.4305608    
      115796  0.4222872    
      115797  0.4140137    
      115798  0.4057404    
      115799  0.3974674    
      115800  0.3891947    
      115801  0.3809222    
      115802  0.3726496    
      115803  0.3643769    
      115804  0.3561037    
      115805  0.3478297    
      115806  0.3395548    
      115807  0.3312788    
      115808  0.3230017    
      115809  0.3147238    
      115810  0.3064450    
      115811  0.2981657    
      115812  0.2898860    
      115813  0.2816060    
      115814  0.2733259    
      115815  0.2650456    
      115816  0.2567651    
      115817  0.2484846    
      115818  0.2402040    
      115819  0.2319234    
      115820  0.2236427    
      115821  0.2153621    
      115822  0.2070815    
      115823  0.1988009    
      115824  0.1905203    
      115825  0.1822398    
      115826  0.1739595    
      115827  0.1656793    
      115828  0.1573994    
      115829  0.1491198    
      115830  0.1408408    
      115831  0.1325624    
      115832  0.1242849    
      115833  0.1160088    
      115834  0.1077345    
      115835  9.9462807E-02
      115836  9.1194704E-02
      115837  8.2931660E-02
      115838  7.4675754E-02
      115839  6.6430070E-02
      115840  5.8199808E-02
      115841  4.9995326E-02
      115842  4.1839670E-02
      115843  3.3787489E-02
      115844  2.5971796E-02
      115845  1.8718839E-02
      115846  1.2823928E-02
      115847  1.0126809E-02
      115848  1.2824493E-02
      115849  1.8720232E-02
      115850  2.5974371E-02
      115851  3.3791568E-02
      115852  4.1845553E-02
      115853  5.0003119E-02
      115854  5.8209222E-02
      115855  6.6440396E-02
      115856  7.4686117E-02
      115857  8.2941271E-02
      115858  9.1203094E-02
      115859  9.9469930E-02
      115860  0.1077406    
      115861  0.1160141    
      115862  0.1242896    
      115863  0.1325667    
      115864  0.1408448    
      115865  0.1491237    
      115866  0.1574031    
      115867  0.1656829    
      115868  0.1739630    
      115869  0.1822432    
      115870  0.1905236    
      115871  0.1988041    
      115872  0.2070847    
      115873  0.2153654    
      115874  0.2236460    
      115875  0.2319266    
      115876  0.2402073    
      115877  0.2484879    
      115878  0.2567685    
      115879  0.2650490    
      115880  0.2733296    
      115881  0.2816100    
      115882  0.2898905    
      115883  0.2981708    
      115884  0.3064511    
      115885  0.3147313    
      115886  0.3230115    
      115887  0.3312915    
      115888  0.3395714    
      115889  0.3478513    
      115890  0.3561310    
      115891  0.3644105    
      115892  0.3726899    
      115893  0.3809690    
      115894  0.3892480    
      115895  0.3975267    
      115896  0.4058052    
      115897  0.4140835    
      115898  0.4223615    
      115899  0.4306393    
      115900  0.4389170    
      115901  0.4471944    
      115902  0.4554717    
      115903  0.4637488    
      115904  0.4720257    
      115905  0.4803024    
      115906  0.4885788    
      115907  0.4968547    
      115908  0.5051297    
      115909  0.5134028    
      115910  0.5216720    
      115911  0.5299324    
      115912  0.5381740    
      115913  0.5463776    
      115914  0.5545061    
      115915  0.5624889    
      115916  0.5702002    
      115917  0.5775027    
      115918  0.5844158    
      115919  0.5910871    
      115920  0.5976419    
      115921  0.6041614    
      115922  0.6106901    
      115923  0.6172531    
      115924  0.6238619    
      115925  0.6305206    
      115926  0.6372306    
      115927  0.6439924    
      115928  0.6508061    
      115929  0.6576713    
      115930  0.6645877    
      115931  0.6715547    
      115932  0.6785719    
      115933  0.6856399    
      115934  0.6927594    
      115935  0.6999315    
      115936  0.7071567    
      115937  0.7144337    
      115938  0.7217574    
      115939  0.7291210    
      115940  0.7365184    
      115941  0.7439442    
      115942  0.7513928    
      115943  0.7588576    
      115944  0.7663294    
      115945  0.7737958    
      115946  0.7812396    
      115947  0.7886366    
      115948  0.7959508    
      115949  0.8031297    
      115950  0.8100972    
      115951  0.8167520    
      115952  0.8229986    
      115953  0.8288242    
      115954  0.8343217    
      115955  0.8396202    
      115956  0.8448374    
      115957  0.8500662    
      115958  0.8553736    
      115959  0.8607997    
      115960  0.8663647    
      115961  0.8720760    
      115962  0.8779327    
      115963  0.8839288    
      115964  0.8900540    
      115965  0.8962989    
      115966  0.9026567    
      115967  0.9091198    
      115968  0.9156805    
      115969  0.9223320    
      115970  0.9290693    
      115971  0.9358889    
      115972  0.9427879    
      115973  0.9497640    
      115974  0.9568159    
      115975  0.9639429    
      115976  0.9711454    
      115977  0.9784262    
      115978  0.9857888    
      115979  0.9932331    
      115980   1.000753    
      115981   1.008339    
      115982   1.015983    
      115983   1.023680    
      115984   1.031425    
      115985   1.039214    
      115986   1.047043    
      115987   1.054909    
      115988   1.062805    
      115989   1.070731    
      115990   1.078681    
      115991   1.086654    
      115992   1.094647    
      115993   1.102657    
      115994   1.110684    
      115995   1.118725    
      115996   1.126778    
      115997   1.134843    
      115998   1.142919    
      115999   1.151004    
      116000   1.159097    
      116001   1.167198    
      116002   1.175306    
      116003   1.183420    
      116004   1.191539    
      116005   1.199663    
      116006   1.207791    
      116007   1.215922    
      116008   1.224055    
      116009   1.232190    
      116010   1.240324    
      116011   1.248455    
      116012   1.256579    
      116013   1.264693    
      116014   1.272790    
      116015   1.280859    
      116016   1.288885    
      116017   1.296848    
      116018   1.304718    
      116019   1.312464    
      116020   1.320043    
      116021   1.327409    
      116022   1.334524    
      116023   1.341372    
      116024   1.347977    
      116025   1.354403    
      116026   1.360713    
      116027   1.366959    
      116028   1.373171    
      116029   1.379365    
      116030   1.385549    
      116031   1.391728    
      116032   1.397905    
      116033   1.404083    
      116034   1.410269    
      116035   1.416471    
      116036   1.422698    
      116037   1.428964    
      116038   1.435285    
      116039   1.441669    
      116040   1.448126    
      116041   1.454661    
      116042   1.461278    
      116043   1.467978    
      116044   1.474761    
      116045   1.481624    
      116046   1.488565    
      116047   1.495580    
      116048   1.502664    
      116049   1.509816    
      116050   1.517036    
      116051   1.524323    
      116052   1.531680    
      116053   1.539105    
      116054   1.546599    
      116055   1.554155    
      116056   1.561769    
      116057   1.569435    
      116058   1.577151    
      116059   1.584911    
      116060   1.592714    
      116061   1.600555    
      116062   1.608432    
      116063   1.616340    
      116064   1.624276    
      116065   1.632237    
      116066   1.640220    
      116067   1.648223    
      116068   1.656244    
      116069   1.664280    
      116070   1.672331    
      116071   1.680395    
      116072   1.688470    
      116073   1.696556    
      116074   1.704651    
      116075   1.712754    
      116076   1.720865    
      116077   1.728984    
      116078   1.737108    
      116079   1.745239    
      116080   1.753375    
      116081   1.761515    
      116082   1.769660    
      116083   1.777809    
      116084   1.785962    
      116085   1.794118    
      116086   1.802278    
      116087   1.810440    
      116088   1.818605    
      116089   1.826772    
      116090   1.834941    
      116091   1.843113    
      116092   1.851287    
      116093   1.859462    
      116094   1.867638    
      116095   1.875816    
      116096   1.883996    
      116097   1.892177    
      116098   1.900358    
      116099   1.908541    
      116100   1.916725    
      116101   1.924909    
      116102   1.933095    
      116103   1.941280    
      116104   1.949467    
      116105   1.957654    
      116106   1.965842    
      116107   1.974030    
      116108   1.982218    
      116109   1.990407    
      116110   1.998596    
      116111   2.006785    
      116112   2.014975    
      116113   2.023165    
      116114   2.031355    
      116115   2.039546    
      116116   2.047736    
      116117   2.055927    
      116118   2.064117    
      116119   2.072308    
      116120   2.080499    
      116121   2.088690    
      116122   2.096880    
      116123   2.105070    
      116124   2.113257    
      116125   2.121438    
      116126   2.129600    
      116127   2.137715    
