      233938   2.084820    
      233939   2.077202    
      233940   2.069629    
      233941   2.062107    
      233942   2.054640    
      233943   2.047236    
      233944   2.039898    
      233945   2.032627    
      233946   2.025421    
      233947   2.018277    
      233948   2.011185    
      233949   2.004127    
      233950   1.997068    
      233951   1.989948    
      233952   1.982676    
      233953   1.975170    
      233954   1.967439    
      233955   1.959564    
      233956   1.951614    
      233957   1.943626    
      233958   1.935621    
      233959   1.927608    
      233960   1.919591    
      233961   1.911575    
      233962   1.903560    
      233963   1.895548    
      233964   1.887540    
      233965   1.879537    
      233966   1.871538    
      233967   1.863547    
      233968   1.855563    
      233969   1.847588    
      233970   1.839625    
      233971   1.831673    
      233972   1.823735    
      233973   1.815812    
      233974   1.807905    
      233975   1.800017    
      233976   1.792149    
      233977   1.784305    
      233978   1.776485    
      233979   1.768693    
      233980   1.760933    
      233981   1.753207    
      233982   1.745521    
      233983   1.737880    
      233984   1.730289    
      233985   1.722757    
      233986   1.715293    
      233987   1.707905    
      233988   1.700599    
      233989   1.693379    
      233990   1.686248    
      233991   1.679211    
      233992   1.672275    
      233993   1.665444    
      233994   1.658722    
      233995   1.652110    
      233996   1.645609    
      233997   1.639213    
      233998   1.632917    
      233999   1.626718    
      234000   1.620606    
      234001   1.614574    
      234002   1.608613    
      234003   1.602716    
      234004   1.596872    
      234005   1.591060    
      234006   1.585240    
      234007   1.579322    
      234008   1.573164    
      234009   1.566598    
      234010   1.559587    
      234011   1.552260    
      234012   1.544753    
      234013   1.537150    
      234014   1.529498    
      234015   1.521820    
      234016   1.514132    
      234017   1.506441    
      234018   1.498756    
      234019   1.491080    
      234020   1.483417    
      234021   1.475772    
      234022   1.468148    
      234023   1.460547    
      234024   1.452974    
      234025   1.445430    
      234026   1.437921    
      234027   1.430449    
      234028   1.423020    
      234029   1.415639    
      234030   1.408311    
      234031   1.401038    
      234032   1.393823    
      234033   1.386667    
      234034   1.379574    
      234035   1.372545    
      234036   1.365584    
      234037   1.358696    
      234038   1.351883    
      234039   1.345151    
      234040   1.338501    
      234041   1.331938    
      234042   1.325462    
      234043   1.319073    
      234044   1.312771    
      234045   1.306553    
      234046   1.300406    
      234047   1.294297    
      234048   1.288152    
      234049   1.281837    
      234050   1.275136    
      234051   1.267880    
      234052   1.260178    
      234053   1.252230    
      234054   1.244165    
      234055   1.236047    
      234056   1.227907    
      234057   1.219758    
      234058   1.211606    
      234059   1.203454    
      234060   1.195302    
      234061   1.187150    
      234062   1.179000    
      234063   1.170852    
      234064   1.162705    
      234065   1.154559    
      234066   1.146416    
      234067   1.138274    
      234068   1.130135    
      234069   1.121998    
      234070   1.113863    
      234071   1.105731    
      234072   1.097602    
      234073   1.089477    
      234074   1.081355    
      234075   1.073236    
      234076   1.065122    
      234077   1.057012    
      234078   1.048908    
      234079   1.040809    
      234080   1.032716    
      234081   1.024631    
      234082   1.016553    
      234083   1.008484    
      234084   1.000425    
      234085  0.9923770    
      234086  0.9843420    
      234087  0.9763211    
      234088  0.9683163    
      234089  0.9603296    
      234090  0.9523634    
      234091  0.9444202    
      234092  0.9365029    
      234093  0.9286149    
      234094  0.9207597    
      234095  0.9129410    
      234096  0.9051632    
      234097  0.8974299    
      234098  0.8897451    
      234099  0.8821123    
      234100  0.8745346    
      234101  0.8670145    
      234102  0.8595542    
      234103  0.8521551    
      234104  0.8448182    
      234105  0.8375456    
      234106  0.8303394    
      234107  0.8232036    
      234108  0.8161432    
      234109  0.8091656    
      234110  0.8022807    
      234111  0.7954997    
      234112  0.7888354    
      234113  0.7823005    
      234114  0.7759053    
      234115  0.7696543    
      234116  0.7635429    
      234117  0.7575601    
      234118  0.7516863    
      234119  0.7458940    
      234120  0.7401463    
      234121  0.7343944    
      234122  0.7285725    
      234123  0.7225895    
      234124  0.7163307    
      234125  0.7096833    
      234126  0.7026147    
      234127  0.6951900    
      234128  0.6875139    
      234129  0.6796744    
      234130  0.6717290    
      234131  0.6637118    
      234132  0.6556436    
      234133  0.6475375    
      234134  0.6394023    
      234135  0.6312455    
      234136  0.6230733    
      234137  0.6148908    
      234138  0.6067016    
      234139  0.5985081    
      234140  0.5903122    
      234141  0.5821152    
      234142  0.5739179    
      234143  0.5657210    
      234144  0.5575250    
      234145  0.5493305    
      234146  0.5411376    
      234147  0.5329468    
      234148  0.5247585    
      234149  0.5165728    
      234150  0.5083902    
      234151  0.5002112    
      234152  0.4920361    
      234153  0.4838654    
      234154  0.4756997    
      234155  0.4675395    
      234156  0.4593856    
      234157  0.4512389    
      234158  0.4431003    
      234159  0.4349707    
      234160  0.4268517    
      234161  0.4187446    
      234162  0.4106514    
      234163  0.4025741    
      234164  0.3945153    
      234165  0.3864781    
      234166  0.3784664    
      234167  0.3704847    
      234168  0.3625387    
      234169  0.3546354    
      234170  0.3467838    
      234171  0.3389946    
      234172  0.3312806    
      234173  0.3236562    
      234174  0.3161367    
      234175  0.3087363    
      234176  0.3014673    
      234177  0.2943388    
      234178  0.2873574    
      234179  0.2805250    
      234180  0.2738373    
      234181  0.2672856    
      234182  0.2608573    
      234183  0.2545359    
      234184  0.2483029    
      234185  0.2421406    
      234186  0.2360346    
      234187  0.2299744    
      234188  0.2239524    
      234189  0.2179643    
      234190  0.2120081    
      234191  0.2060815    
      234192  0.2001797    
      234193  0.1942897    
      234194  0.1883779    
      234195  0.1823725    
      234196  0.1761530    
      234197  0.1695635    
      234198  0.1625229    
      234199  0.1550940    
      234200  0.1474036    
      234201  0.1395567    
      234202  0.1316107    
      234203  0.1235951    
      234204  0.1155270    
      234205  0.1074174    
      234206  9.9274546E-02
      234207  9.1105103E-02
      234208  8.2915261E-02
      234209  7.4711099E-02
      234210  6.6498943E-02
      234211  5.8286890E-02
      234212  5.0088182E-02
      234213  4.1928947E-02
      234214  3.3866718E-02
      234215  2.6036941E-02
      234216  1.8768225E-02
      234217  1.2859131E-02
      234218  1.0155314E-02
      234219  1.2860810E-02
      234220  1.8772528E-02
      234221  2.6045471E-02
      234222  3.3881869E-02
      234223  4.1954204E-02
      234224  5.0128624E-02
      234225  5.8349781E-02
      234226  6.6594027E-02
      234227  7.4850768E-02
      234228  8.3114959E-02
      234229  9.1383994E-02
      234230  9.9656388E-02
      234231  0.1079312    
      234232  0.1162078    
      234233  0.1244858    
      234234  0.1327648    
      234235  0.1410446    
      234236  0.1493249    
      234237  0.1576055    
      234238  0.1658865    
      234239  0.1741676    
      234240  0.1824488    
      234241  0.1907301    
      234242  0.1990114    
      234243  0.2072927    
      234244  0.2155739    
      234245  0.2238551    
      234246  0.2321363    
      234247  0.2404174    
      234248  0.2486985    
      234249  0.2569795    
      234250  0.2652604    
      234251  0.2735413    
      234252  0.2818221    
      234253  0.2901028    
      234254  0.2983834    
      234255  0.3066640    
      234256  0.3149444    
      234257  0.3232249    
      234258  0.3315052    
      234259  0.3397854    
      234260  0.3480655    
      234261  0.3563455    
      234262  0.3646255    
      234263  0.3729053    
      234264  0.3811850    
      234265  0.3894646    
      234266  0.3977441    
      234267  0.4060234    
      234268  0.4143026    
      234269  0.4225818    
      234270  0.4308608    
      234271  0.4391396    
      234272  0.4474183    
      234273  0.4556968    
      234274  0.4639752    
      234275  0.4722534    
      234276  0.4805315    
      234277  0.4888094    
      234278  0.4970872    
      234279  0.5053647    
      234280  0.5136421    
      234281  0.5219192    
      234282  0.5301960    
      234283  0.5384724    
      234284  0.5467478    
      234285  0.5550212    
      234286  0.5632920    
      234287  0.5715604    
      234288  0.5798264    
      234289  0.5880904    
      234290  0.5963523    
      234291  0.6046125    
      234292  0.6128708    
      234293  0.6211275    
      234294  0.6293826    
      234295  0.6376361    
      234296  0.6458881    
      234297  0.6541386    
      234298  0.6623877    
      234299  0.6706354    
      234300  0.6788817    
      234301  0.6871266    
