      115081   1.607159    
      115082   1.599090    
      115083   1.591021    
      115084   1.582954    
      115085   1.574887    
      115086   1.566822    
      115087   1.558758    
      115088   1.550695    
      115089   1.542633    
      115090   1.534572    
      115091   1.526513    
      115092   1.518456    
      115093   1.510401    
      115094   1.502347    
      115095   1.494295    
      115096   1.486246    
      115097   1.478199    
      115098   1.470154    
      115099   1.462111    
      115100   1.454072    
      115101   1.446035    
      115102   1.438001    
      115103   1.429971    
      115104   1.421944    
      115105   1.413921    
      115106   1.405902    
      115107   1.397887    
      115108   1.389877    
      115109   1.381871    
      115110   1.373871    
      115111   1.365875    
      115112   1.357886    
      115113   1.349902    
      115114   1.341926    
      115115   1.333956    
      115116   1.325993    
      115117   1.318038    
      115118   1.310091    
      115119   1.302154    
      115120   1.294226    
      115121   1.286308    
      115122   1.278401    
      115123   1.270505    
      115124   1.262623    
      115125   1.254754    
      115126   1.246899    
      115127   1.239060    
      115128   1.231239    
      115129   1.223435    
      115130   1.215651    
      115131   1.207889    
      115132   1.200150    
      115133   1.192436    
      115134   1.184750    
      115135   1.177094    
      115136   1.169471    
      115137   1.161885    
      115138   1.154339    
      115139   1.146839    
      115140   1.139390    
      115141   1.131997    
      115142   1.124663    
      115143   1.117389    
      115144   1.110173    
      115145   1.103013    
      115146   1.095904    
      115147   1.088845    
      115148   1.081829    
      115149   1.074852    
      115150   1.067909    
      115151   1.060998    
      115152   1.054118    
      115153   1.047271    
      115154   1.040458    
      115155   1.033686    
      115156   1.026957    
      115157   1.020277    
      115158   1.013650    
      115159   1.007082    
      115160   1.000575    
      115161  0.9941303    
      115162  0.9877466    
      115163  0.9814215    
      115164  0.9751517    
      115165  0.9689304    
      115166  0.9627470    
      115167  0.9565840    
      115168  0.9504082    
      115169  0.9441588    
      115170  0.9377328    
      115171  0.9309739    
      115172  0.9237511    
      115173  0.9161318    
      115174  0.9082807    
      115175  0.9003154    
      115176  0.8922973    
      115177  0.8842551    
      115178  0.8762018    
      115179  0.8681432    
      115180  0.8600820    
      115181  0.8520198    
      115182  0.8439573    
      115183  0.8358953    
      115184  0.8278342    
      115185  0.8197746    
      115186  0.8117169    
      115187  0.8036613    
      115188  0.7956086    
      115189  0.7875589    
      115190  0.7795128    
      115191  0.7714705    
      115192  0.7634327    
      115193  0.7553998    
      115194  0.7473720    
      115195  0.7393498    
      115196  0.7313338    
      115197  0.7233242    
      115198  0.7153218    
      115199  0.7073268    
      115200  0.6993399    
      115201  0.6913615    
      115202  0.6833926    
      115203  0.6754338    
      115204  0.6674855    
      115205  0.6595489    
      115206  0.6516247    
      115207  0.6437141    
      115208  0.6358179    
      115209  0.6279376    
      115210  0.6200744    
      115211  0.6122298    
      115212  0.6044055    
      115213  0.5966032    
      115214  0.5888249    
      115215  0.5810724    
      115216  0.5733480    
      115217  0.5656530    
      115218  0.5579877    
      115219  0.5503504    
      115220  0.5427376    
      115221  0.5351411    
      115222  0.5275448    
      115223  0.5199205    
      115224  0.5122234    
      115225  0.5043971    
      115226  0.4964109    
      115227  0.4883024    
      115228  0.4801219    
      115229  0.4719000    
      115230  0.4636547    
      115231  0.4553960    
      115232  0.4471298    
      115233  0.4388594    
      115234  0.4305868    
      115235  0.4223131    
      115236  0.4140391    
      115237  0.4057652    
      115238  0.3974916    
      115239  0.3892184    
      115240  0.3809454    
      115241  0.3726727    
      115242  0.3644000    
      115243  0.3561270    
      115244  0.3478536    
      115245  0.3395795    
      115246  0.3313044    
      115247  0.3230283    
      115248  0.3147511    
      115249  0.3064730    
      115250  0.2981941    
      115251  0.2899147    
      115252  0.2816349    
      115253  0.2733548    
      115254  0.2650745    
      115255  0.2567940    
      115256  0.2485135    
      115257  0.2402328    
      115258  0.2319521    
      115259  0.2236713    
      115260  0.2153905    
      115261  0.2071097    
      115262  0.1988290    
      115263  0.1905482    
      115264  0.1822676    
      115265  0.1739870    
      115266  0.1657065    
      115267  0.1574264    
      115268  0.1491465    
      115269  0.1408670    
      115270  0.1325882    
      115271  0.1243103    
      115272  0.1160335    
      115273  0.1077585    
      115274  9.9485755E-02
      115275  9.1216266E-02
      115276  8.2951307E-02
      115277  7.4692890E-02
      115278  6.6444211E-02
      115279  5.8210745E-02
      115280  5.0003164E-02
      115281  4.1844852E-02
      115282  3.3790633E-02
      115283  2.5973488E-02
      115284  1.8719580E-02
      115285  1.2824148E-02
      115286  1.0126708E-02
      115287  1.2824014E-02
      115288  1.8719165E-02
      115289  2.5972411E-02
      115290  3.3788320E-02
      115291  4.1840553E-02
      115292  4.9995974E-02
      115293  5.8199715E-02
      115294  6.6428490E-02
      115295  7.4671857E-02
      115296  8.2924761E-02
      115297  9.1184475E-02
      115298  9.9449381E-02
      115299  0.1077183    
      115300  0.1159905    
      115301  0.1242650    
      115302  0.1325412    
      115303  0.1408186    
      115304  0.1490969    
      115305  0.1573759    
      115306  0.1656553    
      115307  0.1739351    
      115308  0.1822151    
      115309  0.1904953    
      115310  0.1987756    
      115311  0.2070560    
      115312  0.2153364    
      115313  0.2236169    
      115314  0.2318974    
      115315  0.2401779    
      115316  0.2484584    
      115317  0.2567389    
      115318  0.2650194    
      115319  0.2732999    
      115320  0.2815803    
      115321  0.2898606    
      115322  0.2981409    
      115323  0.3064211    
      115324  0.3147013    
      115325  0.3229814    
      115326  0.3312614    
      115327  0.3395413    
      115328  0.3478211    
      115329  0.3561008    
      115330  0.3643803    
      115331  0.3726597    
      115332  0.3809389    
      115333  0.3892179    
      115334  0.3974966    
      115335  0.4057751    
      115336  0.4140534    
      115337  0.4223315    
      115338  0.4306093    
      115339  0.4388870    
      115340  0.4471644    
      115341  0.4554416    
      115342  0.4637186    
      115343  0.4719954    
      115344  0.4802720    
      115345  0.4885482    
      115346  0.4968239    
      115347  0.5050985    
      115348  0.5133709    
      115349  0.5216384    
      115350  0.5298952    
      115351  0.5381293    
      115352  0.5463176    
      115353  0.5544137    
      115354  0.5623315    
      115355  0.5699289    
      115356  0.5770863    
      115357  0.5838649    
      115358  0.5904274    
      115359  0.5968982    
      115360  0.6033470    
      115361  0.6098132    
      115362  0.6163193    
      115363  0.6228737    
      115364  0.6294791    
      115365  0.6361362    
      115366  0.6428455    
      115367  0.6496068    
      115368  0.6564200    
      115369  0.6632848    
      115370  0.6702008    
      115371  0.6771673    
      115372  0.6841842    
      115373  0.6912518    
      115374  0.6983711    
      115375  0.7055428    
      115376  0.7127677    
      115377  0.7200444    
      115378  0.7273678    
      115379  0.7347313    
      115380  0.7421285    
      115381  0.7495542    
      115382  0.7570027    
      115383  0.7644674    
      115384  0.7719391    
      115385  0.7794054    
      115386  0.7868491    
      115387  0.7942458    
      115388  0.8015599    
      115389  0.8087386    
      115390  0.8157060    
      115391  0.8223609    
      115392  0.8286077    
      115393  0.8344334    
      115394  0.8399311    
      115395  0.8452299    
      115396  0.8504470    
      115397  0.8556758    
      115398  0.8609832    
      115399  0.8664093    
      115400  0.8719742    
      115401  0.8776854    
      115402  0.8835422    
      115403  0.8895383    
      115404  0.8956634    
      115405  0.9019083    
      115406  0.9082662    
      115407  0.9147294    
      115408  0.9212901    
      115409  0.9279417    
      115410  0.9346791    
      115411  0.9414988    
      115412  0.9483977    
      115413  0.9553738    
      115414  0.9624257    
      115415  0.9695527    
      115416  0.9767553    
      115417  0.9840360    
      115418  0.9913986    
      115419  0.9988428    
      115420   1.006363    
      115421   1.013949    
      115422   1.021593    
      115423   1.029289    
      115424   1.037035    
      115425   1.044824    
      115426   1.052653    
      115427   1.060518    
      115428   1.068415    
      115429   1.076340    
      115430   1.084291    
      115431   1.092264    
      115432   1.100256    
      115433   1.108267    
      115434   1.116294    
      115435   1.124334    
      115436   1.132388    
      115437   1.140453    
      115438   1.148529    
      115439   1.156614    
      115440   1.164707    
      115441   1.172808    
      115442   1.180915    
      115443   1.189029    
      115444   1.197148    
      115445   1.205272    
      115446   1.213401    
      115447   1.221532    
      115448   1.229665    
      115449   1.237800    
      115450   1.245934    
      115451   1.254065    
      115452   1.262189    
      115453   1.270303    
      115454   1.278400    
      115455   1.286469    
      115456   1.294495    
      115457   1.302457    
      115458   1.310328    
      115459   1.318073    
      115460   1.325652    
      115461   1.333019    
      115462   1.340134    
      115463   1.346981    
      115464   1.353587    
      115465   1.360012    
      115466   1.366323    
      115467   1.372568    
      115468   1.378780    
      115469   1.384974    
      115470   1.391158    
      115471   1.397337    
      115472   1.403514    
      115473   1.409693    
      115474   1.415879    
      115475   1.422080    
      115476   1.428307    
      115477   1.434574    
      115478   1.440894    
      115479   1.447279    
      115480   1.453736    
      115481   1.460271    
      115482   1.466887    
      115483   1.473588    
      115484   1.480370    
      115485   1.487233    
      115486   1.494174    
      115487   1.501189    
      115488   1.508273    
      115489   1.515425    
      115490   1.522645    
      115491   1.529932    
      115492   1.537289    
      115493   1.544714    
      115494   1.552208    
      115495   1.559765    
      115496   1.567379    
      115497   1.575045    
      115498   1.582760    
      115499   1.590521    
      115500   1.598323    
      115501   1.606165    
      115502   1.614041    
      115503   1.621949    
      115504   1.629885    
      115505   1.637846    
      115506   1.645829    
      115507   1.653832    
      115508   1.661853    
      115509   1.669890    
      115510   1.677941    
      115511   1.686004    
      115512   1.694079    
      115513   1.702165    
      115514   1.710260    
      115515   1.718364    
      115516   1.726475    
      115517   1.734593    
      115518   1.742718    
      115519   1.750848    
      115520   1.758984    
      115521   1.767125    
      115522   1.775270    
      115523   1.783419    
      115524   1.791572    
      115525   1.799728    
      115526   1.807887    
      115527   1.816050    
      115528   1.824215    
      115529   1.832382    
      115530   1.840551    
      115531   1.848723    
      115532   1.856896    
      115533   1.865071    
      115534   1.873248    
      115535   1.881426    
      115536   1.889605    
      115537   1.897786    
      115538   1.905968    
      115539   1.914151    
      115540   1.922334    
      115541   1.930519    
      115542   1.938704    
      115543   1.946890    
      115544   1.955077    
      115545   1.963264    
      115546   1.971452    
      115547   1.979640    
      115548   1.987828    
      115549   1.996017    
      115550   2.004206    
      115551   2.012395    
      115552   2.020585    
      115553   2.028775    
      115554   2.036965    
      115555   2.045156    
      115556   2.053346    
      115557   2.061537    
      115558   2.069727    
      115559   2.077919    
      115560   2.086109    
      115561   2.094300    
      115562   2.102489    
      115563   2.110676    
      115564   2.118857    
      115565   2.127019    
      115566   2.135134    
