      162691   2.152907    
      162692   2.144832    
      162693   2.136758    
      162694   2.128687    
      162695   2.120617    
      162696   2.112549    
      162697   2.104483    
      162698   2.096419    
      162699   2.088358    
      162700   2.080300    
      162701   2.072244    
      162702   2.064191    
      162703   2.056140    
      162704   2.048093    
      162705   2.040050    
      162706   2.032010    
      162707   2.023973    
      162708   2.015942    
      162709   2.007914    
      162710   1.999891    
      162711   1.991873    
      162712   1.983860    
      162713   1.975853    
      162714   1.967852    
      162715   1.959857    
      162716   1.951868    
      162717   1.943887    
      162718   1.935914    
      162719   1.927948    
      162720   1.919991    
      162721   1.912044    
      162722   1.904106    
      162723   1.896180    
      162724   1.888264    
      162725   1.880361    
      162726   1.872471    
      162727   1.864595    
      162728   1.856734    
      162729   1.848890    
      162730   1.841064    
      162731   1.833257    
      162732   1.825470    
      162733   1.817706    
      162734   1.809966    
      162735   1.802251    
      162736   1.794565    
      162737   1.786908    
      162738   1.779283    
      162739   1.771693    
      162740   1.764138    
      162741   1.756621    
      162742   1.749145    
      162743   1.741712    
      162744   1.734325    
      162745   1.726987    
      162746   1.719698    
      162747   1.712459    
      162748   1.705268    
      162749   1.698124    
      162750   1.691025    
      162751   1.683973    
      162752   1.676967    
      162753   1.670007    
      162754   1.663095    
      162755   1.656232    
      162756   1.649420    
      162757   1.642661    
      162758   1.635958    
      162759   1.629313    
      162760   1.622725    
      162761   1.616194    
      162762   1.609717    
      162763   1.603288    
      162764   1.596901    
      162765   1.590549    
      162766   1.584219    
      162767   1.577885    
      162768   1.571498    
      162769   1.564973    
      162770   1.558176    
      162771   1.550973    
      162772   1.543384    
      162773   1.535553    
      162774   1.527598    
      162775   1.519585    
      162776   1.511544    
      162777   1.503490    
      162778   1.495429    
      162779   1.487365    
      162780   1.479300    
      162781   1.471234    
      162782   1.463168    
      162783   1.455102    
      162784   1.447037    
      162785   1.438974    
      162786   1.430912    
      162787   1.422853    
      162788   1.414796    
      162789   1.406743    
      162790   1.398693    
      162791   1.390647    
      162792   1.382605    
      162793   1.374568    
      162794   1.366536    
      162795   1.358510    
      162796   1.350489    
      162797   1.342475    
      162798   1.334468    
      162799   1.326468    
      162800   1.318477    
      162801   1.310493    
      162802   1.302520    
      162803   1.294556    
      162804   1.286602    
      162805   1.278661    
      162806   1.270731    
      162807   1.262815    
      162808   1.254914    
      162809   1.247028    
      162810   1.239159    
      162811   1.231309    
      162812   1.223480    
      162813   1.215673    
      162814   1.207891    
      162815   1.200135    
      162816   1.192408    
      162817   1.184714    
      162818   1.177056    
      162819   1.169438    
      162820   1.161865    
      162821   1.154342    
      162822   1.146876    
      162823   1.139472    
      162824   1.132134    
      162825   1.124863    
      162826   1.117657    
      162827   1.110512    
      162828   1.103420    
      162829   1.096362    
      162830   1.089303    
      162831   1.082183    
      162832   1.074911    
      162833   1.067405    
      162834   1.059674    
      162835   1.051800    
      162836   1.043850    
      162837   1.035862    
      162838   1.027857    
      162839   1.019844    
      162840   1.011828    
      162841   1.003811    
      162842  0.9957967    
      162843  0.9877847    
      162844  0.9797764    
      162845  0.9717727    
      162846  0.9637745    
      162847  0.9557829    
      162848  0.9477992    
      162849  0.9398246    
      162850  0.9318607    
      162851  0.9239089    
      162852  0.9159707    
      162853  0.9080474    
      162854  0.9001409    
      162855  0.8922529    
      162856  0.8843854    
      162857  0.8765407    
      162858  0.8687210    
      162859  0.8609294    
      162860  0.8531690    
      162861  0.8454434    
      162862  0.8377571    
      162863  0.8301153    
      162864  0.8225245    
      162865  0.8149927    
      162866  0.8075283    
      162867  0.8001399    
      162868  0.7928337    
      162869  0.7856133    
      162870  0.7784820    
      162871  0.7714450    
      162872  0.7645079    
      162873  0.7576761    
      162874  0.7509534    
      162875  0.7443417    
      162876  0.7378397    
      162877  0.7314430    
      162878  0.7251468    
      162879  0.7189463    
      162880  0.7128340    
      162881  0.7068013    
      162882  0.7008398    
      162883  0.6949412    
      162884  0.6890952    
      162885  0.6832820    
      162886  0.6774583    
      162887  0.6715360    
      162888  0.6653705    
      162889  0.6587930    
      162890  0.6517715    
      162891  0.6444358    
      162892  0.6369214    
      162893  0.6293125    
      162894  0.6216543    
      162895  0.6139713    
      162896  0.6062775    
      162897  0.5985819    
      162898  0.5908906    
      162899  0.5832087    
      162900  0.5755402    
      162901  0.5678885    
      162902  0.5602570    
      162903  0.5526488    
      162904  0.5450668    
      162905  0.5375142    
      162906  0.5299939    
      162907  0.5225091    
      162908  0.5150622    
      162909  0.5076528    
      162910  0.5002759    
      162911  0.4929208    
      162912  0.4855650    
      162913  0.4781693    
      162914  0.4706759    
      162915  0.4630147    
      162916  0.4551418    
      162917  0.4471006    
      162918  0.4389571    
      162919  0.4307541    
      162920  0.4225172    
      162921  0.4142614    
      162922  0.4059951    
      162923  0.3977228    
      162924  0.3894473    
      162925  0.3811700    
      162926  0.3728915    
      162927  0.3646125    
      162928  0.3563331    
      162929  0.3480536    
      162930  0.3397738    
      162931  0.3314940    
      162932  0.3232142    
      162933  0.3149344    
      162934  0.3066545    
      162935  0.2983746    
      162936  0.2900947    
      162937  0.2818148    
      162938  0.2735349    
      162939  0.2652550    
      162940  0.2569749    
      162941  0.2486948    
      162942  0.2404147    
      162943  0.2321344    
      162944  0.2238540    
      162945  0.2155735    
      162946  0.2072929    
      162947  0.1990122    
      162948  0.1907314    
      162949  0.1824506    
      162950  0.1741697    
      162951  0.1658889    
      162952  0.1576082    
      162953  0.1493277    
      162954  0.1410475    
      162955  0.1327678    
      162956  0.1244889    
      162957  0.1162110    
      162958  0.1079344    
      162959  9.9659577E-02
      162960  9.1387197E-02
      162961  8.3118156E-02
      162962  7.4853927E-02
      162963  6.6597149E-02
      162964  5.8352828E-02
      162965  5.0131559E-02
      162966  4.1956984E-02
      162967  3.3884440E-02
      162968  2.6047764E-02
      162969  1.8774506E-02
      162970  1.2862558E-02
      162971  1.0157280E-02
      162972  1.2862442E-02
      162973  1.8774215E-02
      162974  2.6047194E-02
      162975  3.3883430E-02
      162976  4.1955307E-02
      162977  5.0128870E-02
      162978  5.8348600E-02
      162979  6.6590585E-02
      162980  7.4843861E-02
      162981  8.3102785E-02
      162982  9.1363788E-02
      162983  9.9624023E-02
      162984  0.1078806    
      162985  0.1161300    
      162986  0.1243685    
      162987  0.1325919    
      162988  0.1407959    
      162989  0.1489759    
      162990  0.1571257    
      162991  0.1652366    
      162992  0.1732967    
      162993  0.1812885    
      162994  0.1891823    
      162995  0.1969227    
      162996  0.2044101    
      162997  0.2115172    
      162998  0.2181674    
      162999  0.2244384    
      163000  0.2305135    
      163001  0.2365395    
      163002  0.2426035    
      163003  0.2487457    
      163004  0.2549808    
      163005  0.2613140    
      163006  0.2677462    
      163007  0.2742742    
      163008  0.2808904    
      163009  0.2875888    
      163010  0.2943656    
      163011  0.3012183    
      163012  0.3081450    
      163013  0.3151446    
      163014  0.3222163    
      163015  0.3293596    
      163016  0.3365765    
      163017  0.3438705    
      163018  0.3512452    
      163019  0.3587002    
      163020  0.3662292    
      163021  0.3738230    
      163022  0.3814741    
      163023  0.3891775    
      163024  0.3969291    
      163025  0.4047248    
      163026  0.4125603    
      163027  0.4204317    
      163028  0.4283351    
      163029  0.4362668    
      163030  0.4442239    
      163031  0.4522033    
      163032  0.4602028    
      163033  0.4682202    
      163034  0.4762536    
      163035  0.4843012    
      163036  0.4923616    
      163037  0.5004336    
      163038  0.5085160    
      163039  0.5166076    
      163040  0.5247078    
      163041  0.5328155    
      163042  0.5409300    
      163043  0.5490507    
      163044  0.5571768    
      163045  0.5653076    
      163046  0.5734423    
      163047  0.5815804    
      163048  0.5897207    
      163049  0.5978619    
      163050  0.6060026    
      163051  0.6141404    
      163052  0.6222723    
      163053  0.6303935    
      163054  0.6384974    
      163055  0.6465738    
      163056  0.6546084    
      163057  0.6625804    
      163058  0.6704620    
      163059  0.6782196    
      163060  0.6858128    
      163061  0.6931959    
      163062  0.7003279    
      163063  0.7071918    
      163064  0.7138106    
      163065  0.7202449    
      163066  0.7265612    
      163067  0.7328109    
      163068  0.7390254    
      163069  0.7452213    
      163070  0.7514069    
      163071  0.7575870    
      163072  0.7637649    
      163073  0.7699447    
      163074  0.7761316    
      163075  0.7823334    
      163076  0.7885610    
      163077  0.7948285    
      163078  0.8011495    
      163079  0.8075345    
      163080  0.8139915    
      163081  0.8205268    
      163082  0.8271440    
      163083  0.8338443    
      163084  0.8406267    
      163085  0.8474900    
      163086  0.8544311    
      163087  0.8614460    
      163088  0.8685310    
      163089  0.8756841    
      163090  0.8829053    
      163091  0.8901947    
      163092  0.8975528    
      163093  0.9049799    
      163094  0.9124739    
      163095  0.9200306    
      163096  0.9276443    
      163097  0.9353104    
      163098  0.9430252    
      163099  0.9507855    
      163100  0.9585882    
      163101  0.9664297    
      163102  0.9743062    
      163103  0.9822144    
      163104  0.9901505    
      163105  0.9981115    
      163106   1.006095    
      163107   1.014098    
      163108   1.022119    
      163109   1.030156    
      163110   1.038207    
      163111   1.046271    
      163112   1.054347    
      163113   1.062432    
      163114   1.070527    
      163115   1.078631    
      163116   1.086742    
      163117   1.094861    
      163118   1.102986    
      163119   1.111116    
      163120   1.119252    
      163121   1.127393    
      163122   1.135538    
      163123   1.143687    
      163124   1.151840    
      163125   1.159996    
      163126   1.168156    
      163127   1.176318    
      163128   1.184483    
      163129   1.192650    
      163130   1.200820    
      163131   1.208991    
      163132   1.217165    
      163133   1.225340    
      163134   1.233517    
      163135   1.241695    
      163136   1.249874    
      163137   1.258055    
      163138   1.266237    
      163139   1.274420    
      163140   1.282603    
      163141   1.290788    
      163142   1.298973    
      163143   1.307159    
      163144   1.315346    
      163145   1.323533    
      163146   1.331720    
      163147   1.339909    
      163148   1.348097    
      163149   1.356286    
      163150   1.364475    
      163151   1.372665    
      163152   1.380854    
      163153   1.389045    
      163154   1.397235    
      163155   1.405425    
      163156   1.413616    
      163157   1.421806    
      163158   1.429997    
      163159   1.438188    
      163160   1.446379    
      163161   1.454570    
      163162   1.462761    
      163163   1.470952    
      163164   1.479143    
      163165   1.487334    
      163166   1.495525    
      163167   1.503717    
      163168   1.511908    
      163169   1.520099    
      163170   1.528290    
      163171   1.536482    
      163172   1.544673    
      163173   1.552864    
      163174   1.561055    
      163175   1.569247    
      163176   1.577438    
      163177   1.585629    
      163178   1.593821    
      163179   1.602012    
      163180   1.610203    
      163181   1.618394    
