       98281   1.376768    
       98282   1.368699    
       98283   1.360631    
       98284   1.352565    
       98285   1.344498    
       98286   1.336433    
       98287   1.328369    
       98288   1.320307    
       98289   1.312245    
       98290   1.304185    
       98291   1.296126    
       98292   1.288069    
       98293   1.280014    
       98294   1.271961    
       98295   1.263909    
       98296   1.255860    
       98297   1.247813    
       98298   1.239769    
       98299   1.231726    
       98300   1.223687    
       98301   1.215651    
       98302   1.207617    
       98303   1.199587    
       98304   1.191561    
       98305   1.183538    
       98306   1.175519    
       98307   1.167505    
       98308   1.159495    
       98309   1.151489    
       98310   1.143489    
       98311   1.135494    
       98312   1.127505    
       98313   1.119522    
       98314   1.111545    
       98315   1.103576    
       98316   1.095613    
       98317   1.087659    
       98318   1.079713    
       98319   1.071775    
       98320   1.063848    
       98321   1.055930    
       98322   1.048023    
       98323   1.040128    
       98324   1.032246    
       98325   1.024377    
       98326   1.016523    
       98327   1.008685    
       98328   1.000863    
       98329  0.9930596    
       98330  0.9852761    
       98331  0.9775140    
       98332  0.9697751    
       98333  0.9620613    
       98334  0.9543751    
       98335  0.9467190    
       98336  0.9390960    
       98337  0.9315096    
       98338  0.9239640    
       98339  0.9164639    
       98340  0.9090148    
       98341  0.9016216    
       98342  0.8942877    
       98343  0.8870136    
       98344  0.8797976    
       98345  0.8726369    
       98346  0.8655282    
       98347  0.8584681    
       98348  0.8514518    
       98349  0.8444742    
       98350  0.8375311    
       98351  0.8306196    
       98352  0.8237391    
       98353  0.8168910    
       98354  0.8100782    
       98355  0.8033048    
       98356  0.7965752    
       98357  0.7898945    
       98358  0.7832676    
       98359  0.7766988    
       98360  0.7701913    
       98361  0.7637461    
       98362  0.7573619    
       98363  0.7510363    
       98364  0.7447658    
       98365  0.7385436    
       98366  0.7323585    
       98367  0.7261920    
       98368  0.7200081    
       98369  0.7137431    
       98370  0.7072886    
       98371  0.7004824    
       98372  0.6932054    
       98373  0.6855408    
       98374  0.6776514    
       98375  0.6696478    
       98376  0.6615849    
       98377  0.6534862    
       98378  0.6453605    
       98379  0.6372102    
       98380  0.6290367    
       98381  0.6208423    
       98382  0.6126306    
       98383  0.6044056    
       98384  0.5961708    
       98385  0.5879286    
       98386  0.5796806    
       98387  0.5714278    
       98388  0.5631707    
       98389  0.5549098    
       98390  0.5466453    
       98391  0.5383773    
       98392  0.5301062    
       98393  0.5218323    
       98394  0.5135572    
       98395  0.5052813    
       98396  0.4970049    
       98397  0.4887280    
       98398  0.4804509    
       98399  0.4721735    
       98400  0.4638959    
       98401  0.4556180    
       98402  0.4473399    
       98403  0.4390616    
       98404  0.4307832    
       98405  0.4225045    
       98406  0.4142258    
       98407  0.4059469    
       98408  0.3976678    
       98409  0.3893887    
       98410  0.3811094    
       98411  0.3728299    
       98412  0.3645504    
       98413  0.3562708    
       98414  0.3479910    
       98415  0.3397111    
       98416  0.3314312    
       98417  0.3231512    
       98418  0.3148711    
       98419  0.3065909    
       98420  0.2983106    
       98421  0.2900303    
       98422  0.2817500    
       98423  0.2734696    
       98424  0.2651891    
       98425  0.2569087    
       98426  0.2486281    
       98427  0.2403476    
       98428  0.2320671    
       98429  0.2237867    
       98430  0.2155063    
       98431  0.2072260    
       98432  0.1989459    
       98433  0.1906660    
       98434  0.1823865    
       98435  0.1741076    
       98436  0.1658293    
       98437  0.1575519    
       98438  0.1492753    
       98439  0.1409998    
       98440  0.1327252    
       98441  0.1244518    
       98442  0.1161795    
       98443  0.1079086    
       98444  9.9639162E-02
       98445  9.1371685E-02
       98446  8.3106853E-02
       98447  7.4846044E-02
       98448  6.6591829E-02
       98449  5.8349349E-02
       98450  5.0129339E-02
       98451  4.1955605E-02
       98452  3.3883624E-02
       98453  2.6047315E-02
       98454  1.8774290E-02
       98455  1.2862485E-02
       98456  1.0157302E-02
       98457  1.2862576E-02
       98458  1.8774522E-02
       98459  2.6047781E-02
       98460  3.3884451E-02
       98461  4.1956984E-02
       98462  5.0131552E-02
       98463  5.8352791E-02
       98464  6.6597082E-02
       98465  7.4853823E-02
       98466  8.3117977E-02
       98467  9.1386914E-02
       98468  9.9659130E-02
       98469  0.1079337    
       98470  0.1162099    
       98471  0.1244872    
       98472  0.1327653    
       98473  0.1410436    
       98474  0.1493217    
       98475  0.1575992    
       98476  0.1658753    
       98477  0.1741493    
       98478  0.1824205    
       98479  0.1906881    
       98480  0.1989519    
       98481  0.2072119    
       98482  0.2154684    
       98483  0.2237221    
       98484  0.2319735    
       98485  0.2402227    
       98486  0.2484700    
       98487  0.2567150    
       98488  0.2649561    
       98489  0.2731901    
       98490  0.2814100    
       98491  0.2896007    
       98492  0.2977329    
       98493  0.3057524    
       98494  0.3135644    
       98495  0.3210537    
       98496  0.3281971    
       98497  0.3350976    
       98498  0.3418797    
       98499  0.3486288    
       98500  0.3553962    
       98501  0.3622104    
       98502  0.3690872    
       98503  0.3760326    
       98504  0.3830476    
       98505  0.3901307    
       98506  0.3972794    
       98507  0.4044945    
       98508  0.4117786    
       98509  0.4191335    
       98510  0.4265559    
       98511  0.4340369    
       98512  0.4415685    
       98513  0.4491454    
       98514  0.4567637    
       98515  0.4644202    
       98516  0.4721120    
       98517  0.4798362    
       98518  0.4875903    
       98519  0.4953720    
       98520  0.5031790    
       98521  0.5110092    
       98522  0.5188608    
       98523  0.5267321    
       98524  0.5346215    
       98525  0.5425276    
       98526  0.5504488    
       98527  0.5583842    
       98528  0.5663327    
       98529  0.5742933    
       98530  0.5822650    
       98531  0.5902470    
       98532  0.5982385    
       98533  0.6062387    
       98534  0.6142471    
       98535  0.6222631    
       98536  0.6302859    
       98537  0.6383149    
       98538  0.6463499    
       98539  0.6543902    
       98540  0.6624354    
       98541  0.6704851    
       98542  0.6785389    
       98543  0.6865965    
       98544  0.6946571    
       98545  0.7027200    
       98546  0.7107838    
       98547  0.7188456    
       98548  0.7268987    
       98549  0.7349281    
       98550  0.7429001    
       98551  0.7507437    
       98552  0.7583266    
       98553  0.7654793    
       98554  0.7721785    
       98555  0.7785946    
       98556  0.7848883    
       98557  0.7911549    
       98558  0.7974451    
       98559  0.8037807    
       98560  0.8101680    
       98561  0.8166090    
       98562  0.8231043    
       98563  0.8296533    
       98564  0.8362554    
       98565  0.8429101    
       98566  0.8496171    
       98567  0.8563763    
       98568  0.8631875    
       98569  0.8700504    
       98570  0.8769644    
       98571  0.8839291    
       98572  0.8909442    
       98573  0.8980100    
       98574  0.9051273    
       98575  0.9122968    
       98576  0.9195193    
       98577  0.9267935    
       98578  0.9341147    
       98579  0.9414762    
       98580  0.9488717    
       98581  0.9562960    
       98582  0.9637434    
       98583  0.9712073    
       98584  0.9786782    
       98585  0.9861441    
       98586  0.9935877    
       98587   1.000985    
       98588   1.008299    
       98589   1.015479    
       98590   1.022448    
       98591   1.029105    
       98592   1.035355    
       98593   1.041183    
       98594   1.046683    
       98595   1.051983    
       98596   1.057201    
       98597   1.062432    
       98598   1.067742    
       98599   1.073169    
       98600   1.078733    
       98601   1.084442    
       98602   1.090297    
       98603   1.096293    
       98604   1.102418    
       98605   1.108662    
       98606   1.115020    
       98607   1.121483    
       98608   1.128044    
       98609   1.134696    
       98610   1.141433    
       98611   1.148253    
       98612   1.155152    
       98613   1.162128    
       98614   1.169179    
       98615   1.176306    
       98616   1.183509    
       98617   1.190790    
       98618   1.198152    
       98619   1.205596    
       98620   1.213116    
       98621   1.220702    
       98622   1.228346    
       98623   1.236043    
       98624   1.243788    
       98625   1.251577    
       98626   1.259406    
       98627   1.267272    
       98628   1.275169    
       98629   1.283094    
       98630   1.291044    
       98631   1.299017    
       98632   1.307010    
       98633   1.315021    
       98634   1.323047    
       98635   1.331088    
       98636   1.339142    
       98637   1.347207    
       98638   1.355282    
       98639   1.363367    
       98640   1.371460    
       98641   1.379561    
       98642   1.387669    
       98643   1.395783    
       98644   1.403902    
       98645   1.412026    
       98646   1.420154    
       98647   1.428286    
       98648   1.436419    
       98649   1.444554    
       98650   1.452687    
       98651   1.460818    
       98652   1.468943    
       98653   1.477057    
       98654   1.485154    
       98655   1.493222    
       98656   1.501249    
       98657   1.509211    
       98658   1.517082    
       98659   1.524827    
       98660   1.532406    
       98661   1.539773    
       98662   1.546887    
       98663   1.553735    
       98664   1.560341    
       98665   1.566766    
       98666   1.573077    
       98667   1.579323    
       98668   1.585534    
       98669   1.591728    
       98670   1.597913    
       98671   1.604091    
       98672   1.610268    
       98673   1.616447    
       98674   1.622633    
       98675   1.628834    
       98676   1.635061    
       98677   1.641328    
       98678   1.647649    
       98679   1.654033    
       98680   1.660490    
       98681   1.667025    
       98682   1.673642    
       98683   1.680342    
       98684   1.687124    
       98685   1.693987    
       98686   1.700928    
       98687   1.707943    
       98688   1.715027    
       98689   1.722179    
       98690   1.729399    
       98691   1.736686    
       98692   1.744043    
       98693   1.751469    
       98694   1.758962    
       98695   1.766519    
       98696   1.774132    
       98697   1.781799    
       98698   1.789514    
       98699   1.797274    
       98700   1.805077    
       98701   1.812919    
       98702   1.820795    
       98703   1.828703    
       98704   1.836639    
       98705   1.844600    
       98706   1.852583    
       98707   1.860586    
       98708   1.868607    
       98709   1.876643    
       98710   1.884694    
       98711   1.892758    
       98712   1.900834    
       98713   1.908919    
       98714   1.917014    
       98715   1.925117    
       98716   1.933229    
       98717   1.941347    
       98718   1.949472    
       98719   1.957602    
       98720   1.965738    
       98721   1.973879    
       98722   1.982023    
       98723   1.990173    
       98724   1.998326    
       98725   2.006482    
       98726   2.014641    
       98727   2.022804    
       98728   2.030968    
       98729   2.039136    
       98730   2.047305    
       98731   2.055476    
       98732   2.063648    
       98733   2.071819    
       98734   2.079985    
       98735   2.088135    
       98736   2.096238    
