      181765   2.104306    
      181766   2.096416    
      181767   2.088540    
      181768   2.080679    
      181769   2.072835    
      181770   2.065008    
      181771   2.057201    
      181772   2.049414    
      181773   2.041650    
      181774   2.033910    
      181775   2.026195    
      181776   2.018509    
      181777   2.010852    
      181778   2.003228    
      181779   1.995637    
      181780   1.988083    
      181781   1.980567    
      181782   1.973091    
      181783   1.965658    
      181784   1.958271    
      181785   1.950933    
      181786   1.943645    
      181787   1.936405    
      181788   1.929214    
      181789   1.922070    
      181790   1.914972    
      181791   1.907919    
      181792   1.900913    
      181793   1.893954    
      181794   1.887042    
      181795   1.880179    
      181796   1.873366    
      181797   1.866608    
      181798   1.859905    
      181799   1.853260    
      181800   1.846672    
      181801   1.840142    
      181802   1.833664    
      181803   1.827236    
      181804   1.820850    
      181805   1.814498    
      181806   1.808168    
      181807   1.801834    
      181808   1.795447    
      181809   1.788922    
      181810   1.782125    
      181811   1.774922    
      181812   1.767333    
      181813   1.759502    
      181814   1.751548    
      181815   1.743535    
      181816   1.735494    
      181817   1.727440    
      181818   1.719379    
      181819   1.711315    
      181820   1.703250    
      181821   1.695184    
      181822   1.687117    
      181823   1.679052    
      181824   1.670987    
      181825   1.662923    
      181826   1.654862    
      181827   1.646803    
      181828   1.638746    
      181829   1.630692    
      181830   1.622642    
      181831   1.614596    
      181832   1.606555    
      181833   1.598517    
      181834   1.590485    
      181835   1.582459    
      181836   1.574439    
      181837   1.566425    
      181838   1.558418    
      181839   1.550418    
      181840   1.542426    
      181841   1.534443    
      181842   1.526469    
      181843   1.518505    
      181844   1.510552    
      181845   1.502610    
      181846   1.494681    
      181847   1.486765    
      181848   1.478863    
      181849   1.470978    
      181850   1.463109    
      181851   1.455259    
      181852   1.447430    
      181853   1.439623    
      181854   1.431841    
      181855   1.424085    
      181856   1.416359    
      181857   1.408664    
      181858   1.401006    
      181859   1.393388    
      181860   1.385815    
      181861   1.378292    
      181862   1.370826    
      181863   1.363422    
      181864   1.356085    
      181865   1.348814    
      181866   1.341608    
      181867   1.334463    
      181868   1.327371    
      181869   1.320313    
      181870   1.313255    
      181871   1.306134    
      181872   1.298862    
      181873   1.291356    
      181874   1.283625    
      181875   1.275751    
      181876   1.267801    
      181877   1.259813    
      181878   1.251808    
      181879   1.243794    
      181880   1.235778    
      181881   1.227762    
      181882   1.219747    
      181883   1.211735    
      181884   1.203727    
      181885   1.195723    
      181886   1.187725    
      181887   1.179733    
      181888   1.171750    
      181889   1.163775    
      181890   1.155811    
      181891   1.147859    
      181892   1.139921    
      181893   1.131998    
      181894   1.124091    
      181895   1.116203    
      181896   1.108336    
      181897   1.100491    
      181898   1.092672    
      181899   1.084880    
      181900   1.077120    
      181901   1.069394    
      181902   1.061708    
      181903   1.054066    
      181904   1.046476    
      181905   1.038944    
      181906   1.031479    
      181907   1.024091    
      181908   1.016785    
      181909   1.009565    
      181910   1.002434    
      181911  0.9953973    
      181912  0.9884607    
      181913  0.9816291    
      181914  0.9749069    
      181915  0.9682956    
      181916  0.9617940    
      181917  0.9553978    
      181918  0.9491019    
      181919  0.9429018    
      181920  0.9367900    
      181921  0.9307579    
      181922  0.9247972    
      181923  0.9188995    
      181924  0.9130548    
      181925  0.9072435    
      181926  0.9014229    
      181927  0.8955059    
      181928  0.8893490    
      181929  0.8827834    
      181930  0.8757737    
      181931  0.8684472    
      181932  0.8609402    
      181933  0.8533375    
      181934  0.8456851    
      181935  0.8380076    
      181936  0.8303193    
      181937  0.8226292    
      181938  0.8149436    
      181939  0.8072674    
      181940  0.7996050    
      181941  0.7919599    
      181942  0.7843354    
      181943  0.7767347    
      181944  0.7691609    
      181945  0.7616173    
      181946  0.7541075    
      181947  0.7466357    
      181948  0.7392067    
      181949  0.7318254    
      181950  0.7244965    
      181951  0.7172234    
      181952  0.7100081    
      181953  0.7028523    
      181954  0.6957579    
      181955  0.6887282    
      181956  0.6817669    
      181957  0.6748777    
      181958  0.6680645    
      181959  0.6613309    
      181960  0.6546806    
      181961  0.6481162    
      181962  0.6416392    
      181963  0.6352493    
      181964  0.6289458    
      181965  0.6227269    
      181966  0.6165805    
      181967  0.6104727    
      181968  0.6043324    
      181969  0.5980273    
      181970  0.5913435    
      181971  0.5841054    
      181972  0.5764177    
      181973  0.5684801    
      181974  0.5604233    
      181975  0.5523131    
      181976  0.5441804    
      181977  0.5360388    
      181978  0.5278939    
      181979  0.5197485    
      181980  0.5116036    
      181981  0.5034597    
      181982  0.4953172    
      181983  0.4871762    
      181984  0.4790369    
      181985  0.4708996    
      181986  0.4627645    
      181987  0.4546317    
      181988  0.4465017    
      181989  0.4383745    
      181990  0.4302505    
      181991  0.4221300    
      181992  0.4140133    
      181993  0.4059008    
      181994  0.3977927    
      181995  0.3896895    
      181996  0.3815916    
      181997  0.3734996    
      181998  0.3654138    
      181999  0.3573349    
      182000  0.3492633    
      182001  0.3411998    
      182002  0.3331451    
      182003  0.3250999    
      182004  0.3170651    
      182005  0.3090416    
      182006  0.3010303    
      182007  0.2930323    
      182008  0.2850489    
      182009  0.2770813    
      182010  0.2691306    
      182011  0.2611985    
      182012  0.2532863    
      182013  0.2453957    
      182014  0.2375281    
      182015  0.2296852    
      182016  0.2218687    
      182017  0.2140799    
      182018  0.2063202    
      182019  0.1985906    
      182020  0.1908920    
      182021  0.1832252    
      182022  0.1755905    
      182023  0.1679882    
      182024  0.1604187    
      182025  0.1528828    
      182026  0.1453813    
      182027  0.1379151    
      182028  0.1304845    
      182029  0.1230880    
      182030  0.1157201    
      182031  0.1083698    
      182032  0.1010182    
      182033  9.3637221E-02
      182034  8.6193345E-02
      182035  7.8660548E-02
      182036  7.1039677E-02
      182037  6.3358769E-02
      182038  5.5650145E-02
      182039  4.7932051E-02
      182040  4.0223084E-02
      182041  3.2569148E-02
      182042  2.5096979E-02
      182043  1.8128630E-02
      182044  1.2448473E-02
      182045  9.8623009E-03
      182046  1.2533101E-02
      182047  1.8338241E-02
      182048  2.5488323E-02
      182049  3.3206910E-02
      182050  4.1174173E-02
      182051  4.9258560E-02
      182052  5.7404764E-02
      182053  6.5588340E-02
      182054  7.3797531E-02
      182055  8.2025535E-02
      182056  9.0267263E-02
      182057  9.8518923E-02
      182058  0.1067777    
      182059  0.1150417    
      182060  0.1233095    
      182061  0.1315800    
      182062  0.1398526    
      182063  0.1481268    
      182064  0.1564022    
      182065  0.1646785    
      182066  0.1729555    
      182067  0.1812330    
      182068  0.1895110    
      182069  0.1977894    
      182070  0.2060680    
      182071  0.2143469    
      182072  0.2226259    
      182073  0.2309051    
      182074  0.2391844    
      182075  0.2474637    
      182076  0.2557431    
      182077  0.2640224    
      182078  0.2723018    
      182079  0.2805811    
      182080  0.2888603    
      182081  0.2971393    
      182082  0.3054183    
      182083  0.3136969    
      182084  0.3219753    
      182085  0.3302531    
      182086  0.3385303    
      182087  0.3468065    
      182088  0.3550813    
      182089  0.3633541    
      182090  0.3716241    
      182091  0.3798896    
      182092  0.3881487    
      182093  0.3963982    
      182094  0.4046334    
      182095  0.4128468    
      182096  0.4210268    
      182097  0.4291551    
      182098  0.4372071    
      182099  0.4451546    
      182100  0.4529597    
      182101  0.4605671    
      182102  0.4679103    
      182103  0.4749479    
      182104  0.4816928    
      182105  0.4882075    
      182106  0.4945696    
      182107  0.5008433    
      182108  0.5070716    
      182109  0.5132764    
      182110  0.5194684    
      182111  0.5256532    
      182112  0.5318348    
      182113  0.5380174    
      182114  0.5442063    
      182115  0.5504096    
      182116  0.5566382    
      182117  0.5629061    
      182118  0.5692273    
      182119  0.5756124    
      182120  0.5820693    
      182121  0.5886045    
      182122  0.5952215    
      182123  0.6019217    
      182124  0.6087041    
      182125  0.6155674    
      182126  0.6225086    
      182127  0.6295238    
      182128  0.6366094    
      182129  0.6437638    
      182130  0.6509871    
      182131  0.6582797    
      182132  0.6656420    
      182133  0.6730735    
      182134  0.6805713    
      182135  0.6881295    
      182136  0.6957412    
      182137  0.7033992    
      182138  0.7110972    
      182139  0.7188296    
      182140  0.7265920    
      182141  0.7343816    
      182142  0.7421970    
      182143  0.7500374    
      182144  0.7579024    
      182145  0.7657908    
      182146  0.7737018    
      182147  0.7816339    
      182148  0.7895856    
      182149  0.7975557    
      182150  0.8055427    
      182151  0.8135451    
      182152  0.8215617    
      182153  0.8295913    
      182154  0.8376328    
      182155  0.8456850    
      182156  0.8537471    
      182157  0.8618183    
      182158  0.8698977    
      182159  0.8779848    
      182160  0.8860788    
      182161  0.8941793    
      182162  0.9022857    
      182163  0.9103974    
      182164  0.9185140    
      182165  0.9266353    
      182166  0.9347607    
      182167  0.9428900    
      182168  0.9510230    
      182169  0.9591593    
      182170  0.9672986    
      182171  0.9754407    
      182172  0.9835855    
      182173  0.9917327    
      182174  0.9998821    
      182175   1.008034    
      182176   1.016187    
      182177   1.024342    
      182178   1.032499    
      182179   1.040657    
      182180   1.048816    
      182181   1.056977    
      182182   1.065139    
      182183   1.073302    
      182184   1.081465    
      182185   1.089630    
      182186   1.097796    
      182187   1.105962    
      182188   1.114129    
      182189   1.122296    
      182190   1.130464    
      182191   1.138632    
      182192   1.146801    
      182193   1.154970    
      182194   1.163139    
      182195   1.171309    
      182196   1.179478    
      182197   1.187648    
      182198   1.195818    
      182199   1.203987    
      182200   1.212157    
      182201   1.220327    
      182202   1.228496    
      182203   1.236666    
      182204   1.244835    
      182205   1.253005    
      182206   1.261174    
      182207   1.269342    
      182208   1.277511    
      182209   1.285679    
      182210   1.293847    
      182211   1.302015    
      182212   1.310182    
      182213   1.318348    
      182214   1.326514    
      182215   1.334680    
      182216   1.342845    
      182217   1.351009    
      182218   1.359173    
      182219   1.367336    
      182220   1.375499    
      182221   1.383660    
