      125161   1.724988    
      125162   1.716918    
      125163   1.708850    
      125164   1.700783    
      125165   1.692716    
      125166   1.684651    
      125167   1.676586    
      125168   1.668523    
      125169   1.660461    
      125170   1.652400    
      125171   1.644341    
      125172   1.636284    
      125173   1.628229    
      125174   1.620175    
      125175   1.612123    
      125176   1.604073    
      125177   1.596026    
      125178   1.587981    
      125179   1.579939    
      125180   1.571899    
      125181   1.563863    
      125182   1.555829    
      125183   1.547799    
      125184   1.539772    
      125185   1.531749    
      125186   1.523730    
      125187   1.515715    
      125188   1.507704    
      125189   1.499699    
      125190   1.491698    
      125191   1.483703    
      125192   1.475713    
      125193   1.467730    
      125194   1.459753    
      125195   1.451783    
      125196   1.443820    
      125197   1.435865    
      125198   1.427918    
      125199   1.419981    
      125200   1.412053    
      125201   1.404135    
      125202   1.396228    
      125203   1.388333    
      125204   1.380450    
      125205   1.372581    
      125206   1.364727    
      125207   1.356888    
      125208   1.349066    
      125209   1.341263    
      125210   1.333479    
      125211   1.325717    
      125212   1.317978    
      125213   1.310264    
      125214   1.302578    
      125215   1.294922    
      125216   1.287299    
      125217   1.279712    
      125218   1.272167    
      125219   1.264667    
      125220   1.257218    
      125221   1.249825    
      125222   1.242491    
      125223   1.235217    
      125224   1.228002    
      125225   1.220841    
      125226   1.213733    
      125227   1.206673    
      125228   1.199658    
      125229   1.192681    
      125230   1.185738    
      125231   1.178828    
      125232   1.171948    
      125233   1.165100    
      125234   1.158288    
      125235   1.151516    
      125236   1.144787    
      125237   1.138107    
      125238   1.131481    
      125239   1.124913    
      125240   1.118406    
      125241   1.111961    
      125242   1.105578    
      125243   1.099253    
      125244   1.092983    
      125245   1.086762    
      125246   1.080579    
      125247   1.074417    
      125248   1.068244    
      125249   1.061998    
      125250   1.055581    
      125251   1.048835    
      125252   1.041628    
      125253   1.034020    
      125254   1.026176    
      125255   1.018215    
      125256   1.010201    
      125257   1.002161    
      125258  0.9941103    
      125259  0.9860542    
      125260  0.9779954    
      125261  0.9699355    
      125262  0.9618754    
      125263  0.9538159    
      125264  0.9457573    
      125265  0.9377002    
      125266  0.9296451    
      125267  0.9215922    
      125268  0.9135421    
      125269  0.9054952    
      125270  0.8974519    
      125271  0.8894125    
      125272  0.8813775    
      125273  0.8733475    
      125274  0.8653227    
      125275  0.8573038    
      125276  0.8492910    
      125277  0.8412848    
      125278  0.8332857    
      125279  0.8252943    
      125280  0.8173109    
      125281  0.8093365    
      125282  0.8013715    
      125283  0.7934164    
      125284  0.7854725    
      125285  0.7775402    
      125286  0.7696207    
      125287  0.7617147    
      125288  0.7538235    
      125289  0.7459484    
      125290  0.7380909    
      125291  0.7302524    
      125292  0.7224345    
      125293  0.7146394    
      125294  0.7068688    
      125295  0.6991251    
      125296  0.6914110    
      125297  0.6837295    
      125298  0.6760843    
      125299  0.6684794    
      125300  0.6609199    
      125301  0.6534113    
      125302  0.6459599    
      125303  0.6385713    
      125304  0.6312486    
      125305  0.6239920    
      125306  0.6167997    
      125307  0.6096677    
      125308  0.6025864    
      125309  0.5955348    
      125310  0.5884746    
      125311  0.5813395    
      125312  0.5740351    
      125313  0.5664864    
      125314  0.5587210    
      125315  0.5508237    
      125316  0.5428577    
      125317  0.5348582    
      125318  0.5268430    
      125319  0.5188210    
      125320  0.5107967    
      125321  0.5027726    
      125322  0.4947500    
      125323  0.4867302    
      125324  0.4787140    
      125325  0.4707022    
      125326  0.4626958    
      125327  0.4546957    
      125328  0.4467031    
      125329  0.4387193    
      125330  0.4307458    
      125331  0.4227839    
      125332  0.4148349    
      125333  0.4069003    
      125334  0.3989819    
      125335  0.3910810    
      125336  0.3831996    
      125337  0.3753398    
      125338  0.3675038    
      125339  0.3596943    
      125340  0.3519140    
      125341  0.3441664    
      125342  0.3364550    
      125343  0.3287847    
      125344  0.3211607    
      125345  0.3135893    
      125346  0.3060774    
      125347  0.2986312    
      125348  0.2912526    
      125349  0.2839346    
      125350  0.2766621    
      125351  0.2694074    
      125352  0.2621228    
      125353  0.2547328    
      125354  0.2471479    
      125355  0.2393249    
      125356  0.2313165    
      125357  0.2231954    
      125358  0.2150100    
      125359  0.2067905    
      125360  0.1985541    
      125361  0.1903101    
      125362  0.1820631    
      125363  0.1738152    
      125364  0.1655671    
      125365  0.1573189    
      125366  0.1490705    
      125367  0.1408217    
      125368  0.1325723    
      125369  0.1243221    
      125370  0.1160711    
      125371  0.1078192    
      125372  9.9566624E-02
      125373  9.1313690E-02
      125374  8.3061308E-02
      125375  7.4811041E-02
      125376  6.6565692E-02
      125377  5.8330506E-02
      125378  5.0116267E-02
      125379  4.1946866E-02
      125380  3.3877987E-02
      125381  2.6043825E-02
      125382  1.8772237E-02
      125383  1.2861348E-02
      125384  1.0156628E-02
      125385  1.2861977E-02
      125386  1.8773848E-02
      125387  2.6047001E-02
      125388  3.3883583E-02
      125389  4.1956056E-02
      125390  5.0130583E-02
      125391  5.8351815E-02
      125392  6.6596113E-02
      125393  7.4852891E-02
      125394  8.3117113E-02
      125395  9.1386154E-02
      125396  9.9658549E-02
      125397  0.1079334    
      125398  0.1162100    
      125399  0.1244880    
      125400  0.1327670    
      125401  0.1410468    
      125402  0.1493271    
      125403  0.1576078    
      125404  0.1658887    
      125405  0.1741698    
      125406  0.1824510    
      125407  0.1907322    
      125408  0.1990134    
      125409  0.2072946    
      125410  0.2155757    
      125411  0.2238568    
      125412  0.2321377    
      125413  0.2404184    
      125414  0.2486990    
      125415  0.2569795    
      125416  0.2652598    
      125417  0.2735399    
      125418  0.2818199    
      125419  0.2900997    
      125420  0.2983795    
      125421  0.3066592    
      125422  0.3149387    
      125423  0.3232182    
      125424  0.3314976    
      125425  0.3397769    
      125426  0.3480563    
      125427  0.3563356    
      125428  0.3646148    
      125429  0.3728940    
      125430  0.3811731    
      125431  0.3894520    
      125432  0.3977308    
      125433  0.4060094    
      125434  0.4142873    
      125435  0.4225644    
      125436  0.4308397    
      125437  0.4391115    
      125438  0.4473768    
      125439  0.4556292    
      125440  0.4638568    
      125441  0.4720367    
      125442  0.4801278    
      125443  0.4880581    
      125444  0.4957310    
      125445  0.5031030    
      125446  0.5102463    
      125447  0.5172591    
      125448  0.5242150    
      125449  0.5311599    
      125450  0.5381201    
      125451  0.5451116    
      125452  0.5521432    
      125453  0.5592189    
      125454  0.5663415    
      125455  0.5735129    
      125456  0.5807345    
      125457  0.5880057    
      125458  0.5953224    
      125459  0.6026782    
      125460  0.6100670    
      125461  0.6174837    
      125462  0.6249226    
      125463  0.6323771    
      125464  0.6398383    
      125465  0.6472937    
      125466  0.6547257    
      125467  0.6621094    
      125468  0.6694083    
      125469  0.6765698    
      125470  0.6835173    
      125471  0.6901497    
      125472  0.6963739    
      125473  0.7021815    
      125474  0.7076671    
      125475  0.7129583    
      125476  0.7181709    
      125477  0.7233968    
      125478  0.7287023    
      125479  0.7341272    
      125480  0.7396913    
      125481  0.7454019    
      125482  0.7512580    
      125483  0.7572536    
      125484  0.7633785    
      125485  0.7696232    
      125486  0.7759808    
      125487  0.7824438    
      125488  0.7890044    
      125489  0.7956558    
      125490  0.8023931    
      125491  0.8092126    
      125492  0.8161115    
      125493  0.8230876    
      125494  0.8301394    
      125495  0.8372663    
      125496  0.8444688    
      125497  0.8517495    
      125498  0.8591121    
      125499  0.8665565    
      125500  0.8740764    
      125501  0.8816623    
      125502  0.8893063    
      125503  0.8970029    
      125504  0.9047480    
      125505  0.9125372    
      125506  0.9203664    
      125507  0.9282314    
      125508  0.9361284    
      125509  0.9440537    
      125510  0.9520042    
      125511  0.9599771    
      125512  0.9679699    
      125513  0.9759805    
      125514  0.9840071    
      125515  0.9920480    
      125516   1.000102    
      125517   1.008167    
      125518   1.016242    
      125519   1.024327    
      125520   1.032420    
      125521   1.040521    
      125522   1.048629    
      125523   1.056743    
      125524   1.064862    
      125525   1.072986    
      125526   1.081114    
      125527   1.089245    
      125528   1.097379    
      125529   1.105513    
      125530   1.113647    
      125531   1.121778    
      125532   1.129903    
      125533   1.138017    
      125534   1.146113    
      125535   1.154182    
      125536   1.162208    
      125537   1.170171    
      125538   1.178042    
      125539   1.185787    
      125540   1.193366    
      125541   1.200732    
      125542   1.207847    
      125543   1.214694    
      125544   1.221300    
      125545   1.227726    
      125546   1.234036    
      125547   1.240282    
      125548   1.246494    
      125549   1.252687    
      125550   1.258872    
      125551   1.265051    
      125552   1.271227    
      125553   1.277406    
      125554   1.283592    
      125555   1.289793    
      125556   1.296020    
      125557   1.302287    
      125558   1.308607    
      125559   1.314992    
      125560   1.321449    
      125561   1.327984    
      125562   1.334601    
      125563   1.341301    
      125564   1.348083    
      125565   1.354946    
      125566   1.361888    
      125567   1.368902    
      125568   1.375987    
      125569   1.383139    
      125570   1.390358    
      125571   1.397646    
      125572   1.405002    
      125573   1.412428    
      125574   1.419922    
      125575   1.427478    
      125576   1.435092    
      125577   1.442758    
      125578   1.450473    
      125579   1.458234    
      125580   1.466037    
      125581   1.473878    
      125582   1.481754    
      125583   1.489662    
      125584   1.497598    
      125585   1.505559    
      125586   1.513542    
      125587   1.521546    
      125588   1.529566    
      125589   1.537603    
      125590   1.545654    
      125591   1.553718    
      125592   1.561793    
      125593   1.569879    
      125594   1.577974    
      125595   1.586077    
      125596   1.594188    
      125597   1.602306    
      125598   1.610431    
      125599   1.618562    
      125600   1.626697    
      125601   1.634838    
      125602   1.642983    
      125603   1.651132    
      125604   1.659285    
      125605   1.667441    
      125606   1.675601    
      125607   1.683763    
      125608   1.691928    
      125609   1.700095    
      125610   1.708264    
      125611   1.716436    
      125612   1.724609    
      125613   1.732784    
      125614   1.740961    
      125615   1.749139    
      125616   1.757319    
      125617   1.765499    
      125618   1.773681    
      125619   1.781864    
      125620   1.790047    
      125621   1.798232    
      125622   1.806417    
      125623   1.814603    
      125624   1.822789    
      125625   1.830976    
      125626   1.839164    
      125627   1.847352    
      125628   1.855541    
      125629   1.863730    
      125630   1.871919    
      125631   1.880108    
      125632   1.888298    
      125633   1.896488    
      125634   1.904678    
      125635   1.912868    
      125636   1.921059    
      125637   1.929249    
      125638   1.937440    
      125639   1.945631    
      125640   1.953821    
      125641   1.962013    
      125642   1.970204    
      125643   1.978395    
      125644   1.986586    
      125645   1.994777    
      125646   2.002968    
      125647   2.011159    
      125648   2.019351    
      125649   2.027542    
      125650   2.035733    
      125651   2.043925    
      125652   2.052116    
      125653   2.060307    
      125654   2.068498    
      125655   2.076690    
      125656   2.084881    
      125657   2.093072    
      125658   2.101263    
      125659   2.109454    
      125660   2.117643    
      125661   2.125831    
