      232255   2.084445    
      232256   2.076719    
      232257   2.069025    
      232258   2.061367    
      232259   2.053749    
      232260   2.046175    
      232261   2.038652    
      232262   2.031186    
      232263   2.023782    
      232264   2.016445    
      232265   2.009174    
      232266   2.001968    
      232267   1.994823    
      232268   1.987731    
      232269   1.980673    
      232270   1.973615    
      232271   1.966495    
      232272   1.959222    
      232273   1.951716    
      232274   1.943985    
      232275   1.936111    
      232276   1.928161    
      232277   1.920173    
      232278   1.912167    
      232279   1.904154    
      232280   1.896138    
      232281   1.888121    
      232282   1.880107    
      232283   1.872095    
      232284   1.864086    
      232285   1.856083    
      232286   1.848084    
      232287   1.840093    
      232288   1.832109    
      232289   1.824134    
      232290   1.816171    
      232291   1.808219    
      232292   1.800280    
      232293   1.792357    
      232294   1.784451    
      232295   1.776563    
      232296   1.768695    
      232297   1.760851    
      232298   1.753031    
      232299   1.745239    
      232300   1.737479    
      232301   1.729753    
      232302   1.722067    
      232303   1.714426    
      232304   1.706835    
      232305   1.699303    
      232306   1.691839    
      232307   1.684451    
      232308   1.677145    
      232309   1.669925    
      232310   1.662794    
      232311   1.655757    
      232312   1.648821    
      232313   1.641990    
      232314   1.635268    
      232315   1.628657    
      232316   1.622155    
      232317   1.615759    
      232318   1.609464    
      232319   1.603264    
      232320   1.597152    
      232321   1.591120    
      232322   1.585160    
      232323   1.579262    
      232324   1.573418    
      232325   1.567606    
      232326   1.561785    
      232327   1.555868    
      232328   1.549711    
      232329   1.543144    
      232330   1.536133    
      232331   1.528806    
      232332   1.521298    
      232333   1.513696    
      232334   1.506043    
      232335   1.498366    
      232336   1.490678    
      232337   1.482987    
      232338   1.475302    
      232339   1.467626    
      232340   1.459963    
      232341   1.452318    
      232342   1.444694    
      232343   1.437093    
      232344   1.429520    
      232345   1.421976    
      232346   1.414467    
      232347   1.406995    
      232348   1.399566    
      232349   1.392186    
      232350   1.384857    
      232351   1.377584    
      232352   1.370370    
      232353   1.363214    
      232354   1.356121    
      232355   1.349092    
      232356   1.342131    
      232357   1.335242    
      232358   1.328430    
      232359   1.321697    
      232360   1.315048    
      232361   1.308485    
      232362   1.302009    
      232363   1.295620    
      232364   1.289317    
      232365   1.283099    
      232366   1.276953    
      232367   1.270843    
      232368   1.264698    
      232369   1.258384    
      232370   1.251683    
      232371   1.244427    
      232372   1.236726    
      232373   1.228779    
      232374   1.220714    
      232375   1.212597    
      232376   1.204458    
      232377   1.196310    
      232378   1.188159    
      232379   1.180008    
      232380   1.171857    
      232381   1.163708    
      232382   1.155560    
      232383   1.147414    
      232384   1.139270    
      232385   1.131127    
      232386   1.122988    
      232387   1.114851    
      232388   1.106716    
      232389   1.098585    
      232390   1.090458    
      232391   1.082334    
      232392   1.074214    
      232393   1.066099    
      232394   1.057988    
      232395   1.049883    
      232396   1.041784    
      232397   1.033692    
      232398   1.025606    
      232399   1.017528    
      232400   1.009458    
      232401   1.001397    
      232402  0.9933469    
      232403  0.9853075    
      232404  0.9772801    
      232405  0.9692661    
      232406  0.9612668    
      232407  0.9532835    
      232408  0.9453180    
      232409  0.9373719    
      232410  0.9294472    
      232411  0.9215458    
      232412  0.9136699    
      232413  0.9058216    
      232414  0.8980030    
      232415  0.8902166    
      232416  0.8824645    
      232417  0.8747494    
      232418  0.8670749    
      232419  0.8594452    
      232420  0.8518653    
      232421  0.8443401    
      232422  0.8368740    
      232423  0.8294704    
      232424  0.8221306    
      232425  0.8148561    
      232426  0.8076489    
      232427  0.8005126    
      232428  0.7934519    
      232429  0.7864743    
      232430  0.7795894    
      232431  0.7728084    
      232432  0.7661442    
      232433  0.7596091    
      232434  0.7532136    
      232435  0.7469624    
      232436  0.7408507    
      232437  0.7348675    
      232438  0.7289929    
      232439  0.7231992    
      232440  0.7174498    
      232441  0.7116953    
      232442  0.7058698    
      232443  0.6998821    
      232444  0.6936184    
      232445  0.6869666    
      232446  0.6798950    
      232447  0.6724687    
      232448  0.6647917    
      232449  0.6569517    
      232450  0.6490060    
      232451  0.6409886    
      232452  0.6329203    
      232453  0.6248139    
      232454  0.6166786    
      232455  0.6085217    
      232456  0.6003494    
      232457  0.5921667    
      232458  0.5839773    
      232459  0.5757837    
      232460  0.5675877    
      232461  0.5593905    
      232462  0.5511931    
      232463  0.5429961    
      232464  0.5348000    
      232465  0.5266053    
      232466  0.5184123    
      232467  0.5102214    
      232468  0.5020329    
      232469  0.4938471    
      232470  0.4856645    
      232471  0.4774854    
      232472  0.4693101    
      232473  0.4611393    
      232474  0.4529734    
      232475  0.4448131    
      232476  0.4366591    
      232477  0.4285122    
      232478  0.4203733    
      232479  0.4122437    
      232480  0.4041244    
      232481  0.3960171    
      232482  0.3879236    
      232483  0.3798460    
      232484  0.3717870    
      232485  0.3637495    
      232486  0.3557374    
      232487  0.3477552    
      232488  0.3398086    
      232489  0.3319048    
      232490  0.3240525    
      232491  0.3162624    
      232492  0.3085473    
      232493  0.3009215    
      232494  0.2934001    
      232495  0.2859976    
      232496  0.2787260    
      232497  0.2715943    
      232498  0.2646090    
      232499  0.2577718    
      232500  0.2510782    
      232501  0.2445194    
      232502  0.2380825    
      232503  0.2317506    
      232504  0.2255051    
      232505  0.2193275    
      232506  0.2132033    
      232507  0.2071211    
      232508  0.2010730    
      232509  0.1950525    
      232510  0.1890548    
      232511  0.1830740    
      232512  0.1770992    
      232513  0.1711052    
      232514  0.1650379    
      232515  0.1588042    
      232516  0.1522748    
      232517  0.1453511    
      232518  0.1380446    
      232519  0.1304523    
      232520  0.1226799    
      232521  0.1147951    
      232522  0.1068317    
      232523  9.8808601E-02
      232524  9.0738311E-02
      232525  8.2630076E-02
      232526  7.4492127E-02
      232527  6.6333421E-02
      232528  5.8164649E-02
      232529  5.0000820E-02
      232530  4.1868992E-02
      232531  3.3827350E-02
      232532  2.6012296E-02
      232533  1.8753665E-02
      232534  1.2851028E-02
      232535  1.0150479E-02
      232536  1.2856495E-02
      232537  1.8767633E-02
      232538  2.6039794E-02
      232539  3.3875510E-02
      232540  4.1947316E-02
      232541  5.0121363E-02
      232542  5.8342248E-02
      232543  6.6586308E-02
      232544  7.4842915E-02
      232545  8.3107024E-02
      232546  9.1375992E-02
      232547  9.9648327E-02
      232548  0.1079231    
      232549  0.1161997    
      232550  0.1244776    
      232551  0.1327566    
      232552  0.1410364    
      232553  0.1493167    
      232554  0.1575974    
      232555  0.1658783    
      232556  0.1741594    
      232557  0.1824406    
      232558  0.1907218    
      232559  0.1990031    
      232560  0.2072844    
      232561  0.2155656    
      232562  0.2238468    
      232563  0.2321280    
      232564  0.2404091    
      232565  0.2486901    
      232566  0.2569712    
      232567  0.2652521    
      232568  0.2735329    
      232569  0.2818137    
      232570  0.2900945    
      232571  0.2983751    
      232572  0.3066556    
      232573  0.3149361    
      232574  0.3232165    
      232575  0.3314968    
      232576  0.3397770    
      232577  0.3480571    
      232578  0.3563371    
      232579  0.3646171    
      232580  0.3728969    
      232581  0.3811766    
      232582  0.3894562    
      232583  0.3977357    
      232584  0.4060150    
      232585  0.4142942    
      232586  0.4225734    
      232587  0.4308523    
      232588  0.4391312    
      232589  0.4474099    
      232590  0.4556884    
      232591  0.4639668    
      232592  0.4722450    
      232593  0.4805231    
      232594  0.4888010    
      232595  0.4970787    
      232596  0.5053563    
      232597  0.5136337    
      232598  0.5219108    
      232599  0.5301876    
      232600  0.5384640    
      232601  0.5467393    
      232602  0.5550126    
      232603  0.5632834    
      232604  0.5715518    
      232605  0.5798178    
      232606  0.5880817    
      232607  0.5963436    
      232608  0.6046036    
      232609  0.6128619    
      232610  0.6211186    
      232611  0.6293737    
      232612  0.6376271    
      232613  0.6458791    
      232614  0.6541296    
      232615  0.6623787    
      232616  0.6706263    
      232617  0.6788726    
      232618  0.6871176    
      232619  0.6953611    
      232620  0.7036034    
      232621  0.7118443    
