      186253   2.095386    
      186254   2.087646    
      186255   2.079931    
      186256   2.072245    
      186257   2.064589    
      186258   2.056964    
      186259   2.049373    
      186260   2.041819    
      186261   2.034303    
      186262   2.026827    
      186263   2.019394    
      186264   2.012007    
      186265   2.004669    
      186266   1.997380    
      186267   1.990141    
      186268   1.982950    
      186269   1.975806    
      186270   1.968707    
      186271   1.961655    
      186272   1.954649    
      186273   1.947690    
      186274   1.940778    
      186275   1.933915    
      186276   1.927103    
      186277   1.920344    
      186278   1.913641    
      186279   1.906996    
      186280   1.900409    
      186281   1.893878    
      186282   1.887401    
      186283   1.880972    
      186284   1.874586    
      186285   1.868234    
      186286   1.861904    
      186287   1.855571    
      186288   1.849184    
      186289   1.842658    
      186290   1.835861    
      186291   1.828658    
      186292   1.821069    
      186293   1.813239    
      186294   1.805284    
      186295   1.797271    
      186296   1.789230    
      186297   1.781176    
      186298   1.773115    
      186299   1.765052    
      186300   1.756986    
      186301   1.748920    
      186302   1.740854    
      186303   1.732788    
      186304   1.724723    
      186305   1.716660    
      186306   1.708598    
      186307   1.700539    
      186308   1.692482    
      186309   1.684429    
      186310   1.676379    
      186311   1.668332    
      186312   1.660291    
      186313   1.652254    
      186314   1.644222    
      186315   1.636195    
      186316   1.628175    
      186317   1.620161    
      186318   1.612154    
      186319   1.604154    
      186320   1.596162    
      186321   1.588179    
      186322   1.580205    
      186323   1.572242    
      186324   1.564288    
      186325   1.556346    
      186326   1.548417    
      186327   1.540501    
      186328   1.532600    
      186329   1.524714    
      186330   1.516845    
      186331   1.508996    
      186332   1.501166    
      186333   1.493360    
      186334   1.485577    
      186335   1.477821    
      186336   1.470095    
      186337   1.462401    
      186338   1.454743    
      186339   1.447124    
      186340   1.439551    
      186341   1.432028    
      186342   1.424562    
      186343   1.417158    
      186344   1.409821    
      186345   1.402550    
      186346   1.395344    
      186347   1.388200    
      186348   1.381108    
      186349   1.374050    
      186350   1.366991    
      186351   1.359871    
      186352   1.352599    
      186353   1.345093    
      186354   1.337361    
      186355   1.329487    
      186356   1.321537    
      186357   1.313549    
      186358   1.305544    
      186359   1.297530    
      186360   1.289514    
      186361   1.281498    
      186362   1.273483    
      186363   1.265471    
      186364   1.257463    
      186365   1.249459    
      186366   1.241461    
      186367   1.233470    
      186368   1.225486    
      186369   1.217511    
      186370   1.209548    
      186371   1.201596    
      186372   1.193657    
      186373   1.185734    
      186374   1.177828    
      186375   1.169940    
      186376   1.162072    
      186377   1.154227    
      186378   1.146408    
      186379   1.138616    
      186380   1.130856    
      186381   1.123130    
      186382   1.115444    
      186383   1.107803    
      186384   1.100212    
      186385   1.092680    
      186386   1.085216    
      186387   1.077827    
      186388   1.070521    
      186389   1.063301    
      186390   1.056170    
      186391   1.049134    
      186392   1.042197    
      186393   1.035366    
      186394   1.028643    
      186395   1.022032    
      186396   1.015531    
      186397   1.009134    
      186398   1.002839    
      186399  0.9966387    
      186400  0.9905269    
      186401  0.9844948    
      186402  0.9785340    
      186403  0.9726363    
      186404  0.9667916    
      186405  0.9609802    
      186406  0.9551595    
      186407  0.9492425    
      186408  0.9430854    
      186409  0.9365195    
      186410  0.9295095    
      186411  0.9221829    
      186412  0.9146758    
      186413  0.9070733    
      186414  0.8994208    
      186415  0.8917433    
      186416  0.8840549    
      186417  0.8763648    
      186418  0.8686793    
      186419  0.8610033    
      186420  0.8533409    
      186421  0.8456957    
      186422  0.8380713    
      186423  0.8304706    
      186424  0.8228969    
      186425  0.8153533    
      186426  0.8078434    
      186427  0.8003718    
      186428  0.7929428    
      186429  0.7855617    
      186430  0.7782332    
      186431  0.7709602    
      186432  0.7637450    
      186433  0.7565893    
      186434  0.7494950    
      186435  0.7424656    
      186436  0.7355044    
      186437  0.7286155    
      186438  0.7218025    
      186439  0.7150692    
      186440  0.7084192    
      186441  0.7018551    
      186442  0.6953784    
      186443  0.6889888    
      186444  0.6826857    
      186445  0.6764677    
      186446  0.6703231    
      186447  0.6642195    
      186448  0.6580876    
      186449  0.6517985    
      186450  0.6451420    
      186451  0.6379344    
      186452  0.6302662    
      186453  0.6223390    
      186454  0.6142881    
      186455  0.6061820    
      186456  0.5980524    
      186457  0.5899135    
      186458  0.5817714    
      186459  0.5736288    
      186460  0.5654867    
      186461  0.5573457    
      186462  0.5492061    
      186463  0.5410683    
      186464  0.5329322    
      186465  0.5247983    
      186466  0.5166667    
      186467  0.5085377    
      186468  0.5004115    
      186469  0.4922884    
      186470  0.4841688    
      186471  0.4760528    
      186472  0.4679409    
      186473  0.4598334    
      186474  0.4517308    
      186475  0.4436334    
      186476  0.4355417    
      186477  0.4274563    
      186478  0.4193776    
      186479  0.4113063    
      186480  0.4032431    
      186481  0.3951886    
      186482  0.3871436    
      186483  0.3791090    
      186484  0.3710858    
      186485  0.3630750    
      186486  0.3550777    
      186487  0.3470954    
      186488  0.3391293    
      186489  0.3311810    
      186490  0.3232523    
      186491  0.3153450    
      186492  0.3074612    
      186493  0.2996031    
      186494  0.2917733    
      186495  0.2839742    
      186496  0.2762085    
      186497  0.2684786    
      186498  0.2607875    
      186499  0.2531381    
      186500  0.2455334    
      186501  0.2379763    
      186502  0.2304696    
      186503  0.2230157    
      186504  0.2156167    
      186505  0.2082746    
      186506  0.2009917    
      186507  0.1937711    
      186508  0.1866168    
      186509  0.1795342    
      186510  0.1725301    
      186511  0.1656125    
      186512  0.1587883    
      186513  0.1520608    
      186514  0.1454247    
      186515  0.1388565    
      186516  0.1323031    
      186517  0.1256783    
      186518  0.1188718    
      186519  0.1117964    
      186520  0.1044396    
      186521  9.6858628E-02
      186522  8.9129739E-02
      186523  8.1305534E-02
      186524  7.3412657E-02
      186525  6.5466814E-02
      186526  5.7480577E-02
      186527  4.9470611E-02
      186528  4.1467428E-02
      186529  3.3533163E-02
      186530  2.5806900E-02
      186531  1.8619612E-02
      186532  1.2769752E-02
      186533  1.0097777E-02
      186534  1.2805142E-02
      186535  1.8706750E-02
      186536  2.5968064E-02
      186537  3.3794664E-02
      186538  4.1859586E-02
      186539  5.0028674E-02
      186540  5.8246054E-02
      186541  6.6487640E-02
      186542  7.4742526E-02
      186543  8.3005413E-02
      186544  9.1273531E-02
      186545  9.9545263E-02
      186546  0.1078196    
      186547  0.1160958    
      186548  0.1243735    
      186549  0.1326523    
      186550  0.1409318    
      186551  0.1492120    
      186552  0.1574925    
      186553  0.1657732    
      186554  0.1740542    
      186555  0.1823352    
      186556  0.1906163    
      186557  0.1988974    
      186558  0.2071785    
      186559  0.2154596    
      186560  0.2237406    
      186561  0.2320214    
      186562  0.2403021    
      186563  0.2485826    
      186564  0.2568628    
      186565  0.2651425    
      186566  0.2734216    
      186567  0.2816999    
      186568  0.2899768    
      186569  0.2982519    
      186570  0.3065242    
      186571  0.3147925    
      186572  0.3230546    
      186573  0.3313078    
      186574  0.3395476    
      186575  0.3477677    
      186576  0.3559590    
      186577  0.3641088    
      186578  0.3722009    
      186579  0.3802167    
      186580  0.3881291    
      186581  0.3958906    
      186582  0.4034377    
      186583  0.4107039    
      186584  0.4176558    
      186585  0.4243197    
      186586  0.4307698    
      186587  0.4370840    
      186588  0.4433210    
      186589  0.4495184    
      186590  0.4556959    
      186591  0.4618642    
      186592  0.4680305    
      186593  0.4742005    
      186594  0.4803812    
      186595  0.4865809    
      186596  0.4928111    
      186597  0.4990858    
      186598  0.5054193    
      186599  0.5118235    
      186600  0.5183069    
      186601  0.5248733    
      186602  0.5315230    
      186603  0.5382563    
      186604  0.5450726    
      186605  0.5519701    
      186606  0.5589466    
      186607  0.5659986    
      186608  0.5731233    
      186609  0.5803189    
      186610  0.5875826    
      186611  0.5949116    
      186612  0.6023011    
      186613  0.6097434    
      186614  0.6172301    
      186615  0.6247559    
      186616  0.6323184    
      186617  0.6399170    
      186618  0.6475525    
      186619  0.6552260    
      186620  0.6629379    
      186621  0.6706873    
      186622  0.6784728    
      186623  0.6862917    
      186624  0.6941417    
      186625  0.7020202    
      186626  0.7099244    
      186627  0.7178521    
      186628  0.7258009    
      186629  0.7337689    
      186630  0.7417546    
      186631  0.7497561    
      186632  0.7577720    
      186633  0.7658011    
      186634  0.7738422    
      186635  0.7818942    
      186636  0.7899561    
      186637  0.7980272    
      186638  0.8061065    
      186639  0.8141935    
      186640  0.8222876    
      186641  0.8303878    
      186642  0.8384941    
      186643  0.8466057    
      186644  0.8547224    
      186645  0.8628435    
      186646  0.8709689    
      186647  0.8790982    
      186648  0.8872312    
      186649  0.8953674    
      186650  0.9035068    
      186651  0.9116489    
      186652  0.9197936    
      186653  0.9279407    
      186654  0.9360902    
      186655  0.9442416    
      186656  0.9523950    
      186657  0.9605500    
      186658  0.9687066    
      186659  0.9768647    
      186660  0.9850241    
      186661  0.9931848    
      186662   1.001347    
      186663   1.009510    
      186664   1.017673    
      186665   1.025838    
      186666   1.034003    
      186667   1.042170    
      186668   1.050336    
      186669   1.058504    
      186670   1.066671    
      186671   1.074840    
      186672   1.083008    
      186673   1.091177    
      186674   1.099347    
      186675   1.107516    
      186676   1.115686    
      186677   1.123856    
      186678   1.132025    
      186679   1.140195    
      186680   1.148365    
      186681   1.156535    
      186682   1.164704    
      186683   1.172874    
      186684   1.181043    
      186685   1.189213    
      186686   1.197382    
      186687   1.205550    
      186688   1.213719    
      186689   1.221887    
      186690   1.230055    
      186691   1.238223    
      186692   1.246390    
      186693   1.254556    
      186694   1.262722    
      186695   1.270888    
      186696   1.279053    
      186697   1.287217    
      186698   1.295381    
      186699   1.303544    
      186700   1.311707    
      186701   1.319868    
