      212620   2.128299    
      212621   2.120233    
      212622   2.112166    
      212623   2.104100    
      212624   2.096036    
      212625   2.087972    
      212626   2.079911    
      212627   2.071851    
      212628   2.063795    
      212629   2.055741    
      212630   2.047691    
      212631   2.039645    
      212632   2.031604    
      212633   2.023566    
      212634   2.015534    
      212635   2.007508    
      212636   1.999488    
      212637   1.991474    
      212638   1.983467    
      212639   1.975467    
      212640   1.967475    
      212641   1.959492    
      212642   1.951518    
      212643   1.943554    
      212644   1.935601    
      212645   1.927659    
      212646   1.919729    
      212647   1.911813    
      212648   1.903912    
      212649   1.896026    
      212650   1.888158    
      212651   1.880308    
      212652   1.872479    
      212653   1.864672    
      212654   1.856889    
      212655   1.849133    
      212656   1.841407    
      212657   1.833713    
      212658   1.826055    
      212659   1.818437    
      212660   1.810864    
      212661   1.803341    
      212662   1.795875    
      212663   1.788471    
      212664   1.781133    
      212665   1.773862    
      212666   1.766657    
      212667   1.759512    
      212668   1.752420    
      212669   1.745362    
      212670   1.738304    
      212671   1.731183    
      212672   1.723911    
      212673   1.716405    
      212674   1.708674    
      212675   1.700799    
      212676   1.692849    
      212677   1.684861    
      212678   1.676856    
      212679   1.668843    
      212680   1.660826    
      212681   1.652810    
      212682   1.644796    
      212683   1.636784    
      212684   1.628775    
      212685   1.620772    
      212686   1.612773    
      212687   1.604782    
      212688   1.596798    
      212689   1.588824    
      212690   1.580860    
      212691   1.572908    
      212692   1.564970    
      212693   1.557046    
      212694   1.549140    
      212695   1.541252    
      212696   1.533384    
      212697   1.525540    
      212698   1.517720    
      212699   1.509928    
      212700   1.502168    
      212701   1.494443    
      212702   1.486756    
      212703   1.479115    
      212704   1.471524    
      212705   1.463992    
      212706   1.456528    
      212707   1.449140    
      212708   1.441834    
      212709   1.434614    
      212710   1.427483    
      212711   1.420446    
      212712   1.413510    
      212713   1.406679    
      212714   1.399957    
      212715   1.393345    
      212716   1.386844    
      212717   1.380448    
      212718   1.374152    
      212719   1.367952    
      212720   1.361840    
      212721   1.355808    
      212722   1.349848    
      212723   1.343951    
      212724   1.338106    
      212725   1.332295    
      212726   1.326474    
      212727   1.320557    
      212728   1.314399    
      212729   1.307832    
      212730   1.300822    
      212731   1.293495    
      212732   1.285988    
      212733   1.278385    
      212734   1.270733    
      212735   1.263055    
      212736   1.255367    
      212737   1.247677    
      212738   1.239991    
      212739   1.232315    
      212740   1.224653    
      212741   1.217008    
      212742   1.209383    
      212743   1.201783    
      212744   1.194209    
      212745   1.186666    
      212746   1.179156    
      212747   1.171684    
      212748   1.164255    
      212749   1.156874    
      212750   1.149546    
      212751   1.142273    
      212752   1.135058    
      212753   1.127902    
      212754   1.120808    
      212755   1.113779    
      212756   1.106818    
      212757   1.099929    
      212758   1.093117    
      212759   1.086384    
      212760   1.079735    
      212761   1.073171    
      212762   1.066695    
      212763   1.060306    
      212764   1.054004    
      212765   1.047786    
      212766   1.041641    
      212767   1.035537    
      212768   1.029404    
      212769   1.023112    
      212770   1.016450    
      212771   1.009236    
      212772   1.001562    
      212773  0.9936299    
      212774  0.9855744    
      212775  0.9774635    
      212776  0.9693290    
      212777  0.9611849    
      212778  0.9530375    
      212779  0.9448891    
      212780  0.9367411    
      212781  0.9285939    
      212782  0.9204479    
      212783  0.9123034    
      212784  0.9041605    
      212785  0.8960195    
      212786  0.8878805    
      212787  0.8797439    
      212788  0.8716101    
      212789  0.8634791    
      212790  0.8553513    
      212791  0.8472272    
      212792  0.8391070    
      212793  0.8309912    
      212794  0.8228801    
      212795  0.8147742    
      212796  0.8066741    
      212797  0.7985803    
      212798  0.7904935    
      212799  0.7824141    
      212800  0.7743431    
      212801  0.7662812    
      212802  0.7582294    
      212803  0.7501886    
      212804  0.7421600    
      212805  0.7341447    
      212806  0.7261443    
      212807  0.7181600    
      212808  0.7101937    
      212809  0.7022471    
      212810  0.6943226    
      212811  0.6864221    
      212812  0.6785482    
      212813  0.6707036    
      212814  0.6628915    
      212815  0.6551147    
      212816  0.6473765    
      212817  0.6396803    
      212818  0.6320295    
      212819  0.6244277    
      212820  0.6168783    
      212821  0.6093843    
      212822  0.6019481    
      212823  0.5945715    
      212824  0.5872556    
      212825  0.5800025    
      212826  0.5728153    
      212827  0.5656978    
      212828  0.5586557    
      212829  0.5516971    
      212830  0.5448318    
      212831  0.5380712    
      212832  0.5314283    
      212833  0.5249162    
      212834  0.5185453    
      212835  0.5123206    
      212836  0.5062387    
      212837  0.5002900    
      212838  0.4944550    
      212839  0.4887060    
      212840  0.4830043    
      212841  0.4772927    
      212842  0.4714851    
      212843  0.4654609    
      212844  0.4590590    
      212845  0.4521431    
      212846  0.4447484    
      212847  0.4370254    
      212848  0.4291069    
      212849  0.4210720    
      212850  0.4129674    
      212851  0.4048179    
      212852  0.3966364    
      212853  0.3884299    
      212854  0.3802034    
      212855  0.3719611    
      212856  0.3637071    
      212857  0.3554448    
      212858  0.3471768    
      212859  0.3389050    
      212860  0.3306304    
      212861  0.3223541    
      212862  0.3140765    
      212863  0.3057981    
      212864  0.2975191    
      212865  0.2892397    
      212866  0.2809601    
      212867  0.2726802    
      212868  0.2644002    
      212869  0.2561201    
      212870  0.2478399    
      212871  0.2395598    
      212872  0.2312796    
      212873  0.2229994    
      212874  0.2147193    
      212875  0.2064393    
      212876  0.1981593    
      212877  0.1898794    
      212878  0.1815998    
      212879  0.1733203    
      212880  0.1650411    
      212881  0.1567622    
      212882  0.1484838    
      212883  0.1402059    
      212884  0.1319288    
      212885  0.1236527    
      212886  0.1153780    
      212887  0.1071051    
      212888  9.8834857E-02
      212889  9.0568237E-02
      212890  8.2306892E-02
      212891  7.4053340E-02
      212892  6.5811679E-02
      212893  5.7589047E-02
      212894  4.9398825E-02
      212895  4.1268233E-02
      212896  3.3256728E-02
      212897  2.5501221E-02
      212898  1.8326409E-02
      212899  1.2508431E-02
      212900  9.8272022E-03
      212901  1.2386212E-02
      212902  1.8026125E-02
      212903  2.4945818E-02
      212904  3.2362849E-02
      212905  3.9956335E-02
      212906  4.7595963E-02
      212907  5.5223107E-02
      212908  6.2795386E-02
      212909  7.0255384E-02
      212910  7.7542178E-02
      212911  8.4622346E-02
      212912  9.1504842E-02
      212913  9.8225124E-02
      212914  0.1048297    
      212915  0.1113620    
      212916  0.1178595    
      212917  0.1243523    
      212918  0.1308648    
      212919  0.1374154    
      212920  0.1440179    
      212921  0.1506826    
      212922  0.1574158    
      212923  0.1642199    
      212924  0.1710953    
      212925  0.1780409    
      212926  0.1850528    
      212927  0.1921264    
      212928  0.1992576    
      212929  0.2064436    
      212930  0.2136829    
      212931  0.2209748    
      212932  0.2283190    
      212933  0.2357161    
      212934  0.2431653    
      212935  0.2506650    
      212936  0.2582130    
      212937  0.2658057    
      212938  0.2734407    
      212939  0.2811167    
      212940  0.2888324    
      212941  0.2965859    
      212942  0.3043751    
      212943  0.3121976    
      212944  0.3200507    
      212945  0.3279319    
      212946  0.3358384    
      212947  0.3437681    
      212948  0.3517187    
      212949  0.3596883    
      212950  0.3676752    
      212951  0.3756779    
      212952  0.3836949    
      212953  0.3917250    
      212954  0.3997669    
      212955  0.4078196    
      212956  0.4158822    
      212957  0.4239539    
      212958  0.4320338    
      212959  0.4401212    
      212960  0.4482157    
      212961  0.4563164    
      212962  0.4644231    
      212963  0.4725351    
      212964  0.4806520    
      212965  0.4887736    
      212966  0.4968992    
      212967  0.5050288    
      212968  0.5131620    
      212969  0.5212985    
      212970  0.5294381    
      212971  0.5375804    
      212972  0.5457253    
      212973  0.5538726    
      212974  0.5620222    
      212975  0.5701737    
      212976  0.5783272    
      212977  0.5864823    
      212978  0.5946392    
      212979  0.6027975    
      212980  0.6109571    
      212981  0.6191180    
      212982  0.6272800    
      212983  0.6354431    
      212984  0.6436070    
      212985  0.6517719    
      212986  0.6599375    
      212987  0.6681039    
      212988  0.6762708    
      212989  0.6844383    
      212990  0.6926063    
      212991  0.7007747    
      212992  0.7089434    
      212993  0.7171125    
      212994  0.7252818    
      212995  0.7334514    
      212996  0.7416211    
      212997  0.7497909    
      212998  0.7579608    
      212999  0.7661308    
      213000  0.7743007    
      213001  0.7824706    
      213002  0.7906405    
      213003  0.7988102    
      213004  0.8069798    
      213005  0.8151492    
      213006  0.8233184    
      213007  0.8314874    
      213008  0.8396560    
      213009  0.8478242    
      213010  0.8559921    
      213011  0.8641597    
      213012  0.8723269    
      213013  0.8804936    
      213014  0.8886598    
      213015  0.8968256    
      213016  0.9049907    
      213017  0.9131551    
      213018  0.9213190    
      213019  0.9294822    
      213020  0.9376448    
      213021  0.9458065    
