       29401  0.4308645    
       29402  0.4225855    
       29403  0.4143064    
       29404  0.4060271    
       29405  0.3977478    
       29406  0.3894683    
       29407  0.3811887    
       29408  0.3729090    
       29409  0.3646291    
       29410  0.3563492    
       29411  0.3480692    
       29412  0.3397891    
       29413  0.3315089    
       29414  0.3232286    
       29415  0.3149482    
       29416  0.3066677    
       29417  0.2983871    
       29418  0.2901065    
       29419  0.2818258    
       29420  0.2735450    
       29421  0.2652641    
       29422  0.2569832    
       29423  0.2487022    
       29424  0.2404211    
       29425  0.2321399    
       29426  0.2238588    
       29427  0.2155776    
       29428  0.2072963    
       29429  0.1990150    
       29430  0.1907337    
       29431  0.1824525    
       29432  0.1741712    
       29433  0.1658901    
       29434  0.1576092    
       29435  0.1493285    
       29436  0.1410481    
       29437  0.1327683    
       29438  0.1244893    
       29439  0.1162113    
       29440  0.1079347    
       29441  9.9659875E-02
       29442  9.1387466E-02
       29443  8.3118409E-02
       29444  7.4854165E-02
       29445  6.6597372E-02
       29446  5.8353044E-02
       29447  5.0131764E-02
       29448  4.1957177E-02
       29449  3.3884622E-02
       29450  2.6047930E-02
       29451  1.8774647E-02
       29452  1.2862684E-02
       29453  1.0157422E-02
       29454  1.2862682E-02
       29455  1.8774645E-02
       29456  2.6047925E-02
       29457  3.3884618E-02
       29458  4.1957177E-02
       29459  5.0131768E-02
       29460  5.8353044E-02
       29461  6.6597372E-02
       29462  7.4854173E-02
       29463  8.3118401E-02
       29464  9.1387458E-02
       29465  9.9659860E-02
       29466  0.1079347    
       29467  0.1162113    
       29468  0.1244893    
       29469  0.1327683    
       29470  0.1410480    
       29471  0.1493283    
       29472  0.1576089    
       29473  0.1658898    
       29474  0.1741708    
       29475  0.1824518    
       29476  0.1907327    
       29477  0.1990135    
       29478  0.2072942    
       29479  0.2155745    
       29480  0.2238547    
       29481  0.2321346    
       29482  0.2404143    
       29483  0.2486937    
       29484  0.2569729    
       29485  0.2652518    
       29486  0.2735304    
       29487  0.2818086    
       29488  0.2900863    
       29489  0.2983636    
       29490  0.3066404    
       29491  0.3149167    
       29492  0.3231926    
       29493  0.3314681    
       29494  0.3397431    
       29495  0.3480175    
       29496  0.3562908    
       29497  0.3645621    
       29498  0.3728292    
       29499  0.3810875    
       29500  0.3893272    
       29501  0.3975277    
       29502  0.4056485    
       29503  0.4136147    
       29504  0.4212992    
       29505  0.4285521    
       29506  0.4353817    
       29507  0.4419444    
       29508  0.4483808    
       29509  0.4547828    
       29510  0.4612006    
       29511  0.4676639    
       29512  0.4741874    
       29513  0.4807767    
       29514  0.4874339    
       29515  0.4941596    
       29516  0.5009542    
       29517  0.5078181    
       29518  0.5147517    
       29519  0.5217547    
       29520  0.5288265    
       29521  0.5359667    
       29522  0.5431767    
       29523  0.5504584    
       29524  0.5578113    
       29525  0.5652289    
       29526  0.5727027    
       29527  0.5802259    
       29528  0.5877932    
       29529  0.5954006    
       29530  0.6030443    
       29531  0.6107213    
       29532  0.6184288    
       29533  0.6261643    
       29534  0.6339253    
       29535  0.6417098    
       29536  0.6495160    
       29537  0.6573422    
       29538  0.6651868    
       29539  0.6730484    
       29540  0.6809257    
       29541  0.6888176    
       29542  0.6967229    
       29543  0.7046406    
       29544  0.7125700    
       29545  0.7205100    
       29546  0.7284601    
       29547  0.7364195    
       29548  0.7443876    
       29549  0.7523638    
       29550  0.7603475    
       29551  0.7683381    
       29552  0.7763351    
       29553  0.7843378    
       29554  0.7923455    
       29555  0.8003579    
       29556  0.8083739    
       29557  0.8163929    
       29558  0.8244141    
       29559  0.8324368    
       29560  0.8404603    
       29561  0.8484838    
       29562  0.8565065    
       29563  0.8645271    
       29564  0.8725438    
       29565  0.8805534    
       29566  0.8885489    
       29567  0.8965162    
       29568  0.9044261    
       29569  0.9122217    
       29570  0.9198101    
       29571  0.9271110    
       29572  0.9341606    
       29573  0.9410756    
       29574  0.9479545    
       29575  0.9548562    
       29576  0.9618130    
       29577  0.9688402    
       29578  0.9759444    
       29579  0.9831287    
       29580  0.9903955    
       29581  0.9977443    
       29582   1.005167    
       29583   1.012652    
       29584   1.020190    
       29585   1.027774    
       29586   1.035400    
       29587   1.043064    
       29588   1.050763    
       29589   1.058493    
       29590   1.066251    
       29591   1.074035    
       29592   1.081842    
       29593   1.089670    
       29594   1.097517    
       29595   1.105379    
       29596   1.113254    
       29597   1.121139    
       29598   1.129031    
       29599   1.136926    
       29600   1.144819    
       29601   1.152707    
       29602   1.160583    
       29603   1.168437    
       29604   1.176252    
       29605   1.183996    
       29606   1.191605    
       29607   1.198976    
       29608   1.205990    
       29609   1.212623    
       29610   1.218993    
       29611   1.225232    
       29612   1.231425    
       29613   1.237625    
       29614   1.243861    
       29615   1.250148    
       29616   1.256496    
       29617   1.262914    
       29618   1.269408    
       29619   1.275981    
       29620   1.282636    
       29621   1.289373    
       29622   1.296189    
       29623   1.303081    
       29624   1.310045    
       29625   1.317080    
       29626   1.324184    
       29627   1.331356    
       29628   1.338598    
       29629   1.345911    
       29630   1.353295    
       29631   1.360743    
       29632   1.368245    
       29633   1.375797    
       29634   1.383393    
       29635   1.391030    
       29636   1.398705    
       29637   1.406415    
       29638   1.414158    
       29639   1.421931    
       29640   1.429731    
       29641   1.437557    
       29642   1.445406    
       29643   1.453275    
       29644   1.461165    
       29645   1.469071    
       29646   1.476995    
       29647   1.484933    
       29648   1.492884    
       29649   1.500849    
       29650   1.508825    
       29651   1.516812    
       29652   1.524808    
       29653   1.532814    
       29654   1.540828    
       29655   1.548850    
       29656   1.556879    
       29657   1.564915    
       29658   1.572956    
       29659   1.581003    
       29660   1.589055    
       29661   1.597111    
       29662   1.605172    
       29663   1.613236    
       29664   1.621305    
       29665   1.629376    
       29666   1.637450    
       29667   1.645526    
       29668   1.653604    
       29669   1.661685    
       29670   1.669766    
       29671   1.677849    
       29672   1.685932    
       29673   1.694015    
       29674   1.702098    
       29675   1.710179    
       29676   1.718258    
       29677   1.726332    
       29678   1.734398    
       29679   1.742453    
       29680   1.750488    
       29681   1.758491    
       29682   1.766449    
       29683   1.774352    
       29684   1.782209    
       29685   1.790033    
       29686   1.797840    
       29687   1.805641    
       29688   1.813443    
       29689   1.821250    
       29690   1.829066    
       29691   1.836892    
       29692   1.844730    
       29693   1.852579    
       29694   1.860440    
       29695   1.868311    
       29696   1.876193    
       29697   1.884085    
       29698   1.891985    
       29699   1.899892    
       29700   1.907806    
       29701   1.915721    
       29702   1.923635    
       29703   1.931537    
       29704   1.939413    
       29705   1.947237    
       29706   1.954970    
       29707   1.962571    
       29708   1.970011    
       29709   1.977263    
       29710   1.984270    
       29711   1.990947    
       29712   1.997206    
       29713   2.003038    
       29714   2.008539    
       29715   2.013839    
       29716   2.019058    
       29717   2.024289    
       29718   2.029598    
       29719   2.035026    
       29720   2.040589    
       29721   2.046298    
       29722   2.052153    
       29723   2.058148    
       29724   2.064273    
       29725   2.070518    
       29726   2.076875    
       29727   2.083338    
       29728   2.089899    
       29729   2.096549    
       29730   2.103282    
       29731   2.110093    
       29732   2.116966    
       29733   2.123873    
