      166618   2.146695    
      166619   2.138634    
      166620   2.130575    
      166621   2.122519    
      166622   2.114466    
      166623   2.106416    
      166624   2.098369    
      166625   2.090325    
      166626   2.082285    
      166627   2.074249    
      166628   2.066217    
      166629   2.058190    
      166630   2.050167    
      166631   2.042149    
      166632   2.034136    
      166633   2.026129    
      166634   2.018127    
      166635   2.010132    
      166636   2.002144    
      166637   1.994163    
      166638   1.986189    
      166639   1.978224    
      166640   1.970267    
      166641   1.962319    
      166642   1.954382    
      166643   1.946455    
      166644   1.938540    
      166645   1.930636    
      166646   1.922746    
      166647   1.914870    
      166648   1.907009    
      166649   1.899165    
      166650   1.891339    
      166651   1.883532    
      166652   1.875745    
      166653   1.867981    
      166654   1.860241    
      166655   1.852526    
      166656   1.844840    
      166657   1.837183    
      166658   1.829559    
      166659   1.821968    
      166660   1.814414    
      166661   1.806897    
      166662   1.799421    
      166663   1.791988    
      166664   1.784601    
      166665   1.777263    
      166666   1.769975    
      166667   1.762735    
      166668   1.755544    
      166669   1.748399    
      166670   1.741301    
      166671   1.734249    
      166672   1.727243    
      166673   1.720283    
      166674   1.713371    
      166675   1.706508    
      166676   1.699696    
      166677   1.692937    
      166678   1.686235    
      166679   1.679589    
      166680   1.673002    
      166681   1.666471    
      166682   1.659993    
      166683   1.653565    
      166684   1.647179    
      166685   1.640826    
      166686   1.634496    
      166687   1.628163    
      166688   1.621776    
      166689   1.615250    
      166690   1.608453    
      166691   1.601250    
      166692   1.593661    
      166693   1.585830    
      166694   1.577876    
      166695   1.569863    
      166696   1.561822    
      166697   1.553768    
      166698   1.545707    
      166699   1.537643    
      166700   1.529578    
      166701   1.521512    
      166702   1.513445    
      166703   1.505380    
      166704   1.497315    
      166705   1.489251    
      166706   1.481190    
      166707   1.473131    
      166708   1.465074    
      166709   1.457021    
      166710   1.448971    
      166711   1.440924    
      166712   1.432883    
      166713   1.424845    
      166714   1.416813    
      166715   1.408787    
      166716   1.400767    
      166717   1.392753    
      166718   1.384745    
      166719   1.376746    
      166720   1.368754    
      166721   1.360771    
      166722   1.352797    
      166723   1.344833    
      166724   1.336880    
      166725   1.328938    
      166726   1.321009    
      166727   1.313093    
      166728   1.305191    
      166729   1.297306    
      166730   1.289437    
      166731   1.281588    
      166732   1.273758    
      166733   1.265951    
      166734   1.258169    
      166735   1.250413    
      166736   1.242687    
      166737   1.234993    
      166738   1.227335    
      166739   1.219717    
      166740   1.212143    
      166741   1.204620    
      166742   1.197154    
      166743   1.189750    
      166744   1.182413    
      166745   1.175141    
      166746   1.167935    
      166747   1.160790    
      166748   1.153698    
      166749   1.146640    
      166750   1.139582    
      166751   1.132462    
      166752   1.125190    
      166753   1.117684    
      166754   1.109953    
      166755   1.102079    
      166756   1.094129    
      166757   1.086141    
      166758   1.078135    
      166759   1.070122    
      166760   1.062106    
      166761   1.054090    
      166762   1.046075    
      166763   1.038063    
      166764   1.030055    
      166765   1.022051    
      166766   1.014053    
      166767   1.006061    
      166768  0.9980776    
      166769  0.9901030    
      166770  0.9821391    
      166771  0.9741873    
      166772  0.9662490    
      166773  0.9583257    
      166774  0.9504193    
      166775  0.9425313    
      166776  0.9346638    
      166777  0.9268191    
      166778  0.9189996    
      166779  0.9112080    
      166780  0.9034476    
      166781  0.8957220    
      166782  0.8880357    
      166783  0.8803939    
      166784  0.8728032    
      166785  0.8652711    
      166786  0.8578067    
      166787  0.8504184    
      166788  0.8431123    
      166789  0.8358920    
      166790  0.8287607    
      166791  0.8217238    
      166792  0.8147869    
      166793  0.8079551    
      166794  0.8012325    
      166795  0.7946209    
      166796  0.7881191    
      166797  0.7817225    
      166798  0.7754263    
      166799  0.7692259    
      166800  0.7631138    
      166801  0.7570813    
      166802  0.7511200    
      166803  0.7452219    
      166804  0.7393764    
      166805  0.7335639    
      166806  0.7277416    
      166807  0.7218218    
      166808  0.7156603    
      166809  0.7090883    
      166810  0.7020723    
      166811  0.6947408    
      166812  0.6872299    
      166813  0.6796240    
      166814  0.6719686    
      166815  0.6642882    
      166816  0.6565970    
      166817  0.6489041    
      166818  0.6412157    
      166819  0.6335367    
      166820  0.6258711    
      166821  0.6182227    
      166822  0.6105947    
      166823  0.6029903    
      166824  0.5954125    
      166825  0.5878645    
      166826  0.5803499    
      166827  0.5728728    
      166828  0.5654377    
      166829  0.5580494    
      166830  0.5507128    
      166831  0.5434309    
      166832  0.5362055    
      166833  0.5290369    
      166834  0.5219235    
      166835  0.5148593    
      166836  0.5078307    
      166837  0.5008132    
      166838  0.4937600    
      166839  0.4865928    
      166840  0.4792045    
      166841  0.4715173    
      166842  0.4635786    
      166843  0.4554837    
      166844  0.4473014    
      166845  0.4390724    
      166846  0.4308189    
      166847  0.4225528    
      166848  0.4142802    
      166849  0.4060044    
      166850  0.3977270    
      166851  0.3894487    
      166852  0.3811699    
      166853  0.3728909    
      166854  0.3646119    
      166855  0.3563327    
      166856  0.3480535    
      166857  0.3397743    
      166858  0.3314950    
      166859  0.3232156    
      166860  0.3149361    
      166861  0.3066566    
      166862  0.2983769    
      166863  0.2900971    
      166864  0.2818173    
      166865  0.2735372    
      166866  0.2652570    
      166867  0.2569767    
      166868  0.2486962    
      166869  0.2404155    
      166870  0.2321348    
      166871  0.2238539    
      166872  0.2155730    
      166873  0.2072919    
      166874  0.1990108    
      166875  0.1907296    
      166876  0.1824485    
      166877  0.1741673    
      166878  0.1658862    
      166879  0.1576053    
      166880  0.1493247    
      166881  0.1410443    
      166882  0.1327646    
      166883  0.1244856    
      166884  0.1162076    
      166885  0.1079310    
      166886  9.9656187E-02
      166887  9.1383800E-02
      166888  8.3114758E-02
      166889  7.4850567E-02
      166890  6.6593826E-02
      166891  5.8349587E-02
      166892  5.0128430E-02
      166893  4.1954007E-02
      166894  3.3881679E-02
      166895  2.6045278E-02
      166896  1.8772336E-02
      166897  1.2860622E-02
      166898  1.0155095E-02
      166899  1.2858739E-02
      166900  1.8767575E-02
      166901  2.6035953E-02
      166902  3.3865258E-02
      166903  4.1926771E-02
      166904  5.0084874E-02
      166905  5.8281660E-02
      166906  6.6490263E-02
      166907  7.4696317E-02
      166908  8.2890250E-02
      166909  9.1064073E-02
      166910  9.9210292E-02
      166911  0.1073218    
      166912  0.1153904    
      166913  0.1234035    
      166914  0.1313445    
      166915  0.1391872    
      166916  0.1468855    
      166917  0.1543619    
      166918  0.1615286    
      166919  0.1683399    
      166920  0.1748473    
      166921  0.1811774    
      166922  0.1874475    
      166923  0.1937349    
      166924  0.2000808    
      166925  0.2065026    
      166926  0.2130060    
      166927  0.2195911    
      166928  0.2262560    
      166929  0.2329985    
      166930  0.2398171    
      166931  0.2467077    
      166932  0.2536664    
      166933  0.2606924    
      166934  0.2677868    
      166935  0.2749516    
      166936  0.2821899    
      166937  0.2895055    
      166938  0.2969021    
      166939  0.3043782    
      166940  0.3119268    
      166941  0.3195388    
      166942  0.3272073    
      166943  0.3349270    
      166944  0.3426933    
      166945  0.3505015    
      166946  0.3583474    
      166947  0.3662266    
      166948  0.3741355    
      166949  0.3820708    
      166950  0.3900295    
      166951  0.3980091    
      166952  0.4060073    
      166953  0.4140224    
      166954  0.4220526    
      166955  0.4300964    
      166956  0.4381524    
      166957  0.4462195    
      166958  0.4542966    
      166959  0.4623827    
      166960  0.4704770    
      166961  0.4785787    
      166962  0.4866871    
      166963  0.4948016    
      166964  0.5029213    
      166965  0.5110458    
      166966  0.5191743    
      166967  0.5273059    
      166968  0.5354397    
      166969  0.5435746    
      166970  0.5517087    
      166971  0.5598398    
      166972  0.5679650    
      166973  0.5760794    
      166974  0.5841761    
      166975  0.5922450    
      166976  0.6002716    
      166977  0.6082346    
      166978  0.6161059    
      166979  0.6238517    
      166980  0.6314313    
      166981  0.6387988    
      166982  0.6459144    
      166983  0.6527633    
      166984  0.6593702    
      166985  0.6657963    
      166986  0.6721075    
      166987  0.6783539    
      166988  0.6845663    
      166989  0.6907607    
      166990  0.6969452    
      166991  0.7031243    
      166992  0.7093015    
      166993  0.7154806    
      166994  0.7216669    
      166995  0.7278682    
      166996  0.7340955    
      166997  0.7403625    
      166998  0.7466831    
      166999  0.7530679    
      167000  0.7595247    
      167001  0.7660599    
      167002  0.7726769    
      167003  0.7793772    
      167004  0.7861596    
      167005  0.7930228    
      167006  0.7999638    
      167007  0.8069784    
      167008  0.8140628    
      167009  0.8212150    
      167010  0.8284347    
      167011  0.8357222    
      167012  0.8430789    
      167013  0.8505050    
      167014  0.8579987    
      167015  0.8655556    
      167016  0.8731700    
      167017  0.8808367    
      167018  0.8885522    
      167019  0.8963132    
      167020  0.9041163    
      167021  0.9119582    
      167022  0.9198350    
      167023  0.9277432    
      167024  0.9356794    
      167025  0.9436406    
      167026  0.9516240    
      167027  0.9596274    
      167028  0.9676485    
      167029  0.9756854    
      167030  0.9837364    
      167031  0.9918004    
      167032  0.9998758    
      167033   1.007962    
      167034   1.016057    
      167035   1.024160    
      167036   1.032272    
      167037   1.040390    
      167038   1.048514    
      167039   1.056645    
      167040   1.064781    
      167041   1.072922    
      167042   1.081067    
      167043   1.089216    
      167044   1.097369    
      167045   1.105525    
      167046   1.113684    
      167047   1.121846    
      167048   1.130011    
      167049   1.138179    
      167050   1.146348    
      167051   1.154520    
      167052   1.162693    
      167053   1.170869    
      167054   1.179045    
      167055   1.187224    
      167056   1.195403    
      167057   1.203584    
      167058   1.211766    
      167059   1.219949    
      167060   1.228132    
      167061   1.236317    
      167062   1.244502    
      167063   1.252688    
      167064   1.260875    
      167065   1.269062    
      167066   1.277249    
      167067   1.285438    
      167068   1.293626    
      167069   1.301815    
      167070   1.310004    
      167071   1.318194    
      167072   1.326383    
      167073   1.334574    
      167074   1.342764    
      167075   1.350954    
      167076   1.359144    
      167077   1.367335    
      167078   1.375526    
      167079   1.383717    
      167080   1.391908    
      167081   1.400099    
      167082   1.408290    
      167083   1.416481    
      167084   1.424672    
      167085   1.432863    
      167086   1.441054    
      167087   1.449246    
      167088   1.457437    
      167089   1.465628    
      167090   1.473819    
      167091   1.482011    
      167092   1.490202    
      167093   1.498393    
      167094   1.506584    
      167095   1.514776    
      167096   1.522967    
      167097   1.531158    
      167098   1.539350    
      167099   1.547541    
      167100   1.555732    
      167101   1.563924    
