        7001  9.9659875E-02
        7002  9.1387466E-02
        7003  8.3118409E-02
        7004  7.4854165E-02
        7005  6.6597372E-02
        7006  5.8353044E-02
        7007  5.0131764E-02
        7008  4.1957177E-02
        7009  3.3884622E-02
        7010  2.6047930E-02
        7011  1.8774647E-02
        7012  1.2862684E-02
        7013  1.0157422E-02
        7014  1.2862682E-02
        7015  1.8774645E-02
        7016  2.6047925E-02
        7017  3.3884618E-02
        7018  4.1957177E-02
        7019  5.0131768E-02
        7020  5.8353044E-02
        7021  6.6597372E-02
        7022  7.4854173E-02
        7023  8.3118409E-02
        7024  9.1387480E-02
        7025  9.9659875E-02
        7026  0.1079347    
        7027  0.1162113    
        7028  0.1244893    
        7029  0.1327684    
        7030  0.1410481    
        7031  0.1493285    
        7032  0.1576092    
        7033  0.1658901    
        7034  0.1741712    
        7035  0.1824525    
        7036  0.1907337    
        7037  0.1990150    
        7038  0.2072963    
        7039  0.2155775    
        7040  0.2238588    
        7041  0.2321400    
        7042  0.2404211    
        7043  0.2487021    
        7044  0.2569832    
        7045  0.2652641    
        7046  0.2735450    
        7047  0.2818258    
        7048  0.2901065    
        7049  0.2983871    
        7050  0.3066677    
        7051  0.3149481    
        7052  0.3232285    
        7053  0.3315089    
        7054  0.3397891    
        7055  0.3480693    
        7056  0.3563493    
        7057  0.3646292    
        7058  0.3729090    
        7059  0.3811887    
        7060  0.3894683    
        7061  0.3977478    
        7062  0.4060272    
        7063  0.4143064    
        7064  0.4225855    
        7065  0.4308645    
        7066  0.4391433    
        7067  0.4474220    
        7068  0.4557006    
        7069  0.4639790    
        7070  0.4722571    
        7071  0.4805352    
        7072  0.4888130    
        7073  0.4970907    
        7074  0.5053681    
        7075  0.5136452    
        7076  0.5219220    
        7077  0.5301983    
        7078  0.5384740    
        7079  0.5467484    
        7080  0.5550205    
        7081  0.5632897    
        7082  0.5715562    
        7083  0.5798202    
        7084  0.5880816    
        7085  0.5963405    
        7086  0.6045972    
        7087  0.6128514    
        7088  0.6211034    
        7089  0.6293529    
        7090  0.6375996    
        7091  0.6458431    
        7092  0.6540822    
        7093  0.6623142    
        7094  0.6705325    
        7095  0.6787224    
        7096  0.6868522    
        7097  0.6948557    
        7098  0.7026054    
        7099  0.7099109    
        7100  0.7166752    
        7101  0.7230474    
        7102  0.7292159    
        7103  0.7353027    
        7104  0.7413760    
        7105  0.7474747    
        7106  0.7536173    
        7107  0.7598136    
        7108  0.7660694    
        7109  0.7723882    
        7110  0.7787709    
        7111  0.7852193    
        7112  0.7917354    
        7113  0.7983202    
        7114  0.8049738    
        7115  0.8116962    
        7116  0.8184875    
        7117  0.8253480    
        7118  0.8322781    
        7119  0.8392777    
        7120  0.8463465    
        7121  0.8534839    
        7122  0.8606910    
        7123  0.8679698    
        7124  0.8753197    
        7125  0.8827350    
        7126  0.8902068    
        7127  0.8977282    
        7128  0.9052939    
        7129  0.9128999    
        7130  0.9205424    
        7131  0.9282184    
        7132  0.9359250    
        7133  0.9436595    
        7134  0.9514198    
        7135  0.9592037    
        7136  0.9670092    
        7137  0.9748348    
        7138  0.9826789    
        7139  0.9905400    
        7140  0.9984169    
        7141   1.006308    
        7142   1.014213    
        7143   1.022130    
        7144   1.030059    
        7145   1.037999    
        7146   1.045949    
        7147   1.053908    
        7148   1.061876    
        7149   1.069851    
        7150   1.077835    
        7151   1.085825    
        7152   1.093822    
        7153   1.101824    
        7154   1.109831    
        7155   1.117843    
        7156   1.125859    
        7157   1.133877    
        7158   1.141898    
        7159   1.149920    
        7160   1.157943    
        7161   1.165967    
        7162   1.173989    
        7163   1.182009    
        7164   1.190025    
        7165   1.198033    
        7166   1.206028    
        7167   1.213994    
        7168   1.221901    
        7169   1.229693    
        7170   1.237275    
        7171   1.244569    
        7172   1.251613    
        7173   1.258524    
        7174   1.265401    
        7175   1.272302    
        7176   1.279258    
        7177   1.286285    
        7178   1.293389    
        7179   1.300573    
        7180   1.307840    
        7181   1.315188    
        7182   1.322611    
        7183   1.330096    
        7184   1.337633    
        7185   1.345217    
        7186   1.352844    
        7187   1.360508    
        7188   1.368206    
        7189   1.375936    
        7190   1.383695    
        7191   1.391479    
        7192   1.399286    
        7193   1.407114    
        7194   1.414960    
        7195   1.422822    
        7196   1.430698    
        7197   1.438583    
        7198   1.446475    
        7199   1.454369    
        7200   1.462263    
        7201   1.470151    
        7202   1.478027    
        7203   1.485881    
        7204   1.493696    
        7205   1.501439    
        7206   1.509049    
        7207   1.516420    
        7208   1.523434    
        7209   1.530068    
        7210   1.536438    
        7211   1.542677    
        7212   1.548870    
        7213   1.555071    
        7214   1.561306    
        7215   1.567593    
        7216   1.573941    
        7217   1.580359    
        7218   1.586852    
        7219   1.593426    
        7220   1.600081    
        7221   1.606817    
        7222   1.613633    
        7223   1.620525    
        7224   1.627489    
        7225   1.634524    
        7226   1.641628    
        7227   1.648800    
        7228   1.656042    
        7229   1.663355    
        7230   1.670739    
        7231   1.678186    
        7232   1.685689    
        7233   1.693240    
        7234   1.700836    
        7235   1.708473    
        7236   1.716148    
        7237   1.723859    
        7238   1.731602    
        7239   1.739375    
        7240   1.747175    
        7241   1.755001    
        7242   1.762849    
        7243   1.770719    
        7244   1.778608    
        7245   1.786515    
        7246   1.794438    
        7247   1.802376    
        7248   1.810328    
        7249   1.818293    
        7250   1.826269    
        7251   1.834256    
        7252   1.842252    
        7253   1.850258    
        7254   1.858272    
        7255   1.866294    
        7256   1.874323    
        7257   1.882359    
        7258   1.890400    
        7259   1.898447    
        7260   1.906499    
        7261   1.914555    
        7262   1.922616    
        7263   1.930681    
        7264   1.938749    
        7265   1.946820    
        7266   1.954894    
        7267   1.962970    
        7268   1.971048    
        7269   1.979129    
        7270   1.987210    
        7271   1.995293    
        7272   2.003376    
        7273   2.011459    
        7274   2.019542    
        7275   2.027623    
        7276   2.035701    
        7277   2.043775    
        7278   2.051842    
        7279   2.059896    
        7280   2.067931    
        7281   2.075935    
        7282   2.083893    
        7283   2.091796    
        7284   2.099653    
        7285   2.107478    
        7286   2.115286    
        7287   2.123087    
        7288   2.130889    
        7289   2.138696    
        7290   2.146509    
        7291   2.154326    
        7292   2.162138    
        7293   2.169914    
