      236743   2.087075    
      236744   2.079738    
      236745   2.072467    
      236746   2.065261    
      236747   2.058116    
      236748   2.051024    
      236749   2.043966    
      236750   2.036908    
      236751   2.029788    
      236752   2.022515    
      236753   2.015009    
      236754   2.007278    
      236755   1.999404    
      236756   1.991453    
      236757   1.983466    
      236758   1.975460    
      236759   1.967447    
      236760   1.959431    
      236761   1.951414    
      236762   1.943400    
      236763   1.935388    
      236764   1.927379    
      236765   1.919376    
      236766   1.911378    
      236767   1.903386    
      236768   1.895402    
      236769   1.887427    
      236770   1.879464    
      236771   1.871512    
      236772   1.863573    
      236773   1.855650    
      236774   1.847744    
      236775   1.839856    
      236776   1.831988    
      236777   1.824143    
      236778   1.816324    
      236779   1.808532    
      236780   1.800772    
      236781   1.793046    
      236782   1.785360    
      236783   1.777719    
      236784   1.770128    
      236785   1.762596    
      236786   1.755132    
      236787   1.747744    
      236788   1.740438    
      236789   1.733218    
      236790   1.726087    
      236791   1.719051    
      236792   1.712114    
      236793   1.705283    
      236794   1.698561    
      236795   1.691950    
      236796   1.685449    
      236797   1.679052    
      236798   1.672757    
      236799   1.666557    
      236800   1.660445    
      236801   1.654414    
      236802   1.648453    
      236803   1.642556    
      236804   1.636711    
      236805   1.630900    
      236806   1.625079    
      236807   1.619162    
      236808   1.613004    
      236809   1.606437    
      236810   1.599426    
      236811   1.592099    
      236812   1.584591    
      236813   1.576989    
      236814   1.569336    
      236815   1.561659    
      236816   1.553970    
      236817   1.546280    
      236818   1.538595    
      236819   1.530919    
      236820   1.523256    
      236821   1.515611    
      236822   1.507987    
      236823   1.500386    
      236824   1.492813    
      236825   1.485269    
      236826   1.477760    
      236827   1.470288    
      236828   1.462859    
      236829   1.455478    
      236830   1.448150    
      236831   1.440877    
      236832   1.433663    
      236833   1.426507    
      236834   1.419413    
      236835   1.412384    
      236836   1.405424    
      236837   1.398535    
      236838   1.391723    
      236839   1.384990    
      236840   1.378341    
      236841   1.371778    
      236842   1.365302    
      236843   1.358912    
      236844   1.352608    
      236845   1.346385    
      236846   1.340225    
      236847   1.334083    
      236848   1.327873    
      236849   1.321434    
      236850   1.314548    
      236851   1.307121    
      236852   1.299314    
      236853   1.291307    
      236854   1.283207    
      236855   1.275066    
      236856   1.266907    
      236857   1.258742    
      236858   1.250574    
      236859   1.242406    
      236860   1.234239    
      236861   1.226072    
      236862   1.217907    
      236863   1.209742    
      236864   1.201580    
      236865   1.193419    
      236866   1.185260    
      236867   1.177103    
      236868   1.168948    
      236869   1.160796    
      236870   1.152647    
      236871   1.144500    
      236872   1.136357    
      236873   1.128218    
      236874   1.120083    
      236875   1.111952    
      236876   1.103827    
      236877   1.095706    
      236878   1.087592    
      236879   1.079484    
      236880   1.071384    
      236881   1.063291    
      236882   1.055207    
      236883   1.047134    
      236884   1.039070    
      236885   1.031019    
      236886   1.022982    
      236887   1.014959    
      236888   1.006952    
      236889  0.9989647    
      236890  0.9909979    
      236891  0.9830544    
      236892  0.9751371    
      236893  0.9672493    
      236894  0.9593945    
      236895  0.9515767    
      236896  0.9437999    
      236897  0.9360682    
      236898  0.9283856    
      236899  0.9207557    
      236900  0.9131816    
      236901  0.9056655    
      236902  0.8982091    
      236903  0.8908136    
      236904  0.8834797    
      236905  0.8762091    
      236906  0.8690044    
      236907  0.8618694    
      236908  0.8548096    
      236909  0.8478326    
      236910  0.8409480    
      236911  0.8341674    
      236912  0.8275033    
      236913  0.8209686    
      236914  0.8145734    
      236915  0.8083226    
      236916  0.8022114    
      236917  0.7962289    
      236918  0.7903556    
      236919  0.7845637    
      236920  0.7788169    
      236921  0.7730666    
      236922  0.7672469    
      236923  0.7612667    
      236924  0.7550111    
      236925  0.7483665    
      236926  0.7413000    
      236927  0.7338767    
      236928  0.7262013    
      236929  0.7183621    
      236930  0.7104169    
      236931  0.7024000    
      236932  0.6943319    
      236933  0.6862258    
      236934  0.6780908    
      236935  0.6699342    
      236936  0.6617621    
      236937  0.6535796    
      236938  0.6453905    
      236939  0.6371971    
      236940  0.6290013    
      236941  0.6208044    
      236942  0.6126072    
      236943  0.6044104    
      236944  0.5962145    
      236945  0.5880200    
      236946  0.5798272    
      236947  0.5716366    
      236948  0.5634483    
      236949  0.5552627    
      236950  0.5470803    
      236951  0.5389013    
      236952  0.5307263    
      236953  0.5225557    
      236954  0.5143901    
      236955  0.5062301    
      236956  0.4980764    
      236957  0.4899297    
      236958  0.4817912    
      236959  0.4736618    
      236960  0.4655430    
      236961  0.4574361    
      236962  0.4493430    
      236963  0.4412659    
      236964  0.4332074    
      236965  0.4251704    
      236966  0.4171590    
      236967  0.4091776    
      236968  0.4012320    
      236969  0.3933292    
      236970  0.3854782    
      236971  0.3776897    
      236972  0.3699767    
      236973  0.3623535    
      236974  0.3548354    
      236975  0.3474369    
      236976  0.3401701    
      236977  0.3330443    
      236978  0.3260663    
      236979  0.3192379    
      236980  0.3125551    
      236981  0.3060095    
      236982  0.2995884    
      236983  0.2932757    
      236984  0.2870533    
      236985  0.2809036    
      236986  0.2748126    
      236987  0.2687701    
      236988  0.2627695    
      236989  0.2568085    
      236990  0.2508867    
      236991  0.2450046    
      236992  0.2391626    
      236993  0.2333577    
      236994  0.2275767    
      236995  0.2217802    
      236996  0.2158833    
      236997  0.2097428    
      236998  0.2031728    
      236999  0.1960913    
      237000  0.1885977    
      237001  0.1808443    
      237002  0.1729413    
      237003  0.1649457    
      237004  0.1568867    
      237005  0.1487806    
      237006  0.1406380    
      237007  0.1324662    
      237008  0.1242712    
      237009  0.1160571    
      237010  0.1078280    
      237011  9.9587366E-02
      237012  9.1338828E-02
      237013  8.3086021E-02
      237014  7.4832708E-02
      237015  6.6583231E-02
      237016  5.8343790E-02
      237017  5.0125752E-02
      237018  4.1953310E-02
      237019  3.3882175E-02
      237020  2.6046429E-02
      237021  1.8773772E-02
      237022  1.2862201E-02
      237023  1.0157137E-02
      237024  1.2862430E-02
      237025  1.8774360E-02
      237026  2.6047593E-02
      237027  3.3884246E-02
      237028  4.1956775E-02
      237029  5.0131340E-02
      237030  5.8352593E-02
      237031  6.6596903E-02
      237032  7.4853696E-02
      237033  8.3117932E-02
      237034  9.1386989E-02
      237035  9.9659391E-02
      237036  0.1079342    
      237037  0.1162108    
      237038  0.1244888    
      237039  0.1327678    
      237040  0.1410476    
      237041  0.1493279    
      237042  0.1576086    
      237043  0.1658896    
      237044  0.1741707    
      237045  0.1824519    
      237046  0.1907332    
      237047  0.1990145    
      237048  0.2072958    
      237049  0.2155771    
      237050  0.2238583    
      237051  0.2321395    
      237052  0.2404206    
      237053  0.2487016    
      237054  0.2569827    
      237055  0.2652636    
      237056  0.2735445    
      237057  0.2818252    
      237058  0.2901060    
      237059  0.2983866    
      237060  0.3066672    
      237061  0.3149477    
      237062  0.3232280    
      237063  0.3315083    
      237064  0.3397886    
      237065  0.3480687    
      237066  0.3563487    
      237067  0.3646287    
      237068  0.3729085    
      237069  0.3811882    
      237070  0.3894678    
      237071  0.3977473    
      237072  0.4060267    
      237073  0.4143059    
      237074  0.4225850    
      237075  0.4308640    
      237076  0.4391428    
      237077  0.4474215    
      237078  0.4557000    
      237079  0.4639785    
      237080  0.4722567    
      237081  0.4805347    
      237082  0.4888126    
      237083  0.4970904    
      237084  0.5053679    
      237085  0.5136453    
      237086  0.5219224    
      237087  0.5301992    
      237088  0.5384756    
      237089  0.5467510    
      237090  0.5550244    
      237091  0.5632952    
      237092  0.5715636    
      237093  0.5798297    
      237094  0.5880936    
      237095  0.5963556    
      237096  0.6046157    
      237097  0.6128740    
      237098  0.6211308    
      237099  0.6293858    
      237100  0.6376393    
      237101  0.6458913    
