       21001  0.3066677    
       21002  0.2983871    
       21003  0.2901065    
       21004  0.2818258    
       21005  0.2735450    
       21006  0.2652641    
       21007  0.2569832    
       21008  0.2487022    
       21009  0.2404211    
       21010  0.2321399    
       21011  0.2238588    
       21012  0.2155776    
       21013  0.2072963    
       21014  0.1990150    
       21015  0.1907337    
       21016  0.1824525    
       21017  0.1741712    
       21018  0.1658901    
       21019  0.1576092    
       21020  0.1493285    
       21021  0.1410481    
       21022  0.1327683    
       21023  0.1244893    
       21024  0.1162113    
       21025  0.1079347    
       21026  9.9659875E-02
       21027  9.1387466E-02
       21028  8.3118409E-02
       21029  7.4854165E-02
       21030  6.6597372E-02
       21031  5.8353044E-02
       21032  5.0131764E-02
       21033  4.1957177E-02
       21034  3.3884622E-02
       21035  2.6047930E-02
       21036  1.8774647E-02
       21037  1.2862684E-02
       21038  1.0157422E-02
       21039  1.2862682E-02
       21040  1.8774645E-02
       21041  2.6047925E-02
       21042  3.3884618E-02
       21043  4.1957177E-02
       21044  5.0131768E-02
       21045  5.8353044E-02
       21046  6.6597372E-02
       21047  7.4854173E-02
       21048  8.3118409E-02
       21049  9.1387480E-02
       21050  9.9659875E-02
       21051  0.1079347    
       21052  0.1162113    
       21053  0.1244893    
       21054  0.1327684    
       21055  0.1410481    
       21056  0.1493285    
       21057  0.1576092    
       21058  0.1658901    
       21059  0.1741712    
       21060  0.1824524    
       21061  0.1907337    
       21062  0.1990150    
       21063  0.2072963    
       21064  0.2155775    
       21065  0.2238587    
       21066  0.2321399    
       21067  0.2404210    
       21068  0.2487020    
       21069  0.2569830    
       21070  0.2652639    
       21071  0.2735447    
       21072  0.2818254    
       21073  0.2901061    
       21074  0.2983866    
       21075  0.3066669    
       21076  0.3149471    
       21077  0.3232270    
       21078  0.3315066    
       21079  0.3397860    
       21080  0.3480650    
       21081  0.3563438    
       21082  0.3646222    
       21083  0.3729004    
       21084  0.3811782    
       21085  0.3894557    
       21086  0.3977328    
       21087  0.4060094    
       21088  0.4142855    
       21089  0.4225610    
       21090  0.4308360    
       21091  0.4391102    
       21092  0.4473837    
       21093  0.4556561    
       21094  0.4639264    
       21095  0.4721929    
       21096  0.4804513    
       21097  0.4886920    
       21098  0.4968950    
       21099  0.5050186    
       21100  0.5129805    
       21101  0.5206335    
       21102  0.5278095    
       21103  0.5345172    
       21104  0.5409290    
       21105  0.5471961    
       21106  0.5534152    
       21107  0.5596427    
       21108  0.5659115    
       21109  0.5722364    
       21110  0.5786224    
       21111  0.5850729    
       21112  0.5915905    
       21113  0.5981766    
       21114  0.6048313    
       21115  0.6115546    
       21116  0.6183467    
       21117  0.6252080    
       21118  0.6321388    
       21119  0.6391391    
       21120  0.6462083    
       21121  0.6533461    
       21122  0.6605535    
       21123  0.6678326    
       21124  0.6751828    
       21125  0.6825982    
       21126  0.6900704    
       21127  0.6975920    
       21128  0.7051580    
       21129  0.7127640    
       21130  0.7204068    
       21131  0.7280828    
       21132  0.7357894    
       21133  0.7435240    
       21134  0.7512842    
       21135  0.7590681    
       21136  0.7668737    
       21137  0.7746993    
       21138  0.7825434    
       21139  0.7904046    
       21140  0.7982814    
       21141  0.8061728    
       21142  0.8140777    
       21143  0.8219950    
       21144  0.8299240    
       21145  0.8378637    
       21146  0.8458134    
       21147  0.8537724    
       21148  0.8617401    
       21149  0.8697160    
       21150  0.8776994    
       21151  0.8856896    
       21152  0.8936862    
       21153  0.9016886    
       21154  0.9096960    
       21155  0.9177079    
       21156  0.9257234    
       21157  0.9337419    
       21158  0.9417627    
       21159  0.9497850    
       21160  0.9578080    
       21161  0.9658309    
       21162  0.9738531    
       21163  0.9818730    
       21164  0.9898890    
       21165  0.9978976    
       21166   1.005892    
       21167   1.013858    
       21168   1.021765    
       21169   1.029557    
       21170   1.037139    
       21171   1.044433    
       21172   1.051477    
       21173   1.058388    
       21174   1.065265    
       21175   1.072166    
       21176   1.079122    
       21177   1.086149    
       21178   1.093253    
       21179   1.100437    
       21180   1.107704    
       21181   1.115053    
       21182   1.122476    
       21183   1.129960    
       21184   1.137498    
       21185   1.145082    
       21186   1.152708    
       21187   1.160372    
       21188   1.168071    
       21189   1.175801    
       21190   1.183559    
       21191   1.191343    
       21192   1.199150    
       21193   1.206978    
       21194   1.214825    
       21195   1.222687    
       21196   1.230562    
       21197   1.238447    
       21198   1.246339    
       21199   1.254234    
       21200   1.262127    
       21201   1.270015    
       21202   1.277891    
       21203   1.285745    
       21204   1.293561    
       21205   1.301304    
       21206   1.308914    
       21207   1.316285    
       21208   1.323299    
       21209   1.329932    
       21210   1.336303    
       21211   1.342541    
       21212   1.348734    
       21213   1.354935    
       21214   1.361170    
       21215   1.367457    
       21216   1.373806    
       21217   1.380223    
       21218   1.386716    
       21219   1.393290    
       21220   1.399945    
       21221   1.406682    
       21222   1.413498    
       21223   1.420389    
       21224   1.427354    
       21225   1.434389    
       21226   1.441493    
       21227   1.448665    
       21228   1.455906    
       21229   1.463220    
       21230   1.470603    
       21231   1.478051    
       21232   1.485554    
       21233   1.493105    
       21234   1.500701    
       21235   1.508338    
       21236   1.516013    
       21237   1.523724    
       21238   1.531467    
       21239   1.539240    
       21240   1.547040    
       21241   1.554865    
       21242   1.562714    
       21243   1.570584    
       21244   1.578473    
       21245   1.586380    
       21246   1.594303    
       21247   1.602241    
       21248   1.610193    
       21249   1.618157    
       21250   1.626133    
       21251   1.634120    
       21252   1.642117    
       21253   1.650123    
       21254   1.658137    
       21255   1.666159    
       21256   1.674188    
       21257   1.682223    
       21258   1.690265    
       21259   1.698312    
       21260   1.706364    
       21261   1.714420    
       21262   1.722481    
       21263   1.730545    
       21264   1.738613    
       21265   1.746685    
       21266   1.754759    
       21267   1.762835    
       21268   1.770913    
       21269   1.778994    
       21270   1.787075    
       21271   1.795158    
       21272   1.803241    
       21273   1.811324    
       21274   1.819406    
       21275   1.827487    
       21276   1.835566    
       21277   1.843640    
       21278   1.851707    
       21279   1.859761    
       21280   1.867796    
       21281   1.875800    
       21282   1.883757    
       21283   1.891661    
       21284   1.899518    
       21285   1.907343    
       21286   1.915151    
       21287   1.922952    
       21288   1.930755    
       21289   1.938564    
       21290   1.946381    
       21291   1.954208    
       21292   1.962046    
       21293   1.969896    
       21294   1.977757    
       21295   1.985629    
       21296   1.993511    
       21297   2.001403    
       21298   2.009303    
       21299   2.017212    
       21300   2.025127    
       21301   2.033047    
       21302   2.040969    
       21303   2.048889    
       21304   2.056803    
       21305   2.064703    
       21306   2.072578    
       21307   2.080413    
       21308   2.088181    
       21309   2.095841    
       21310   2.103312    
       21311   2.110464    
       21312   2.117118    
       21313   2.123193    
       21314   2.128812    
       21315   2.134160    
       21316   2.139389    
       21317   2.144606    
       21318   2.149862    
