       32761  0.4805353    
       32762  0.4722572    
       32763  0.4639789    
       32764  0.4557006    
       32765  0.4474220    
       32766  0.4391433    
       32767  0.4308645    
       32768  0.4225855    
       32769  0.4143064    
       32770  0.4060271    
       32771  0.3977478    
       32772  0.3894683    
       32773  0.3811887    
       32774  0.3729090    
       32775  0.3646291    
       32776  0.3563492    
       32777  0.3480692    
       32778  0.3397891    
       32779  0.3315089    
       32780  0.3232286    
       32781  0.3149482    
       32782  0.3066677    
       32783  0.2983871    
       32784  0.2901065    
       32785  0.2818258    
       32786  0.2735450    
       32787  0.2652641    
       32788  0.2569832    
       32789  0.2487022    
       32790  0.2404211    
       32791  0.2321399    
       32792  0.2238588    
       32793  0.2155776    
       32794  0.2072963    
       32795  0.1990150    
       32796  0.1907337    
       32797  0.1824525    
       32798  0.1741712    
       32799  0.1658901    
       32800  0.1576092    
       32801  0.1493285    
       32802  0.1410481    
       32803  0.1327683    
       32804  0.1244893    
       32805  0.1162113    
       32806  0.1079347    
       32807  9.9659875E-02
       32808  9.1387466E-02
       32809  8.3118409E-02
       32810  7.4854165E-02
       32811  6.6597372E-02
       32812  5.8353044E-02
       32813  5.0131764E-02
       32814  4.1957177E-02
       32815  3.3884622E-02
       32816  2.6047930E-02
       32817  1.8774647E-02
       32818  1.2862684E-02
       32819  1.0157422E-02
       32820  1.2862682E-02
       32821  1.8774645E-02
       32822  2.6047925E-02
       32823  3.3884618E-02
       32824  4.1957177E-02
       32825  5.0131761E-02
       32826  5.8353022E-02
       32827  6.6597342E-02
       32828  7.4854128E-02
       32829  8.3118349E-02
       32830  9.1387391E-02
       32831  9.9659756E-02
       32832  0.1079345    
       32833  0.1162110    
       32834  0.1244889    
       32835  0.1327677    
       32836  0.1410472    
       32837  0.1493270    
       32838  0.1576071    
       32839  0.1658872    
       32840  0.1741673    
       32841  0.1824473    
       32842  0.1907272    
       32843  0.1990069    
       32844  0.2072864    
       32845  0.2155657    
       32846  0.2238446    
       32847  0.2321232    
       32848  0.2404013    
       32849  0.2486790    
       32850  0.2569563    
       32851  0.2652332    
       32852  0.2735098    
       32853  0.2817860    
       32854  0.2900618    
       32855  0.2983374    
       32856  0.3066126    
       32857  0.3148871    
       32858  0.3231606    
       32859  0.3314320    
       32860  0.3396990    
       32861  0.3479567    
       32862  0.3561949    
       32863  0.3643934    
       32864  0.3725115    
       32865  0.3804770    
       32866  0.3881741    
       32867  0.3954709    
       32868  0.4023810    
       32869  0.4090502    
       32870  0.4156074    
       32871  0.4221376    
       32872  0.4286889    
       32873  0.4352888    
       32874  0.4419503    
       32875  0.4486777    
       32876  0.4554732    
       32877  0.4623376    
       32878  0.4692715    
       32879  0.4762748    
       32880  0.4833468    
       32881  0.4904873    
       32882  0.4976974    
       32883  0.5049794    
       32884  0.5123323    
       32885  0.5197500    
       32886  0.5272239    
       32887  0.5347472    
       32888  0.5423146    
       32889  0.5499219    
       32890  0.5575657    
       32891  0.5652428    
       32892  0.5729502    
       32893  0.5806857    
       32894  0.5884467    
       32895  0.5962312    
       32896  0.6040374    
       32897  0.6118636    
       32898  0.6197083    
       32899  0.6275700    
       32900  0.6354474    
       32901  0.6433392    
       32902  0.6512444    
       32903  0.6591622    
       32904  0.6670914    
       32905  0.6750314    
       32906  0.6829815    
       32907  0.6909410    
       32908  0.6989090    
       32909  0.7068852    
       32910  0.7148689    
       32911  0.7228595    
       32912  0.7308564    
       32913  0.7388592    
       32914  0.7468669    
       32915  0.7548792    
       32916  0.7628952    
       32917  0.7709142    
       32918  0.7789353    
       32919  0.7869580    
       32920  0.7949816    
       32921  0.8030051    
       32922  0.8110278    
       32923  0.8190484    
       32924  0.8270651    
       32925  0.8350745    
       32926  0.8430701    
       32927  0.8510374    
       32928  0.8589473    
       32929  0.8667428    
       32930  0.8743312    
       32931  0.8816322    
       32932  0.8886819    
       32933  0.8955969    
       32934  0.9024757    
       32935  0.9093776    
       32936  0.9163344    
       32937  0.9233618    
       32938  0.9304659    
       32939  0.9376501    
       32940  0.9449170    
       32941  0.9522659    
       32942  0.9596887    
       32943  0.9671734    
       32944  0.9747110    
       32945  0.9822953    
       32946  0.9899216    
       32947  0.9975858    
       32948   1.005285    
       32949   1.013014    
       32950   1.020773    
       32951   1.028557    
       32952   1.036364    
       32953   1.044192    
       32954   1.052038    
       32955   1.059900    
       32956   1.067775    
       32957   1.075661    
       32958   1.083552    
       32959   1.091447    
       32960   1.099341    
       32961   1.107229    
       32962   1.115104    
       32963   1.122959    
       32964   1.130774    
       32965   1.138517    
       32966   1.146127    
       32967   1.153498    
       32968   1.160511    
       32969   1.167144    
       32970   1.173514    
       32971   1.179753    
       32972   1.185946    
       32973   1.192147    
       32974   1.198382    
       32975   1.204669    
       32976   1.211018    
       32977   1.217435    
       32978   1.223929    
       32979   1.230502    
       32980   1.237158    
       32981   1.243894    
       32982   1.250710    
       32983   1.257602    
       32984   1.264567    
       32985   1.271602    
       32986   1.278705    
       32987   1.285878    
       32988   1.293119    
       32989   1.300432    
       32990   1.307816    
       32991   1.315264    
       32992   1.322767    
       32993   1.330318    
       32994   1.337914    
       32995   1.345551    
       32996   1.353226    
       32997   1.360937    
       32998   1.368679    
       32999   1.376452    
       33000   1.384253    
       33001   1.392078    
       33002   1.399927    
       33003   1.407797    
       33004   1.415686    
       33005   1.423593    
       33006   1.431516    
       33007   1.439454    
       33008   1.447405    
       33009   1.455370    
       33010   1.463346    
       33011   1.471333    
       33012   1.479330    
       33013   1.487335    
       33014   1.495350    
       33015   1.503372    
       33016   1.511400    
       33017   1.519436    
       33018   1.527477    
       33019   1.535524    
       33020   1.543576    
       33021   1.551633    
       33022   1.559693    
       33023   1.567758    
       33024   1.575826    
       33025   1.583897    
       33026   1.591971    
       33027   1.600047    
       33028   1.608126    
       33029   1.616206    
       33030   1.624288    
       33031   1.632370    
       33032   1.640453    
       33033   1.648537    
       33034   1.656619    
       33035   1.664701    
       33036   1.672779    
       33037   1.680853    
       33038   1.688920    
       33039   1.696974    
       33040   1.705009    
       33041   1.713012    
       33042   1.720970    
       33043   1.728874    
       33044   1.736730    
       33045   1.744555    
       33046   1.752362    
       33047   1.760163    
       33048   1.767964    
       33049   1.775772    
       33050   1.783587    
       33051   1.791414    
       33052   1.799251    
       33053   1.807100    
       33054   1.814960    
       33055   1.822830    
       33056   1.830709    
       33057   1.838593    
       33058   1.846479    
       33059   1.854358    
       33060   1.862212    
       33061   1.870014    
       33062   1.877735    
       33063   1.885369    
       33064   1.892937    
       33065   1.900456    
       33066   1.907926    
       33067   1.915335    
       33068   1.922654    
       33069   1.929836    
       33070   1.936806    
       33071   1.943464    
       33072   1.949715    
       33073   1.955544    
       33074   1.961043    
       33075   1.966344    
       33076   1.971562    
       33077   1.976793    
       33078   1.982102    
       33079   1.987529    
       33080   1.993093    
       33081   1.998802    
       33082   2.004657    
       33083   2.010652    
       33084   2.016777    
       33085   2.023022    
       33086   2.029379    
       33087   2.035842    
       33088   2.042403    
       33089   2.049055    
       33090   2.055792    
       33091   2.062611    
       33092   2.069510    
       33093   2.076486    
       33094   2.083537    
       33095   2.090663    
       33096   2.097862    
       33097   2.105132    
       33098   2.112468    
       33099   2.119840    
