      232816   2.084488    
      232817   2.076794    
      232818   2.069136    
      232819   2.061518    
      232820   2.053944    
      232821   2.046421    
      232822   2.038955    
      232823   2.031551    
      232824   2.024214    
      232825   2.016943    
      232826   2.009737    
      232827   2.002592    
      232828   1.995500    
      232829   1.988442    
      232830   1.981384    
      232831   1.974264    
      232832   1.966991    
      232833   1.959485    
      232834   1.951754    
      232835   1.943879    
      232836   1.935929    
      232837   1.927942    
      232838   1.919936    
      232839   1.911922    
      232840   1.903906    
      232841   1.895890    
      232842   1.887876    
      232843   1.879864    
      232844   1.871855    
      232845   1.863851    
      232846   1.855853    
      232847   1.847862    
      232848   1.839878    
      232849   1.831903    
      232850   1.823939    
      232851   1.815988    
      232852   1.808049    
      232853   1.800126    
      232854   1.792220    
      232855   1.784332    
      232856   1.776464    
      232857   1.768619    
      232858   1.760800    
      232859   1.753008    
      232860   1.745248    
      232861   1.737522    
      232862   1.729836    
      232863   1.722194    
      232864   1.714604    
      232865   1.707072    
      232866   1.699608    
      232867   1.692220    
      232868   1.684914    
      232869   1.677694    
      232870   1.670563    
      232871   1.663527    
      232872   1.656590    
      232873   1.649759    
      232874   1.643037    
      232875   1.636426    
      232876   1.629924    
      232877   1.623528    
      232878   1.617233    
      232879   1.611033    
      232880   1.604921    
      232881   1.598890    
      232882   1.592929    
      232883   1.587032    
      232884   1.581187    
      232885   1.575376    
      232886   1.569555    
      232887   1.563637    
      232888   1.557480    
      232889   1.550913    
      232890   1.543902    
      232891   1.536575    
      232892   1.529068    
      232893   1.521465    
      232894   1.513812    
      232895   1.506135    
      232896   1.498446    
      232897   1.490756    
      232898   1.483071    
      232899   1.475395    
      232900   1.467732    
      232901   1.460087    
      232902   1.452463    
      232903   1.444862    
      232904   1.437289    
      232905   1.429745    
      232906   1.422236    
      232907   1.414764    
      232908   1.407336    
      232909   1.399955    
      232910   1.392626    
      232911   1.385354    
      232912   1.378139    
      232913   1.370983    
      232914   1.363889    
      232915   1.356860    
      232916   1.349900    
      232917   1.343011    
      232918   1.336199    
      232919   1.329466    
      232920   1.322817    
      232921   1.316254    
      232922   1.309778    
      232923   1.303389    
      232924   1.297086    
      232925   1.290868    
      232926   1.284722    
      232927   1.278612    
      232928   1.272468    
      232929   1.266153    
      232930   1.259452    
      232931   1.252196    
      232932   1.244495    
      232933   1.236548    
      232934   1.228483    
      232935   1.220366    
      232936   1.212227    
      232937   1.204079    
      232938   1.195928    
      232939   1.187777    
      232940   1.179626    
      232941   1.171477    
      232942   1.163329    
      232943   1.155183    
      232944   1.147038    
      232945   1.138896    
      232946   1.130756    
      232947   1.122619    
      232948   1.114485    
      232949   1.106354    
      232950   1.098226    
      232951   1.090102    
      232952   1.081982    
      232953   1.073866    
      232954   1.065755    
      232955   1.057650    
      232956   1.049550    
      232957   1.041456    
      232958   1.033370    
      232959   1.025290    
      232960   1.017219    
      232961   1.009156    
      232962   1.001103    
      232963  0.9930602    
      232964  0.9850287    
      232965  0.9770095    
      232966  0.9690036    
      232967  0.9610120    
      232968  0.9530363    
      232969  0.9450777    
      232970  0.9371378    
      232971  0.9292184    
      232972  0.9213216    
      232973  0.9134501    
      232974  0.9056072    
      232975  0.8977964    
      232976  0.8900220    
      232977  0.8822885    
      232978  0.8746002    
      232979  0.8669616    
      232980  0.8593767    
      232981  0.8518493    
      232982  0.8443826    
      232983  0.8369788    
      232984  0.8296391    
      232985  0.8223646    
      232986  0.8151575    
      232987  0.8080212    
      232988  0.8009605    
      232989  0.7939830    
      232990  0.7870980    
      232991  0.7803171    
      232992  0.7736528    
      232993  0.7671178    
      232994  0.7607225    
      232995  0.7544714    
      232996  0.7483599    
      232997  0.7423769    
      232998  0.7365028    
      232999  0.7307098    
      233000  0.7249614    
      233001  0.7192085    
      233002  0.7133850    
      233003  0.7074000    
      233004  0.7011390    
      233005  0.6944895    
      233006  0.6874196    
      233007  0.6799942    
      233008  0.6723177    
      233009  0.6644779    
      233010  0.6565323    
      233011  0.6485150    
      233012  0.6404467    
      233013  0.6323404    
      233014  0.6242052    
      233015  0.6160483    
      233016  0.6078761    
      233017  0.5996935    
      233018  0.5915042    
      233019  0.5833107    
      233020  0.5751147    
      233021  0.5669177    
      233022  0.5587204    
      233023  0.5505234    
      233024  0.5423274    
      233025  0.5341327    
      233026  0.5259398    
      233027  0.5177489    
      233028  0.5095605    
      233029  0.5013748    
      233030  0.4931922    
      233031  0.4850131    
      233032  0.4768379    
      233033  0.4686671    
      233034  0.4605013    
      233035  0.4523410    
      233036  0.4441871    
      233037  0.4360403    
      233038  0.4279015    
      233039  0.4197719    
      233040  0.4116527    
      233041  0.4035456    
      233042  0.3954523    
      233043  0.3873748    
      233044  0.3793159    
      233045  0.3712786    
      233046  0.3632666    
      233047  0.3552847    
      233048  0.3473384    
      233049  0.3394348    
      233050  0.3315828    
      233051  0.3237931    
      233052  0.3160786    
      233053  0.3084534    
      233054  0.3009329    
      233055  0.2935314    
      233056  0.2862610    
      233057  0.2791307    
      233058  0.2721472    
      233059  0.2653122    
      233060  0.2586212    
      233061  0.2520655    
      233062  0.2456323    
      233063  0.2393048    
      233064  0.2330645    
      233065  0.2268932    
      233066  0.2207763    
      233067  0.2147029    
      233068  0.2086651    
      233069  0.2026572    
      233070  0.1966756    
      233071  0.1907159    
      233072  0.1847695    
      233073  0.1788162    
      233074  0.1728092    
      233075  0.1666622    
      233076  0.1602450    
      233077  0.1534336    
      233078  0.1462114    
      233079  0.1386689    
      233080  0.1309205    
      233081  0.1230468    
      233082  0.1150884    
      233083  0.1070674    
      233084  9.8997399E-02
      233085  9.0888172E-02
      233086  8.2747526E-02
      233087  7.4583106E-02
      233088  6.6403106E-02
      233089  5.8217131E-02
      233090  5.0039284E-02
      233091  4.1896086E-02
      233092  3.3845462E-02
      233093  2.6023747E-02
      233094  1.8760467E-02
      233095  1.2854826E-02
      233096  1.0152751E-02
      233097  1.2858527E-02
      233098  1.8769940E-02
      233099  2.6042473E-02
      233100  3.3878509E-02
      233101  4.1950561E-02
      233102  5.0124787E-02
      233103  5.8345802E-02
      233104  6.6589944E-02
      233105  7.4846618E-02
      233106  8.3110765E-02
      233107  9.1379762E-02
      233108  9.9652126E-02
      233109  0.1079269    
      233110  0.1162035    
      233111  0.1244815    
      233112  0.1327605    
      233113  0.1410402    
      233114  0.1493205    
      233115  0.1576012    
      233116  0.1658822    
      233117  0.1741633    
      233118  0.1824445    
      233119  0.1907257    
      233120  0.1990070    
      233121  0.2072883    
      233122  0.2155695    
      233123  0.2238508    
      233124  0.2321319    
      233125  0.2404130    
      233126  0.2486941    
      233127  0.2569751    
      233128  0.2652560    
      233129  0.2735369    
      233130  0.2818176    
      233131  0.2900984    
      233132  0.2983790    
      233133  0.3066596    
      233134  0.3149400    
      233135  0.3232204    
      233136  0.3315007    
      233137  0.3397809    
      233138  0.3480611    
      233139  0.3563411    
      233140  0.3646210    
      233141  0.3729008    
      233142  0.3811806    
      233143  0.3894602    
      233144  0.3977396    
      233145  0.4060190    
      233146  0.4142983    
      233147  0.4225774    
      233148  0.4308563    
      233149  0.4391351    
      233150  0.4474138    
      233151  0.4556924    
      233152  0.4639708    
      233153  0.4722490    
      233154  0.4805270    
      233155  0.4888050    
      233156  0.4970827    
      233157  0.5053602    
      233158  0.5136376    
      233159  0.5219147    
      233160  0.5301915    
      233161  0.5384679    
      233162  0.5467433    
      233163  0.5550167    
      233164  0.5632875    
      233165  0.5715559    
      233166  0.5798219    
      233167  0.5880859    
      233168  0.5963478    
      233169  0.6046079    
      233170  0.6128662    
      233171  0.6211229    
      233172  0.6293780    
      233173  0.6376314    
      233174  0.6458834    
      233175  0.6541339    
      233176  0.6623830    
      233177  0.6706307    
      233178  0.6788770    
      233179  0.6871220    
      233180  0.6953655    
      233181  0.7036078    
