      107241   1.496869    
      107242   1.488800    
      107243   1.480731    
      107244   1.472664    
      107245   1.464598    
      107246   1.456532    
      107247   1.448468    
      107248   1.440405    
      107249   1.432344    
      107250   1.424283    
      107251   1.416224    
      107252   1.408167    
      107253   1.400112    
      107254   1.392058    
      107255   1.384007    
      107256   1.375957    
      107257   1.367910    
      107258   1.359865    
      107259   1.351822    
      107260   1.343783    
      107261   1.335746    
      107262   1.327713    
      107263   1.319682    
      107264   1.311655    
      107265   1.303632    
      107266   1.295613    
      107267   1.287598    
      107268   1.279588    
      107269   1.271582    
      107270   1.263581    
      107271   1.255586    
      107272   1.247597    
      107273   1.239613    
      107274   1.231636    
      107275   1.223666    
      107276   1.215703    
      107277   1.207748    
      107278   1.199802    
      107279   1.191864    
      107280   1.183936    
      107281   1.176018    
      107282   1.168111    
      107283   1.160216    
      107284   1.152333    
      107285   1.144464    
      107286   1.136610    
      107287   1.128771    
      107288   1.120949    
      107289   1.113146    
      107290   1.105362    
      107291   1.097600    
      107292   1.089861    
      107293   1.082147    
      107294   1.074460    
      107295   1.066804    
      107296   1.059181    
      107297   1.051595    
      107298   1.044049    
      107299   1.036549    
      107300   1.029100    
      107301   1.021707    
      107302   1.014373    
      107303   1.007099    
      107304  0.9998831    
      107305  0.9927226    
      107306  0.9856142    
      107307  0.9785542    
      107308  0.9715383    
      107309  0.9645612    
      107310  0.9576186    
      107311  0.9507077    
      107312  0.9438276    
      107313  0.9369799    
      107314  0.9301676    
      107315  0.9233944    
      107316  0.9166653    
      107317  0.9099851    
      107318  0.9033586    
      107319  0.8967901    
      107320  0.8902830    
      107321  0.8838382    
      107322  0.8774544    
      107323  0.8711292    
      107324  0.8648590    
      107325  0.8586375    
      107326  0.8524538    
      107327  0.8462902    
      107328  0.8401129    
      107329  0.8338608    
      107330  0.8274300    
      107331  0.8206627    
      107332  0.8134307    
      107333  0.8058048    
      107334  0.7979494    
      107335  0.7899815    
      107336  0.7819614    
      107337  0.7739176    
      107338  0.7658627    
      107339  0.7578026    
      107340  0.7497400    
      107341  0.7416763    
      107342  0.7336123    
      107343  0.7255487    
      107344  0.7174860    
      107345  0.7094248    
      107346  0.7013654    
      107347  0.6933081    
      107348  0.6852535    
      107349  0.6772020    
      107350  0.6691538    
      107351  0.6611096    
      107352  0.6530697    
      107353  0.6450344    
      107354  0.6370044    
      107355  0.6289797    
      107356  0.6209611    
      107357  0.6129490    
      107358  0.6049436    
      107359  0.5969457    
      107360  0.5889556    
      107361  0.5809740    
      107362  0.5730015    
      107363  0.5650387    
      107364  0.5570865    
      107365  0.5491455    
      107366  0.5412166    
      107367  0.5333006    
      107368  0.5253983    
      107369  0.5175102    
      107370  0.5096362    
      107371  0.5017754    
      107372  0.4939265    
      107373  0.4860867    
      107374  0.4782510    
      107375  0.4704108    
      107376  0.4625523    
      107377  0.4546556    
      107378  0.4466943    
      107379  0.4386441    
      107380  0.4305112    
      107381  0.4223251    
      107382  0.4141058    
      107383  0.4058654    
      107384  0.3976116    
      107385  0.3893489    
      107386  0.3810806    
      107387  0.3728086    
      107388  0.3645342    
      107389  0.3562582    
      107390  0.3479812    
      107391  0.3397036    
      107392  0.3314257    
      107393  0.3231477    
      107394  0.3148698    
      107395  0.3065922    
      107396  0.2983150    
      107397  0.2900385    
      107398  0.2817625    
      107399  0.2734872    
      107400  0.2652123    
      107401  0.2569377    
      107402  0.2486633    
      107403  0.2403888    
      107404  0.2321139    
      107405  0.2238384    
      107406  0.2155620    
      107407  0.2072847    
      107408  0.1990063    
      107409  0.1907271    
      107410  0.1824473    
      107411  0.1741671    
      107412  0.1658866    
      107413  0.1576061    
      107414  0.1493258    
      107415  0.1410456    
      107416  0.1327660    
      107417  0.1244871    
      107418  0.1162091    
      107419  0.1079326    
      107420  9.9657774E-02
      107421  9.1385394E-02
      107422  8.3116353E-02
      107423  7.4852139E-02
      107424  6.6595383E-02
      107425  5.8351111E-02
      107426  5.0129905E-02
      107427  4.1955404E-02
      107428  3.3882976E-02
      107429  2.6046447E-02
      107430  1.8773356E-02
      107431  1.2861533E-02
      107432  1.0156125E-02
      107433  1.2860490E-02
      107434  1.8770721E-02
      107435  2.6041307E-02
      107436  3.3873994E-02
      107437  4.1940719E-02
      107438  5.0107002E-02
      107439  5.8316909E-02
      107440  6.6546522E-02
      107441  7.4785307E-02
      107442  8.3028540E-02
      107443  9.1274112E-02
      107444  9.9520996E-02
      107445  0.1077687    
      107446  0.1160168    
      107447  0.1242653    
      107448  0.1325139    
      107449  0.1407630    
      107450  0.1490127    
      107451  0.1572633    
      107452  0.1655151    
      107453  0.1737681    
      107454  0.1820214    
      107455  0.1902733    
      107456  0.1985204    
      107457  0.2067565    
      107458  0.2149709    
      107459  0.2231448    
      107460  0.2312467    
      107461  0.2392271    
      107462  0.2470214    
      107463  0.2546010    
      107464  0.2620232    
      107465  0.2693580    
      107466  0.2766623    
      107467  0.2839753    
      107468  0.2913221    
      107469  0.2987170    
      107470  0.3061649    
      107471  0.3136629    
      107472  0.3212066    
      107473  0.3287927    
      107474  0.3364186    
      107475  0.3440815    
      107476  0.3517790    
      107477  0.3595083    
      107478  0.3672672    
      107479  0.3750533    
      107480  0.3828645    
      107481  0.3906987    
      107482  0.3985542    
      107483  0.4064292    
      107484  0.4143221    
      107485  0.4222314    
      107486  0.4301559    
      107487  0.4380945    
      107488  0.4460459    
      107489  0.4540093    
      107490  0.4619838    
      107491  0.4699684    
      107492  0.4779625    
      107493  0.4859653    
      107494  0.4939760    
      107495  0.5019941    
      107496  0.5100190    
      107497  0.5180502    
      107498  0.5260872    
      107499  0.5341296    
      107500  0.5421767    
      107501  0.5502284    
      107502  0.5582840    
      107503  0.5663432    
      107504  0.5744056    
      107505  0.5824702    
      107506  0.5905357    
      107507  0.5985993    
      107508  0.6066545    
      107509  0.6146866    
      107510  0.6226627    
      107511  0.6305134    
      107512  0.6381084    
      107513  0.6452778    
      107514  0.6519910    
      107515  0.6584154    
      107516  0.6647139    
      107517  0.6709828    
      107518  0.6772742    
      107519  0.6836106    
      107520  0.6899983    
      107521  0.6964397    
      107522  0.7029352    
      107523  0.7094846    
      107524  0.7160869    
      107525  0.7227420    
      107526  0.7294493    
      107527  0.7362088    
      107528  0.7430202    
      107529  0.7498834    
      107530  0.7567977    
      107531  0.7637626    
      107532  0.7707778    
      107533  0.7778437    
      107534  0.7849612    
      107535  0.7921309    
      107536  0.7993535    
      107537  0.8066278    
      107538  0.8139491    
      107539  0.8213108    
      107540  0.8287064    
      107541  0.8361307    
      107542  0.8435783    
      107543  0.8510422    
      107544  0.8585132    
      107545  0.8659790    
      107546  0.8734226    
      107547  0.8808194    
      107548  0.8881339    
      107549  0.8953137    
      107550  0.9022827    
      107551  0.9089400    
      107552  0.9151894    
      107553  0.9210175    
      107554  0.9265170    
      107555  0.9318171    
      107556  0.9370356    
      107557  0.9422663    
      107558  0.9475760    
      107559  0.9530034    
      107560  0.9585673    
      107561  0.9642764    
      107562  0.9701316    
      107563  0.9761271    
      107564  0.9822521    
      107565  0.9884969    
      107566  0.9948548    
      107567   1.001318    
      107568   1.007879    
      107569   1.014530    
      107570   1.021268    
      107571   1.028087    
      107572   1.034986    
      107573   1.041962    
      107574   1.049014    
      107575   1.056141    
      107576   1.063344    
      107577   1.070624    
      107578   1.077987    
      107579   1.085431    
      107580   1.092951    
      107581   1.100537    
      107582   1.108181    
      107583   1.115878    
      107584   1.123623    
      107585   1.131412    
      107586   1.139241    
      107587   1.147107    
      107588   1.155004    
      107589   1.162929    
      107590   1.170879    
      107591   1.178852    
      107592   1.186845    
      107593   1.194856    
      107594   1.202882    
      107595   1.210923    
      107596   1.218977    
      107597   1.227042    
      107598   1.235118    
      107599   1.243202    
      107600   1.251296    
      107601   1.259397    
      107602   1.267504    
      107603   1.275618    
      107604   1.283738    
      107605   1.291862    
      107606   1.299989    
      107607   1.308121    
      107608   1.316254    
      107609   1.324389    
      107610   1.332523    
      107611   1.340654    
      107612   1.348778    
      107613   1.356892    
      107614   1.364989    
      107615   1.373058    
      107616   1.381084    
      107617   1.389046    
      107618   1.396917    
      107619   1.404663    
      107620   1.412241    
      107621   1.419608    
      107622   1.426723    
      107623   1.433570    
      107624   1.440176    
      107625   1.446602    
      107626   1.452912    
      107627   1.459158    
      107628   1.465370    
      107629   1.471564    
      107630   1.477748    
      107631   1.483927    
      107632   1.490103    
      107633   1.496282    
      107634   1.502469    
      107635   1.508670    
      107636   1.514897    
      107637   1.521163    
      107638   1.527484    
      107639   1.533868    
      107640   1.540325    
      107641   1.546860    
      107642   1.553477    
      107643   1.560177    
      107644   1.566960    
      107645   1.573823    
      107646   1.580764    
      107647   1.587778    
      107648   1.594863    
      107649   1.602015    
      107650   1.609234    
      107651   1.616522    
      107652   1.623878    
      107653   1.631304    
      107654   1.638797    
      107655   1.646354    
      107656   1.653968    
      107657   1.661634    
      107658   1.669349    
      107659   1.677110    
      107660   1.684912    
      107661   1.692754    
      107662   1.700630    
      107663   1.708538    
      107664   1.716474    
      107665   1.724435    
      107666   1.732418    
      107667   1.740421    
      107668   1.748442    
      107669   1.756479    
      107670   1.764530    
      107671   1.772593    
      107672   1.780668    
      107673   1.788754    
      107674   1.796849    
      107675   1.804953    
      107676   1.813064    
      107677   1.821182    
      107678   1.829307    
      107679   1.837437    
      107680   1.845573    
      107681   1.853714    
      107682   1.861859    
      107683   1.870008    
      107684   1.878161    
      107685   1.886317    
      107686   1.894477    
      107687   1.902639    
      107688   1.910804    
      107689   1.918971    
      107690   1.927140    
      107691   1.935312    
      107692   1.943485    
      107693   1.951660    
      107694   1.959837    
      107695   1.968016    
      107696   1.976195    
      107697   1.984376    
      107698   1.992558    
      107699   2.000741    
      107700   2.008924    
      107701   2.017108    
      107702   2.025294    
      107703   2.033480    
      107704   2.041666    
      107705   2.049853    
      107706   2.058040    
      107707   2.066228    
      107708   2.074415    
      107709   2.082600    
      107710   2.090778    
      107711   2.098939    
      107712   2.107052    
