      277696   2.152350    
      277697   2.144659    
      277698   2.136973    
      277699   2.129297    
      277700   2.121634    
      277701   2.113989    
      277702   2.106364    
      277703   2.098764    
      277704   2.091190    
      277705   2.083647    
      277706   2.076137    
      277707   2.068666    
      277708   2.061237    
      277709   2.053856    
      277710   2.046527    
      277711   2.039255    
      277712   2.032040    
      277713   2.024884    
      277714   2.017791    
      277715   2.010762    
      277716   2.003801    
      277717   1.996913    
      277718   1.990101    
      277719   1.983368    
      277720   1.976717    
      277721   1.970151    
      277722   1.963666    
      277723   1.957253    
      277724   1.950886    
      277725   1.944514    
      277726   1.938037    
      277727   1.931286    
      277728   1.924079    
      277729   1.916430    
      277730   1.908509    
      277731   1.900451    
      277732   1.892329    
      277733   1.884179    
      277734   1.876016    
      277735   1.867849    
      277736   1.859680    
      277737   1.851511    
      277738   1.843343    
      277739   1.835175    
      277740   1.827008    
      277741   1.818842    
      277742   1.810678    
      277743   1.802515    
      277744   1.794353    
      277745   1.786194    
      277746   1.778036    
      277747   1.769881    
      277748   1.761727    
      277749   1.753577    
      277750   1.745429    
      277751   1.737284    
      277752   1.729143    
      277753   1.721006    
      277754   1.712872    
      277755   1.704743    
      277756   1.696619    
      277757   1.688501    
      277758   1.680388    
      277759   1.672282    
      277760   1.664183    
      277761   1.656092    
      277762   1.648010    
      277763   1.639937    
      277764   1.631875    
      277765   1.623825    
      277766   1.615789    
      277767   1.607767    
      277768   1.599761    
      277769   1.591774    
      277770   1.583808    
      277771   1.575865    
      277772   1.567948    
      277773   1.560061    
      277774   1.552206    
      277775   1.544389    
      277776   1.536612    
      277777   1.528881    
      277778   1.521199    
      277779   1.513570    
      277780   1.505998    
      277781   1.498483    
      277782   1.491029    
      277783   1.483635    
      277784   1.476302    
      277785   1.469033    
      277786   1.461830    
      277787   1.454696    
      277788   1.447637    
      277789   1.440661    
      277790   1.433777    
      277791   1.426997    
      277792   1.420334    
      277793   1.413799    
      277794   1.407404    
      277795   1.401154    
      277796   1.395043    
      277797   1.389061    
      277798   1.383188    
      277799   1.377397    
      277800   1.371651    
      277801   1.365903    
      277802   1.360085    
      277803   1.354107    
      277804   1.347854    
      277805   1.341213    
      277806   1.334148    
      277807   1.326725    
      277808   1.319051    
      277809   1.311212    
      277810   1.303267    
      277811   1.295250    
      277812   1.287182    
      277813   1.279076    
      277814   1.270941    
      277815   1.262785    
      277816   1.254613    
      277817   1.246431    
      277818   1.238241    
      277819   1.230048    
      277820   1.221852    
      277821   1.213655    
      277822   1.205458    
      277823   1.197262    
      277824   1.189066    
      277825   1.180871    
      277826   1.172679    
      277827   1.164488    
      277828   1.156300    
      277829   1.148115    
      277830   1.139932    
      277831   1.131753    
      277832   1.123578    
      277833   1.115408    
      277834   1.107242    
      277835   1.099082    
      277836   1.090929    
      277837   1.082782    
      277838   1.074644    
      277839   1.066515    
      277840   1.058396    
      277841   1.050289    
      277842   1.042197    
      277843   1.034120    
      277844   1.026061    
      277845   1.018024    
      277846   1.010013    
      277847   1.002032    
      277848  0.9940872    
      277849  0.9861851    
      277850  0.9783348    
      277851  0.9705472    
      277852  0.9628353    
      277853  0.9552135    
      277854  0.9476972    
      277855  0.9403009    
      277856  0.9330367    
      277857  0.9259140    
      277858  0.9189401    
      277859  0.9121168    
      277860  0.9054401    
      277861  0.8989019    
      277862  0.8924900    
      277863  0.8861883    
      277864  0.8799790    
      277865  0.8738449    
      277866  0.8677725    
      277867  0.8617517    
      277868  0.8557780    
      277869  0.8498502    
      277870  0.8439695    
      277871  0.8381391    
      277872  0.8323642    
      277873  0.8266507    
      277874  0.8210037    
      277875  0.8154241    
      277876  0.8099037    
      277877  0.8044209    
      277878  0.7989345    
      277879  0.7933707    
      277880  0.7876077    
      277881  0.7814716    
      277882  0.7747906    
      277883  0.7675680    
      277884  0.7599636    
      277885  0.7521310    
      277886  0.7441648    
      277887  0.7361162    
      277888  0.7280133    
      277889  0.7198721    
      277890  0.7117025    
      277891  0.7035111    
      277892  0.6953031    
      277893  0.6870829    
      277894  0.6788537    
      277895  0.6706179    
      277896  0.6623774    
      277897  0.6541330    
      277898  0.6458856    
      277899  0.6376357    
      277900  0.6293836    
      277901  0.6211295    
      277902  0.6128733    
      277903  0.6046154    
      277904  0.5963557    
      277905  0.5880939    
      277906  0.5798301    
      277907  0.5715641    
      277908  0.5632957    
      277909  0.5550249    
      277910  0.5467515    
      277911  0.5384761    
      277912  0.5301998    
      277913  0.5219229    
      277914  0.5136458    
      277915  0.5053685    
      277916  0.4970909    
      277917  0.4888132    
      277918  0.4805353    
      277919  0.4722572    
      277920  0.4639789    
      277921  0.4557006    
      277922  0.4474220    
      277923  0.4391433    
      277924  0.4308645    
      277925  0.4225855    
      277926  0.4143064    
      277927  0.4060271    
      277928  0.3977478    
      277929  0.3894683    
      277930  0.3811887    
      277931  0.3729090    
      277932  0.3646291    
      277933  0.3563492    
      277934  0.3480692    
      277935  0.3397891    
      277936  0.3315089    
      277937  0.3232286    
      277938  0.3149482    
      277939  0.3066677    
      277940  0.2983871    
      277941  0.2901065    
      277942  0.2818258    
      277943  0.2735450    
      277944  0.2652641    
      277945  0.2569832    
      277946  0.2487022    
      277947  0.2404211    
      277948  0.2321399    
      277949  0.2238588    
      277950  0.2155776    
      277951  0.2072963    
      277952  0.1990150    
      277953  0.1907337    
      277954  0.1824525    
      277955  0.1741712    
      277956  0.1658901    
      277957  0.1576092    
      277958  0.1493285    
      277959  0.1410481    
      277960  0.1327683    
      277961  0.1244893    
      277962  0.1162113    
      277963  0.1079347    
      277964  9.9659875E-02
      277965  9.1387466E-02
      277966  8.3118409E-02
      277967  7.4854165E-02
      277968  6.6597372E-02
      277969  5.8353044E-02
      277970  5.0131764E-02
      277971  4.1957177E-02
      277972  3.3884622E-02
      277973  2.6047930E-02
      277974  1.8774647E-02
      277975  1.2862684E-02
      277976  1.0157422E-02
      277977  1.2862682E-02
      277978  1.8774645E-02
      277979  2.6047925E-02
      277980  3.3884618E-02
      277981  4.1957177E-02
