      228328   2.086734    
      228329   2.078848    
      228330   2.070979    
      228331   2.063130    
      228332   2.055300    
      228333   2.047493    
      228334   2.039711    
      228335   2.031955    
      228336   2.024229    
      228337   2.016535    
      228338   2.008877    
      228339   2.001258    
      228340   1.993685    
      228341   1.986162    
      228342   1.978696    
      228343   1.971292    
      228344   1.963954    
      228345   1.956683    
      228346   1.949478    
      228347   1.942333    
      228348   1.935241    
      228349   1.928183    
      228350   1.921125    
      228351   1.914005    
      228352   1.906732    
      228353   1.899226    
      228354   1.891495    
      228355   1.883620    
      228356   1.875670    
      228357   1.867682    
      228358   1.859677    
      228359   1.851664    
      228360   1.843647    
      228361   1.835631    
      228362   1.827616    
      228363   1.819605    
      228364   1.811596    
      228365   1.803592    
      228366   1.795594    
      228367   1.787603    
      228368   1.779619    
      228369   1.771645    
      228370   1.763681    
      228371   1.755729    
      228372   1.747791    
      228373   1.739867    
      228374   1.731961    
      228375   1.724073    
      228376   1.716205    
      228377   1.708360    
      228378   1.700541    
      228379   1.692749    
      228380   1.684989    
      228381   1.677263    
      228382   1.669577    
      228383   1.661935    
      228384   1.654345    
      228385   1.646813    
      228386   1.639349    
      228387   1.631961    
      228388   1.624655    
      228389   1.617435    
      228390   1.610304    
      228391   1.603267    
      228392   1.596331    
      228393   1.589499    
      228394   1.582777    
      228395   1.576166    
      228396   1.569665    
      228397   1.563269    
      228398   1.556973    
      228399   1.550774    
      228400   1.544662    
      228401   1.538630    
      228402   1.532670    
      228403   1.526772    
      228404   1.520927    
      228405   1.515116    
      228406   1.509295    
      228407   1.503378    
      228408   1.497220    
      228409   1.490653    
      228410   1.483643    
      228411   1.476315    
      228412   1.468808    
      228413   1.461205    
      228414   1.453553    
      228415   1.445876    
      228416   1.438187    
      228417   1.430497    
      228418   1.422811    
      228419   1.415135    
      228420   1.407473    
      228421   1.399828    
      228422   1.392203    
      228423   1.384603    
      228424   1.377029    
      228425   1.369486    
      228426   1.361976    
      228427   1.354505    
      228428   1.347076    
      228429   1.339695    
      228430   1.332367    
      228431   1.325094    
      228432   1.317879    
      228433   1.310724    
      228434   1.303629    
      228435   1.296600    
      228436   1.289640    
      228437   1.282751    
      228438   1.275939    
      228439   1.269207    
      228440   1.262557    
      228441   1.255994    
      228442   1.249518    
      228443   1.243129    
      228444   1.236826    
      228445   1.230608    
      228446   1.224461    
      228447   1.218352    
      228448   1.212207    
      228449   1.205893    
      228450   1.199192    
      228451   1.191937    
      228452   1.184236    
      228453   1.176288    
      228454   1.168224    
      228455   1.160107    
      228456   1.151968    
      228457   1.143820    
      228458   1.135669    
      228459   1.127518    
      228460   1.119367    
      228461   1.111218    
      228462   1.103070    
      228463   1.094924    
      228464   1.086779    
      228465   1.078637    
      228466   1.070498    
      228467   1.062361    
      228468   1.054226    
      228469   1.046095    
      228470   1.037968    
      228471   1.029844    
      228472   1.021724    
      228473   1.013609    
      228474   1.005499    
      228475  0.9973935    
      228476  0.9892945    
      228477  0.9812017    
      228478  0.9731160    
      228479  0.9650379    
      228480  0.9569683    
      228481  0.9489079    
      228482  0.9408576    
      228483  0.9328184    
      228484  0.9247913    
      228485  0.9167778    
      228486  0.9087791    
      228487  0.9007968    
      228488  0.8928325    
      228489  0.8848882    
      228490  0.8769659    
      228491  0.8690680    
      228492  0.8611970    
      228493  0.8533556    
      228494  0.8455469    
      228495  0.8377736    
      228496  0.8300388    
      228497  0.8223457    
      228498  0.8146976    
      228499  0.8070981    
      228500  0.7995505    
      228501  0.7920581    
      228502  0.7846234    
      228503  0.7772481    
      228504  0.7699338    
      228505  0.7626823    
      228506  0.7554967    
      228507  0.7483811    
      228508  0.7413410    
      228509  0.7343844    
      228510  0.7275212    
      228511  0.7207631    
      228512  0.7141231    
      228513  0.7076140    
      228514  0.7012466    
      228515  0.6950260    
      228516  0.6889490    
      228517  0.6830065    
      228518  0.6771798    
      228519  0.6714426    
      228520  0.6657602    
      228521  0.6600845    
      228522  0.6543475    
      228523  0.6484487    
      228524  0.6422552    
      228525  0.6356399    
      228526  0.6285795    
      228527  0.6211542    
      228528  0.6134755    
      228529  0.6056334    
      228530  0.5976858    
      228531  0.5896667    
      228532  0.5815969    
      228533  0.5734891    
      228534  0.5653527    
      228535  0.5571947    
      228536  0.5490214    
      228537  0.5408378    
      228538  0.5326474    
      228539  0.5244529    
      228540  0.5162560    
      228541  0.5080581    
      228542  0.4998599    
      228543  0.4916621    
      228544  0.4834652    
      228545  0.4752697    
      228546  0.4670759    
      228547  0.4588842    
      228548  0.4506949    
      228549  0.4425083    
      228550  0.4343249    
      228551  0.4261450    
      228552  0.4179689    
      228553  0.4097973    
      228554  0.4016305    
      228555  0.3934693    
      228556  0.3853145    
      228557  0.3771666    
      228558  0.3690268    
      228559  0.3608960    
      228560  0.3527755    
      228561  0.3446670    
      228562  0.3365722    
      228563  0.3284931    
      228564  0.3204323    
      228565  0.3123930    
      228566  0.3043786    
      228567  0.2963940    
      228568  0.2884446    
      228569  0.2805372    
      228570  0.2726807    
      228571  0.2648854    
      228572  0.2571639    
      228573  0.2495301    
      228574  0.2419987    
      228575  0.2345840    
      228576  0.2272975    
      228577  0.2201480    
      228578  0.2131412    
      228579  0.2062777    
      228580  0.1995523    
      228581  0.1929551    
      228582  0.1864717    
      228583  0.1800839    
      228584  0.1737710    
      228585  0.1675124    
      228586  0.1612906    
      228587  0.1550906    
      228588  0.1488990    
      228589  0.1427017    
      228590  0.1364804    
      228591  0.1302065    
      228592  0.1238334    
      228593  0.1172956    
      228594  0.1105174    
      228595  0.1034497    
      228596  9.6103445E-02
      228597  8.8541791E-02
      228598  8.0839276E-02
      228599  7.3044159E-02
      228600  6.5180540E-02
      228601  5.7263754E-02
      228602  4.9310714E-02
      228603  4.1352302E-02
      228604  3.3452269E-02
      228605  2.5751665E-02
      228606  1.8583214E-02
      228607  1.2746410E-02
      228608  1.0080533E-02
      228609  1.2784751E-02
      228610  1.8678878E-02
      228611  2.5932329E-02
      228612  3.3752378E-02
      228613  4.1812386E-02
      228614  4.9977943E-02
      228615  5.8192819E-02
      228616  6.6432655E-02
      228617  7.4686319E-02
      228618  8.2948364E-02
      228619  9.1215894E-02
      228620  9.9487185E-02
      228621  0.1077612    
      228622  0.1160372    
      228623  0.1243147    
      228624  0.1325933    
      228625  0.1408727    
      228626  0.1491527    
      228627  0.1574331    
      228628  0.1657138    
      228629  0.1739946    
      228630  0.1822756    
      228631  0.1905566    
      228632  0.1988377    
      228633  0.2071188    
      228634  0.2153999    
      228635  0.2236809    
      228636  0.2319620    
      228637  0.2402429    
      228638  0.2485238    
      228639  0.2568047    
      228640  0.2650856    
      228641  0.2733663    
      228642  0.2816470    
      228643  0.2899276    
      228644  0.2982082    
      228645  0.3064887    
      228646  0.3147691    
      228647  0.3230494    
      228648  0.3313296    
      228649  0.3396098    
      228650  0.3478898    
      228651  0.3561698    
      228652  0.3644497    
      228653  0.3727294    
      228654  0.3810091    
      228655  0.3892886    
      228656  0.3975680    
      228657  0.4058473    
      228658  0.4141265    
      228659  0.4224055    
      228660  0.4306843    
      228661  0.4389631    
      228662  0.4472417    
      228663  0.4555202    
      228664  0.4637985    
      228665  0.4720767    
      228666  0.4803546    
      228667  0.4886324    
      228668  0.4969100    
      228669  0.5051875    
      228670  0.5134647    
      228671  0.5217417    
      228672  0.5300183    
      228673  0.5382943    
      228674  0.5465689    
      228675  0.5548409    
      228676  0.5631105    
      228677  0.5713776    
      228678  0.5796426    
      228679  0.5879055    
      228680  0.5961664    
      228681  0.6044255    
      228682  0.6126829    
      228683  0.6209388    
      228684  0.6291929    
      228685  0.6374457    
      228686  0.6456969    
      228687  0.6539467    
      228688  0.6621950    
      228689  0.6704420    
      228690  0.6786876    
      228691  0.6869317    
      228692  0.6951746    
      228693  0.7034161    
      228694  0.7116563    
      228695  0.7198951    
      228696  0.7281327    
      228697  0.7363689    
      228698  0.7446038    
      228699  0.7528373    
      228700  0.7610695    
      228701  0.7693005    
