       84841   1.191024    
       84842   1.182956    
       84843   1.174888    
       84844   1.166822    
       84845   1.158757    
       84846   1.150693    
       84847   1.142630    
       84848   1.134568    
       84849   1.126508    
       84850   1.118449    
       84851   1.110391    
       84852   1.102336    
       84853   1.094282    
       84854   1.086230    
       84855   1.078180    
       84856   1.070133    
       84857   1.062087    
       84858   1.054044    
       84859   1.046004    
       84860   1.037967    
       84861   1.029933    
       84862   1.021901    
       84863   1.013874    
       84864   1.005850    
       84865  0.9978293    
       84866  0.9898131    
       84867  0.9818012    
       84868  0.9737937    
       84869  0.9657913    
       84870  0.9577942    
       84871  0.9498024    
       84872  0.9418166    
       84873  0.9338369    
       84874  0.9258640    
       84875  0.9178980    
       84876  0.9099395    
       84877  0.9019891    
       84878  0.8940473    
       84879  0.8861144    
       84880  0.8781914    
       84881  0.8702787    
       84882  0.8623771    
       84883  0.8544874    
       84884  0.8466104    
       84885  0.8387473    
       84886  0.8308988    
       84887  0.8230662    
       84888  0.8152509    
       84889  0.8074541    
       84890  0.7996771    
       84891  0.7919216    
       84892  0.7841895    
       84893  0.7764826    
       84894  0.7688032    
       84895  0.7611539    
       84896  0.7535377    
       84897  0.7459579    
       84898  0.7384185    
       84899  0.7309241    
       84900  0.7234800    
       84901  0.7160908    
       84902  0.7087597    
       84903  0.7014869    
       84904  0.6942706    
       84905  0.6871083    
       84906  0.6799966    
       84907  0.6729319    
       84908  0.6659098    
       84909  0.6589257    
       84910  0.6519755    
       84911  0.6450572    
       84912  0.6381703    
       84913  0.6313162    
       84914  0.6244978    
       84915  0.6177189    
       84916  0.6109837    
       84917  0.6042966    
       84918  0.5976622    
       84919  0.5910833    
       84920  0.5845605    
       84921  0.5780882    
       84922  0.5716473    
       84923  0.5652011    
       84924  0.5586873    
       84925  0.5520002    
       84926  0.5449864    
       84927  0.5375276    
       84928  0.5296944    
       84929  0.5216416    
       84930  0.5134751    
       84931  0.5052524    
       84932  0.4970031    
       84933  0.4887414    
       84934  0.4804739    
       84935  0.4722036    
       84936  0.4639318    
       84937  0.4556592    
       84938  0.4473860    
       84939  0.4391122    
       84940  0.4308379    
       84941  0.4225631    
       84942  0.4142877    
       84943  0.4060118    
       84944  0.3977353    
       84945  0.3894584    
       84946  0.3811809    
       84947  0.3729029    
       84948  0.3646244    
       84949  0.3563456    
       84950  0.3480664    
       84951  0.3397868    
       84952  0.3315069    
       84953  0.3232268    
       84954  0.3149466    
       84955  0.3066662    
       84956  0.2983857    
       84957  0.2901051    
       84958  0.2818244    
       84959  0.2735437    
       84960  0.2652628    
       84961  0.2569819    
       84962  0.2487009    
       84963  0.2404199    
       84964  0.2321388    
       84965  0.2238576    
       84966  0.2155764    
       84967  0.2072952    
       84968  0.1990139    
       84969  0.1907326    
       84970  0.1824513    
       84971  0.1741701    
       84972  0.1658890    
       84973  0.1576080    
       84974  0.1493274    
       84975  0.1410470    
       84976  0.1327672    
       84977  0.1244882    
       84978  0.1162102    
       84979  0.1079336    
       84980  9.9658802E-02
       84981  9.1386408E-02
       84982  8.3117351E-02
       84983  7.4853130E-02
       84984  6.6596344E-02
       84985  5.8352042E-02
       84986  5.0130803E-02
       84987  4.1956261E-02
       84988  3.3883769E-02
       84989  2.6047163E-02
       84990  1.8773980E-02
       84991  1.2862090E-02
       84992  1.0156756E-02
       84993  1.2861563E-02
       84994  1.8772658E-02
       84995  2.6044618E-02
       84996  3.3879444E-02
       84997  4.1949499E-02
       84998  5.0120912E-02
       84999  5.8338340E-02
       85000  6.6578209E-02
       85001  7.4830070E-02
       85002  8.3089024E-02
       85003  9.1352671E-02
       85004  9.9619754E-02
       85005  0.1078896    
       85006  0.1161618    
       85007  0.1244361    
       85008  0.1327121    
       85009  0.1409895    
       85010  0.1492679    
       85011  0.1575471    
       85012  0.1658269    
       85013  0.1741070    
       85014  0.1823873    
       85015  0.1906679    
       85016  0.1989485    
       85017  0.2072292    
       85018  0.2155100    
       85019  0.2237907    
       85020  0.2320715    
       85021  0.2403522    
       85022  0.2486329    
       85023  0.2569135    
       85024  0.2651942    
       85025  0.2734748    
       85026  0.2817552    
       85027  0.2900356    
       85028  0.2983158    
       85029  0.3065959    
       85030  0.3148757    
       85031  0.3231553    
       85032  0.3314344    
       85033  0.3397129    
       85034  0.3479906    
       85035  0.3562672    
       85036  0.3645420    
       85037  0.3728145    
       85038  0.3810839    
       85039  0.3893495    
       85040  0.3976108    
       85041  0.4058678    
       85042  0.4141205    
       85043  0.4223692    
       85044  0.4306138    
       85045  0.4388529    
       85046  0.4470835    
       85047  0.4552976    
       85048  0.4634776    
       85049  0.4715862    
       85050  0.4795496    
       85051  0.4872387    
       85052  0.4945122    
       85053  0.5013793    
       85054  0.5079865    
       85055  0.5144694    
       85056  0.5209186    
       85057  0.5273891    
       85058  0.5339150    
       85059  0.5405131    
       85060  0.5471899    
       85061  0.5539470    
       85062  0.5607830    
       85063  0.5676953    
       85064  0.5746806    
       85065  0.5817366    
       85066  0.5888621    
       85067  0.5960571    
       85068  0.6033227    
       85069  0.6106599    
       85070  0.6180654    
       85071  0.6255310    
       85072  0.6330479    
       85073  0.6406106    
       85074  0.6482151    
       85075  0.6558585    
       85076  0.6635382    
       85077  0.6712515    
       85078  0.6789960    
       85079  0.6867692    
       85080  0.6945692    
       85081  0.7023938    
       85082  0.7102410    
       85083  0.7181090    
       85084  0.7259960    
       85085  0.7339007    
       85086  0.7418213    
       85087  0.7497568    
       85088  0.7577060    
       85089  0.7656678    
       85090  0.7736412    
       85091  0.7816254    
       85092  0.7896194    
       85093  0.7976225    
       85094  0.8056340    
       85095  0.8136532    
       85096  0.8216795    
       85097  0.8297124    
       85098  0.8377512    
       85099  0.8457955    
       85100  0.8538451    
       85101  0.8618991    
       85102  0.8699573    
       85103  0.8780193    
       85104  0.8860846    
       85105  0.8941524    
       85106  0.9022216    
       85107  0.9102892    
       85108  0.9183495    
       85109  0.9263892    
       85110  0.9343784    
       85111  0.9422537    
       85112  0.9498927    
       85113  0.9571255    
       85114  0.9638921    
       85115  0.9703475    
       85116  0.9766616    
       85117  0.9829377    
       85118  0.9892315    
       85119  0.9955685    
       85120   1.001956    
       85121   1.008397    
       85122   1.014892    
       85123   1.021441    
       85124   1.028043    
       85125   1.034698    
       85126   1.041405    
       85127   1.048164    
       85128   1.054975    
       85129   1.061838    
       85130   1.068752    
       85131   1.075716    
       85132   1.082731    
       85133   1.089797    
       85134   1.096914    
       85135   1.104084    
       85136   1.111306    
       85137   1.118580    
       85138   1.125901    
       85139   1.133263    
       85140   1.140658    
       85141   1.148083    
       85142   1.155530    
       85143   1.162994    
       85144   1.170465    
       85145   1.177931    
       85146   1.185374    
       85147   1.192771    
       85148   1.200086    
       85149   1.207265    
       85150   1.214235    
       85151   1.220892    
       85152   1.227142    
       85153   1.232970    
       85154   1.238470    
       85155   1.243770    
       85156   1.248988    
       85157   1.254219    
       85158   1.259529    
       85159   1.264956    
       85160   1.270520    
       85161   1.276229    
       85162   1.282084    
       85163   1.288079    
       85164   1.294204    
       85165   1.300449    
       85166   1.306807    
       85167   1.313270    
       85168   1.319831    
       85169   1.326482    
       85170   1.333220    
       85171   1.340039    
       85172   1.346938    
       85173   1.353914    
       85174   1.360966    
       85175   1.368093    
       85176   1.375296    
       85177   1.382576    
       85178   1.389939    
       85179   1.397383    
       85180   1.404903    
       85181   1.412489    
       85182   1.420133    
       85183   1.427830    
       85184   1.435575    
       85185   1.443364    
       85186   1.451193    
       85187   1.459058    
       85188   1.466955    
       85189   1.474880    
       85190   1.482831    
       85191   1.490804    
       85192   1.498796    
       85193   1.506807    
       85194   1.514834    
       85195   1.522875    
       85196   1.530928    
       85197   1.538993    
       85198   1.547069    
       85199   1.555154    
       85200   1.563247    
       85201   1.571348    
       85202   1.579456    
       85203   1.587570    
       85204   1.595689    
       85205   1.603813    
       85206   1.611941    
       85207   1.620072    
       85208   1.628206    
       85209   1.636340    
       85210   1.644474    
       85211   1.652605    
       85212   1.660730    
       85213   1.668844    
       85214   1.676940    
       85215   1.685009    
       85216   1.693035    
       85217   1.700998    
       85218   1.708869    
       85219   1.716614    
       85220   1.724193    
       85221   1.731560    
       85222   1.738674    
       85223   1.745522    
       85224   1.752128    
       85225   1.758554    
       85226   1.764864    
       85227   1.771110    
       85228   1.777322    
       85229   1.783516    
       85230   1.789700    
       85231   1.795879    
       85232   1.802056    
       85233   1.808234    
       85234   1.814421    
       85235   1.820622    
       85236   1.826849    
       85237   1.833116    
       85238   1.839436    
       85239   1.845820    
       85240   1.852277    
       85241   1.858812    
       85242   1.865429    
       85243   1.872129    
       85244   1.878911    
       85245   1.885775    
       85246   1.892716    
       85247   1.899730    
       85248   1.906815    
       85249   1.913967    
       85250   1.921186    
       85251   1.928474    
       85252   1.935830    
       85253   1.943256    
       85254   1.950749    
       85255   1.958306    
       85256   1.965920    
       85257   1.973586    
       85258   1.981301    
       85259   1.989062    
       85260   1.996865    
       85261   2.004706    
       85262   2.012582    
       85263   2.020490    
       85264   2.028426    
       85265   2.036387    
       85266   2.044370    
       85267   2.052372    
       85268   2.060392    
       85269   2.068425    
       85270   2.076465    
       85271   2.084500    
       85272   2.092500    
