      218791   2.110800    
      218792   2.102758    
      218793   2.094721    
      218794   2.086689    
      218795   2.078662    
      218796   2.070641    
      218797   2.062627    
      218798   2.054620    
      218799   2.046621    
      218800   2.038629    
      218801   2.030646    
      218802   2.022672    
      218803   2.014708    
      218804   2.006755    
      218805   1.998813    
      218806   1.990883    
      218807   1.982967    
      218808   1.975066    
      218809   1.967180    
      218810   1.959312    
      218811   1.951462    
      218812   1.943633    
      218813   1.935826    
      218814   1.928043    
      218815   1.920288    
      218816   1.912561    
      218817   1.904867    
      218818   1.897209    
      218819   1.889591    
      218820   1.882018    
      218821   1.874495    
      218822   1.867028    
      218823   1.859625    
      218824   1.852287    
      218825   1.845016    
      218826   1.837810    
      218827   1.830666    
      218828   1.823574    
      218829   1.816516    
      218830   1.809458    
      218831   1.802337    
      218832   1.795065    
      218833   1.787559    
      218834   1.779828    
      218835   1.771954    
      218836   1.764003    
      218837   1.756016    
      218838   1.748010    
      218839   1.739997    
      218840   1.731980    
      218841   1.723964    
      218842   1.715949    
      218843   1.707937    
      218844   1.699929    
      218845   1.691926    
      218846   1.683927    
      218847   1.675936    
      218848   1.667952    
      218849   1.659978    
      218850   1.652014    
      218851   1.644062    
      218852   1.636124    
      218853   1.628200    
      218854   1.620294    
      218855   1.612406    
      218856   1.604538    
      218857   1.596693    
      218858   1.588874    
      218859   1.581082    
      218860   1.573322    
      218861   1.565597    
      218862   1.557910    
      218863   1.550269    
      218864   1.542678    
      218865   1.535146    
      218866   1.527682    
      218867   1.520294    
      218868   1.512988    
      218869   1.505768    
      218870   1.498637    
      218871   1.491600    
      218872   1.484664    
      218873   1.477832    
      218874   1.471110    
      218875   1.464499    
      218876   1.457998    
      218877   1.451602    
      218878   1.445306    
      218879   1.439106    
      218880   1.432995    
      218881   1.426963    
      218882   1.421002    
      218883   1.415105    
      218884   1.409260    
      218885   1.403449    
      218886   1.397628    
      218887   1.391711    
      218888   1.385553    
      218889   1.378987    
      218890   1.371976    
      218891   1.364649    
      218892   1.357142    
      218893   1.349539    
      218894   1.341887    
      218895   1.334209    
      218896   1.326521    
      218897   1.318831    
      218898   1.311145    
      218899   1.303469    
      218900   1.295807    
      218901   1.288162    
      218902   1.280538    
      218903   1.272937    
      218904   1.265363    
      218905   1.257820    
      218906   1.250310    
      218907   1.242839    
      218908   1.235410    
      218909   1.228029    
      218910   1.220701    
      218911   1.213428    
      218912   1.206213    
      218913   1.199057    
      218914   1.191963    
      218915   1.184934    
      218916   1.177973    
      218917   1.171085    
      218918   1.164272    
      218919   1.157539    
      218920   1.150890    
      218921   1.144326    
      218922   1.137851    
      218923   1.131462    
      218924   1.125159    
      218925   1.118940    
      218926   1.112794    
      218927   1.106684    
      218928   1.100539    
      218929   1.094224    
      218930   1.087522    
      218931   1.080266    
      218932   1.072564    
      218933   1.064617    
      218934   1.056552    
      218935   1.048435    
      218936   1.040296    
      218937   1.032148    
      218938   1.023997    
      218939   1.015846    
      218940   1.007695    
      218941  0.9995456    
      218942  0.9913977    
      218943  0.9832516    
      218944  0.9751074    
      218945  0.9669654    
      218946  0.9588257    
      218947  0.9506887    
      218948  0.9425546    
      218949  0.9344236    
      218950  0.9262960    
      218951  0.9181721    
      218952  0.9100524    
      218953  0.9019372    
      218954  0.8938270    
      218955  0.8857222    
      218956  0.8776232    
      218957  0.8695306    
      218958  0.8614450    
      218959  0.8533670    
      218960  0.8452973    
      218961  0.8372369    
      218962  0.8291867    
      218963  0.8211476    
      218964  0.8131206    
      218965  0.8051071    
      218966  0.7971084    
      218967  0.7891262    
      218968  0.7811620    
      218969  0.7732177    
      218970  0.7652954    
      218971  0.7573977    
      218972  0.7495267    
      218973  0.7416855    
      218974  0.7338767    
      218975  0.7261034    
      218976  0.7183686    
      218977  0.7106755    
      218978  0.7030274    
      218979  0.6954278    
      218980  0.6878803    
      218981  0.6803879    
      218982  0.6729531    
      218983  0.6655779    
      218984  0.6582635    
      218985  0.6510119    
      218986  0.6438264    
      218987  0.6367106    
      218988  0.6296706    
      218989  0.6227140    
      218990  0.6158509    
      218991  0.6090927    
      218992  0.6024526    
      218993  0.5959436    
      218994  0.5895762    
      218995  0.5833555    
      218996  0.5772785    
      218997  0.5713362    
      218998  0.5655100    
      218999  0.5597745    
      219000  0.5540960    
      219001  0.5484298    
      219002  0.5427151    
      219003  0.5368620    
      219004  0.5307474    
      219005  0.5242244    
      219006  0.5172219    
      219007  0.5098137    
      219008  0.5021309    
      219009  0.4942780    
      219010  0.4863186    
      219011  0.4782889    
      219012  0.4702093    
      219013  0.4620928    
      219014  0.4539481    
      219015  0.4457824    
      219016  0.4376017    
      219017  0.4294109    
      219018  0.4212134    
      219019  0.4130118    
      219020  0.4048079    
      219021  0.3966027    
      219022  0.3883973    
      219023  0.3801921    
      219024  0.3719878    
      219025  0.3637846    
      219026  0.3555830    
      219027  0.3473833    
      219028  0.3391857    
      219029  0.3309906    
      219030  0.3227982    
      219031  0.3146089    
      219032  0.3064232    
      219033  0.2982413    
      219034  0.2900638    
      219035  0.2818912    
      219036  0.2737241    
      219037  0.2655631    
      219038  0.2574092    
      219039  0.2492632    
      219040  0.2411262    
      219041  0.2329994    
      219042  0.2248844    
      219043  0.2167828    
      219044  0.2086968    
      219045  0.2006288    
      219046  0.1925816    
      219047  0.1845589    
      219048  0.1765647    
      219049  0.1686039    
      219050  0.1606824    
      219051  0.1528071    
      219052  0.1449855    
      219053  0.1372260    
      219054  0.1295366    
      219055  0.1219234    
      219056  0.1143895    
      219057  0.1069310    
      219058  9.9535078E-02
      219059  9.2175826E-02
      219060  8.4814608E-02
      219061  7.7406749E-02
      219062  6.9916494E-02
      219063  6.2339552E-02
      219064  5.4705858E-02
      219065  4.7056992E-02
      219066  3.9428622E-02
      219067  3.1874668E-02
      219068  2.4520423E-02
      219069  1.7678749E-02
      219070  1.2110956E-02
      219071  9.5644547E-03
      219072  1.2114275E-02
      219073  1.7687285E-02
      219074  2.4537820E-02
      219075  3.1907022E-02
      219076  3.9485533E-02
      219077  4.7152884E-02
      219078  5.4860942E-02
      219079  6.2580504E-02
      219080  7.0274591E-02
      219081  7.7905893E-02
      219082  8.5457176E-02
      219083  9.2937991E-02
      219084  0.1003717    
      219085  0.1077821    
      219086  0.1151878    
      219087  0.1226012    
      219088  0.1300302    
      219089  0.1374792    
      219090  0.1449513    
      219091  0.1524484    
      219092  0.1599727    
      219093  0.1675256    
      219094  0.1751076    
      219095  0.1827187    
      219096  0.1903590    
      219097  0.1980291    
      219098  0.2057298    
      219099  0.2134616    
      219100  0.2212244    
      219101  0.2290178    
      219102  0.2368408    
      219103  0.2446919    
      219104  0.2525694    
      219105  0.2604714    
      219106  0.2683959    
      219107  0.2763412    
      219108  0.2843055    
      219109  0.2922873    
      219110  0.3002851    
      219111  0.3082975    
      219112  0.3163231    
      219113  0.3243610    
      219114  0.3324100    
      219115  0.3404692    
      219116  0.3485377    
      219117  0.3566148    
      219118  0.3646998    
      219119  0.3727919    
      219120  0.3808906    
      219121  0.3889954    
      219122  0.3971058    
      219123  0.4052212    
      219124  0.4133414    
      219125  0.4214660    
      219126  0.4295946    
      219127  0.4377269    
      219128  0.4458626    
      219129  0.4540014    
      219130  0.4621432    
      219131  0.4702877    
      219132  0.4784346    
      219133  0.4865839    
      219134  0.4947353    
      219135  0.5028886    
      219136  0.5110438    
      219137  0.5192006    
      219138  0.5273590    
      219139  0.5355188    
      219140  0.5436798    
      219141  0.5518421    
      219142  0.5600054    
      219143  0.5681698    
      219144  0.5763351    
      219145  0.5845012    
      219146  0.5926681    
      219147  0.6008356    
      219148  0.6090037    
      219149  0.6171724    
      219150  0.6253415    
      219151  0.6335111    
      219152  0.6416811    
      219153  0.6498513    
      219154  0.6580218    
      219155  0.6661925    
      219156  0.6743634    
      219157  0.6825345    
      219158  0.6907055    
      219159  0.6988766    
      219160  0.7070477    
      219161  0.7152187    
      219162  0.7233896    
      219163  0.7315605    
      219164  0.7397311    
      219165  0.7479016    
      219166  0.7560718    
      219167  0.7642418    
      219168  0.7724115    
      219169  0.7805808    
      219170  0.7887498    
      219171  0.7969183    
      219172  0.8050863    
      219173  0.8132539    
      219174  0.8214211    
      219175  0.8295876    
      219176  0.8377535    
      219177  0.8459189    
      219178  0.8540835    
      219179  0.8622476    
      219180  0.8704109    
      219181  0.8785734    
