      274330   2.148496    
      274331   2.141168    
      274332   2.133660    
      274333   2.126057    
      274334   2.118404    
      274335   2.110726    
      274336   2.103038    
      274337   2.095348    
      274338   2.087662    
      274339   2.079986    
      274340   2.072324    
      274341   2.064679    
      274342   2.057054    
      274343   2.049454    
      274344   2.041880    
      274345   2.034337    
      274346   2.026827    
      274347   2.019356    
      274348   2.011927    
      274349   2.004546    
      274350   1.997218    
      274351   1.989945    
      274352   1.982730    
      274353   1.975575    
      274354   1.968481    
      274355   1.961452    
      274356   1.954491    
      274357   1.947603    
      274358   1.940791    
      274359   1.934058    
      274360   1.927408    
      274361   1.920842    
      274362   1.914358    
      274363   1.907949    
      274364   1.901591    
      274365   1.895238    
      274366   1.888798    
      274367   1.882109    
      274368   1.874977    
      274369   1.867383    
      274370   1.859491    
      274371   1.851446    
      274372   1.843331    
      274373   1.835183    
      274374   1.827022    
      274375   1.818855    
      274376   1.810686    
      274377   1.802517    
      274378   1.794348    
      274379   1.786180    
      274380   1.778014    
      274381   1.769848    
      274382   1.761684    
      274383   1.753521    
      274384   1.745360    
      274385   1.737200    
      274386   1.729042    
      274387   1.720887    
      274388   1.712733    
      274389   1.704583    
      274390   1.696435    
      274391   1.688290    
      274392   1.680149    
      274393   1.672011    
      274394   1.663878    
      274395   1.655749    
      274396   1.647625    
      274397   1.639507    
      274398   1.631394    
      274399   1.623288    
      274400   1.615189    
      274401   1.607098    
      274402   1.599016    
      274403   1.590943    
      274404   1.582881    
      274405   1.574831    
      274406   1.566795    
      274407   1.558773    
      274408   1.550767    
      274409   1.542780    
      274410   1.534814    
      274411   1.526871    
      274412   1.518954    
      274413   1.511066    
      274414   1.503212    
      274415   1.495394    
      274416   1.487618    
      274417   1.479887    
      274418   1.472205    
      274419   1.464576    
      274420   1.457003    
      274421   1.449489    
      274422   1.442034    
      274423   1.434640    
      274424   1.427308    
      274425   1.420039    
      274426   1.412835    
      274427   1.405702    
      274428   1.398643    
      274429   1.391666    
      274430   1.384783    
      274431   1.378003    
      274432   1.371339    
      274433   1.364805    
      274434   1.358410    
      274435   1.352159    
      274436   1.346049    
      274437   1.340067    
      274438   1.334194    
      274439   1.328403    
      274440   1.322657    
      274441   1.316908    
      274442   1.311090    
      274443   1.305112    
      274444   1.298859    
      274445   1.292217    
      274446   1.285152    
      274447   1.277730    
      274448   1.270055    
      274449   1.262216    
      274450   1.254272    
      274451   1.246255    
      274452   1.238187    
      274453   1.230081    
      274454   1.221946    
      274455   1.213790    
      274456   1.205618    
      274457   1.197435    
      274458   1.189246    
      274459   1.181053    
      274460   1.172857    
      274461   1.164660    
      274462   1.156463    
      274463   1.148267    
      274464   1.140071    
      274465   1.131876    
      274466   1.123684    
      274467   1.115493    
      274468   1.107305    
      274469   1.099120    
      274470   1.090937    
      274471   1.082758    
      274472   1.074584    
      274473   1.066413    
      274474   1.058248    
      274475   1.050088    
      274476   1.041934    
      274477   1.033787    
      274478   1.025649    
      274479   1.017520    
      274480   1.009401    
      274481   1.001294    
      274482  0.9932015    
      274483  0.9851246    
      274484  0.9770662    
      274485  0.9690295    
      274486  0.9610184    
      274487  0.9530374    
      274488  0.9450923    
      274489  0.9371901    
      274490  0.9293399    
      274491  0.9215522    
      274492  0.9138404    
      274493  0.9062185    
      274494  0.8987021    
      274495  0.8913057    
      274496  0.8840415    
      274497  0.8769190    
      274498  0.8699449    
      274499  0.8631214    
      274500  0.8564446    
      274501  0.8499063    
      274502  0.8434941    
      274503  0.8371922    
      274504  0.8309828    
      274505  0.8248485    
      274506  0.8187758    
      274507  0.8127549    
      274508  0.8067808    
      274509  0.8008525    
      274510  0.7949711    
      274511  0.7891400    
      274512  0.7833642    
      274513  0.7776495    
      274514  0.7720011    
      274515  0.7664194    
      274516  0.7608958    
      274517  0.7554076    
      274518  0.7499105    
      274519  0.7443252    
      274520  0.7385216    
      274521  0.7323184    
      274522  0.7255522    
      274523  0.7182574    
      274524  0.7106041    
      274525  0.7027401    
      274526  0.6947526    
      274527  0.6866882    
      274528  0.6785725    
      274529  0.6704202    
      274530  0.6622404    
      274531  0.6540396    
      274532  0.6458225    
      274533  0.6375933    
      274534  0.6293551    
      274535  0.6211104    
      274536  0.6128607    
      274537  0.6046070    
      274538  0.5963500    
      274539  0.5880901    
      274540  0.5798275    
      274541  0.5715625    
      274542  0.5632946    
      274543  0.5550243    
      274544  0.5467512    
      274545  0.5384759    
      274546  0.5301996    
      274547  0.5219229    
      274548  0.5136458    
      274549  0.5053684    
      274550  0.4970908    
      274551  0.4888131    
      274552  0.4805353    
      274553  0.4722572    
      274554  0.4639789    
      274555  0.4557006    
      274556  0.4474220    
      274557  0.4391433    
      274558  0.4308645    
      274559  0.4225855    
      274560  0.4143064    
      274561  0.4060271    
      274562  0.3977478    
      274563  0.3894683    
      274564  0.3811887    
      274565  0.3729090    
      274566  0.3646291    
      274567  0.3563492    
      274568  0.3480692    
      274569  0.3397891    
      274570  0.3315089    
      274571  0.3232286    
      274572  0.3149482    
      274573  0.3066677    
      274574  0.2983871    
      274575  0.2901065    
      274576  0.2818258    
      274577  0.2735450    
      274578  0.2652641    
      274579  0.2569832    
      274580  0.2487022    
      274581  0.2404211    
      274582  0.2321399    
      274583  0.2238588    
      274584  0.2155776    
      274585  0.2072963    
      274586  0.1990150    
      274587  0.1907337    
      274588  0.1824525    
      274589  0.1741712    
      274590  0.1658901    
      274591  0.1576092    
      274592  0.1493285    
      274593  0.1410481    
      274594  0.1327683    
      274595  0.1244893    
      274596  0.1162113    
      274597  0.1079347    
      274598  9.9659875E-02
      274599  9.1387466E-02
      274600  8.3118409E-02
      274601  7.4854165E-02
      274602  6.6597372E-02
      274603  5.8353044E-02
      274604  5.0131764E-02
      274605  4.1957177E-02
      274606  3.3884622E-02
      274607  2.6047930E-02
      274608  1.8774647E-02
      274609  1.2862684E-02
      274610  1.0157422E-02
      274611  1.2862682E-02
      274612  1.8774645E-02
      274613  2.6047925E-02
      274614  3.3884618E-02
      274615  4.1957177E-02
      274616  5.0131768E-02
      274617  5.8353044E-02
      274618  6.6597372E-02
      274619  7.4854173E-02
      274620  8.3118409E-02
      274621  9.1387480E-02
