      133561   1.836970    
      133562   1.828901    
      133563   1.820832    
      133564   1.812765    
      133565   1.804698    
      133566   1.796632    
      133567   1.788568    
      133568   1.780505    
      133569   1.772443    
      133570   1.764383    
      133571   1.756324    
      133572   1.748266    
      133573   1.740211    
      133574   1.732157    
      133575   1.724105    
      133576   1.716056    
      133577   1.708009    
      133578   1.699964    
      133579   1.691921    
      133580   1.683882    
      133581   1.675845    
      133582   1.667811    
      133583   1.659781    
      133584   1.651754    
      133585   1.643731    
      133586   1.635712    
      133587   1.627697    
      133588   1.619687    
      133589   1.611681    
      133590   1.603681    
      133591   1.595685    
      133592   1.587696    
      133593   1.579712    
      133594   1.571735    
      133595   1.563765    
      133596   1.555803    
      133597   1.547848    
      133598   1.539901    
      133599   1.531964    
      133600   1.524036    
      133601   1.516118    
      133602   1.508211    
      133603   1.500316    
      133604   1.492433    
      133605   1.484564    
      133606   1.476709    
      133607   1.468871    
      133608   1.461049    
      133609   1.453245    
      133610   1.445462    
      133611   1.437699    
      133612   1.429960    
      133613   1.422246    
      133614   1.414560    
      133615   1.406904    
      133616   1.399281    
      133617   1.391695    
      133618   1.384150    
      133619   1.376650    
      133620   1.369201    
      133621   1.361808    
      133622   1.354474    
      133623   1.347200    
      133624   1.339984    
      133625   1.332824    
      133626   1.325716    
      133627   1.318656    
      133628   1.311641    
      133629   1.304664    
      133630   1.297721    
      133631   1.290811    
      133632   1.283931    
      133633   1.277084    
      133634   1.270271    
      133635   1.263499    
      133636   1.256770    
      133637   1.250090    
      133638   1.243464    
      133639   1.236896    
      133640   1.230389    
      133641   1.223945    
      133642   1.217561    
      133643   1.211236    
      133644   1.204967    
      133645   1.198745    
      133646   1.192562    
      133647   1.186400    
      133648   1.180227    
      133649   1.173982    
      133650   1.167564    
      133651   1.160819    
      133652   1.153612    
      133653   1.146004    
      133654   1.138160    
      133655   1.130199    
      133656   1.122184    
      133657   1.114145    
      133658   1.106094    
      133659   1.098037    
      133660   1.089979    
      133661   1.081919    
      133662   1.073859    
      133663   1.065799    
      133664   1.057741    
      133665   1.049683    
      133666   1.041628    
      133667   1.033575    
      133668   1.025525    
      133669   1.017478    
      133670   1.009435    
      133671   1.001396    
      133672  0.9933611    
      133673  0.9853311    
      133674  0.9773064    
      133675  0.9692874    
      133676  0.9612746    
      133677  0.9532684    
      133678  0.9452693    
      133679  0.9372778    
      133680  0.9292946    
      133681  0.9213202    
      133682  0.9133552    
      133683  0.9054003    
      133684  0.8974563    
      133685  0.8895241    
      133686  0.8816045    
      133687  0.8736987    
      133688  0.8658076    
      133689  0.8579326    
      133690  0.8500751    
      133691  0.8422366    
      133692  0.8344189    
      133693  0.8266238    
      133694  0.8188533    
      133695  0.8111097    
      133696  0.8033957    
      133697  0.7957144    
      133698  0.7880694    
      133699  0.7804646    
      133700  0.7729052    
      133701  0.7653970    
      133702  0.7579459    
      133703  0.7505577    
      133704  0.7432356    
      133705  0.7359796    
      133706  0.7287881    
      133707  0.7216574    
      133708  0.7145789    
      133709  0.7075320    
      133710  0.7004804    
      133711  0.6933594    
      133712  0.6860754    
      133713  0.6785497    
      133714  0.6708020    
      133715  0.6629165    
      133716  0.6549588    
      133717  0.6469656    
      133718  0.6389560    
      133719  0.6309390    
      133720  0.6229196    
      133721  0.6149002    
      133722  0.6068826    
      133723  0.5988678    
      133724  0.5908568    
      133725  0.5828503    
      133726  0.5748494    
      133727  0.5668551    
      133728  0.5588686    
      133729  0.5508912    
      133730  0.5429243    
      133731  0.5349694    
      133732  0.5270280    
      133733  0.5191015    
      133734  0.5111916    
      133735  0.5033000    
      133736  0.4954285    
      133737  0.4875796    
      133738  0.4797555    
      133739  0.4719591    
      133740  0.4641932    
      133741  0.4564616    
      133742  0.4487685    
      133743  0.4411190    
      133744  0.4335192    
      133745  0.4259767    
      133746  0.4184999    
      133747  0.4110972    
      133748  0.4037751    
      133749  0.3965368    
      133750  0.3893854    
      133751  0.3823249    
      133752  0.3753598    
      133753  0.3684933    
      133754  0.3617250    
      133755  0.3550474    
      133756  0.3484374    
      133757  0.3418525    
      133758  0.3352180    
      133759  0.3284124    
      133760  0.3212825    
      133761  0.3137393    
      133762  0.3058722    
      133763  0.2978184    
      133764  0.2896661    
      133765  0.2814642    
      133766  0.2732382    
      133767  0.2650003    
      133768  0.2567564    
      133769  0.2485088    
      133770  0.2402584    
      133771  0.2320054    
      133772  0.2237497    
      133773  0.2154908    
      133774  0.2072288    
      133775  0.1989638    
      133776  0.1906957    
      133777  0.1824250    
      133778  0.1741520    
      133779  0.1658769    
      133780  0.1576002    
      133781  0.1493224    
      133782  0.1410441    
      133783  0.1327657    
      133784  0.1244875    
      133785  0.1162101    
      133786  0.1079339    
      133787  9.9659339E-02
      133788  9.1387108E-02
      133789  8.3118170E-02
      133790  7.4854016E-02
      133791  6.6597268E-02
      133792  5.8352977E-02
      133793  5.0131723E-02
      133794  4.1957151E-02
      133795  3.3884604E-02
      133796  2.6047915E-02
      133797  1.8774640E-02
      133798  1.2862679E-02
      133799  1.0157419E-02
      133800  1.2862679E-02
      133801  1.8774640E-02
      133802  2.6047915E-02
      133803  3.3884600E-02
      133804  4.1957147E-02
      133805  5.0131720E-02
      133806  5.8352970E-02
      133807  6.6597261E-02
      133808  7.4854009E-02
      133809  8.3118170E-02
      133810  9.1387123E-02
      133811  9.9659353E-02
      133812  0.1079339    
      133813  0.1162102    
      133814  0.1244878    
      133815  0.1327663    
      133816  0.1410455    
      133817  0.1493251    
      133818  0.1576051    
      133819  0.1658853    
      133820  0.1741655    
      133821  0.1824459    
      133822  0.1907263    
      133823  0.1990067    
      133824  0.2072872    
      133825  0.2155677    
      133826  0.2238481    
      133827  0.2321286    
      133828  0.2404092    
      133829  0.2486897    
      133830  0.2569702    
      133831  0.2652507    
      133832  0.2735312    
      133833  0.2818117    
      133834  0.2900921    
      133835  0.2983725    
      133836  0.3066528    
      133837  0.3149331    
      133838  0.3232133    
      133839  0.3314935    
      133840  0.3397735    
      133841  0.3480534    
      133842  0.3563331    
      133843  0.3646125    
      133844  0.3728916    
      133845  0.3811701    
      133846  0.3894477    
      133847  0.3977239    
      133848  0.4059975    
      133849  0.4142671    
      133850  0.4225295    
      133851  0.4307798    
      133852  0.4390090    
      133853  0.4472024    
      133854  0.4553348    
      133855  0.4633659    
      133856  0.4712413    
      133857  0.4789539    
      133858  0.4865490    
      133859  0.4940734    
      133860  0.5015619    
      133861  0.5090365    
      133862  0.5165087    
      133863  0.5239819    
      133864  0.5314537    
      133865  0.5389163    
      133866  0.5463541    
      133867  0.5537434    
      133868  0.5610481    
      133869  0.5682155    
      133870  0.5751691    
      133871  0.5818079    
      133872  0.5880380    
      133873  0.5938504    
      133874  0.5993392    
      133875  0.6046325    
      133876  0.6098464    
      133877  0.6150733    
      133878  0.6203794    
      133879  0.6258049    
      133880  0.6313694    
      133881  0.6370803    
      133882  0.6429368    
      133883  0.6489328    
      133884  0.6550579    
      133885  0.6613027    
      133886  0.6676605    
      133887  0.6741235    
      133888  0.6806841    
      133889  0.6873356    
      133890  0.6940729    
      133891  0.7008924    
      133892  0.7077913    
      133893  0.7147674    
      133894  0.7218193    
      133895  0.7289463    
      133896  0.7361490    
      133897  0.7434297    
      133898  0.7507923    
      133899  0.7582366    
      133900  0.7657567    
      133901  0.7733426    
      133902  0.7809867    
      133903  0.7886834    
      133904  0.7964284    
      133905  0.8042177    
      133906  0.8120468    
      133907  0.8199118    
      133908  0.8278089    
      133909  0.8357341    
      133910  0.8436846    
      133911  0.8516575    
      133912  0.8596504    
      133913  0.8676610    
      133914  0.8756876    
      133915  0.8837284    
      133916  0.8917820    
      133917  0.8998471    
      133918  0.9079226    
      133919  0.9160074    
      133920  0.9241007    
      133921  0.9322015    
      133922  0.9403092    
      133923  0.9484230    
      133924  0.9565423    
      133925  0.9646663    
      133926  0.9727943    
      133927  0.9809256    
      133928  0.9890590    
      133929  0.9971934    
      133930   1.005327    
      133931   1.013458    
      133932   1.021583    
      133933   1.029697    
      133934   1.037794    
      133935   1.045862    
      133936   1.053889    
      133937   1.061851    
      133938   1.069722    
      133939   1.077467    
      133940   1.085046    
      133941   1.092412    
      133942   1.099527    
      133943   1.106375    
      133944   1.112980    
      133945   1.119406    
      133946   1.125716    
      133947   1.131962    
      133948   1.138174    
      133949   1.144368    
      133950   1.150552    
      133951   1.156731    
      133952   1.162907    
      133953   1.169086    
      133954   1.175272    
      133955   1.181473    
      133956   1.187701    
      133957   1.193967    
      133958   1.200288    
      133959   1.206672    
      133960   1.213129    
      133961   1.219664    
      133962   1.226281    
      133963   1.232982    
      133964   1.239764    
      133965   1.246627    
      133966   1.253568    
      133967   1.260583    
      133968   1.267667    
      133969   1.274819    
      133970   1.282039    
      133971   1.289326    
      133972   1.296682    
      133973   1.304108    
      133974   1.311602    
      133975   1.319158    
      133976   1.326772    
      133977   1.334439    
      133978   1.342154    
      133979   1.349914    
      133980   1.357717    
      133981   1.365558    
      133982   1.373435    
      133983   1.381343    
      133984   1.389278    
      133985   1.397239    
      133986   1.405223    
      133987   1.413226    
      133988   1.421246    
      133989   1.429283    
      133990   1.437334    
      133991   1.445398    
      133992   1.453473    
      133993   1.461559    
      133994   1.469654    
      133995   1.477757    
      133996   1.485868    
      133997   1.493987    
      133998   1.502111    
      133999   1.510242    
      134000   1.518377    
      134001   1.526518    
      134002   1.534663    
      134003   1.542812    
      134004   1.550965    
      134005   1.559121    
      134006   1.567280    
      134007   1.575442    
      134008   1.583607    
      134009   1.591775    
      134010   1.599944    
      134011   1.608116    
      134012   1.616289    
      134013   1.624464    
      134014   1.632641    
      134015   1.640819    
      134016   1.648999    
      134017   1.657179    
      134018   1.665361    
      134019   1.673544    
      134020   1.681727    
      134021   1.689912    
      134022   1.698097    
      134023   1.706283    
      134024   1.714469    
      134025   1.722656    
      134026   1.730844    
      134027   1.739032    
      134028   1.747221    
      134029   1.755409    
      134030   1.763599    
      134031   1.771788    
      134032   1.779978    
      134033   1.788167    
      134034   1.796358    
      134035   1.804548    
      134036   1.812738    
      134037   1.820929    
      134038   1.829120    
      134039   1.837311    
      134040   1.845502    
      134041   1.853693    
      134042   1.861884    
      134043   1.870075    
      134044   1.878266    
      134045   1.886457    
      134046   1.894648    
      134047   1.902839    
      134048   1.911030    
      134049   1.919222    
      134050   1.927413    
      134051   1.935604    
      134052   1.943796    
      134053   1.951987    
      134054   1.960178    
      134055   1.968369    
      134056   1.976561    
      134057   1.984752    
      134058   1.992944    
      134059   2.001135    
      134060   2.009326    
      134061   2.017517    
