      263110   2.110788    
      263111   2.103753    
      263112   2.096816    
      263113   2.089985    
      263114   2.083263    
      263115   2.076652    
      263116   2.070151    
      263117   2.063755    
      263118   2.057459    
      263119   2.051260    
      263120   2.045148    
      263121   2.039116    
      263122   2.033156    
      263123   2.027258    
      263124   2.021414    
      263125   2.015603    
      263126   2.009782    
      263127   2.003864    
      263128   1.997706    
      263129   1.991139    
      263130   1.984128    
      263131   1.976801    
      263132   1.969294    
      263133   1.961691    
      263134   1.954039    
      263135   1.946361    
      263136   1.938672    
      263137   1.930982    
      263138   1.923297    
      263139   1.915621    
      263140   1.907959    
      263141   1.900313    
      263142   1.892689    
      263143   1.885088    
      263144   1.877515    
      263145   1.869971    
      263146   1.862462    
      263147   1.854990    
      263148   1.847562    
      263149   1.840181    
      263150   1.832853    
      263151   1.825580    
      263152   1.818365    
      263153   1.811209    
      263154   1.804116    
      263155   1.797087    
      263156   1.790126    
      263157   1.783238    
      263158   1.776426    
      263159   1.769693    
      263160   1.763043    
      263161   1.756478    
      263162   1.749997    
      263163   1.743595    
      263164   1.737257    
      263165   1.730948    
      263166   1.724595    
      263167   1.718065    
      263168   1.711160    
      263169   1.703757    
      263170   1.695974    
      263171   1.687982    
      263172   1.679890    
      263173   1.671753    
      263174   1.663596    
      263175   1.655432    
      263176   1.647264    
      263177   1.639095    
      263178   1.630926    
      263179   1.622759    
      263180   1.614592    
      263181   1.606426    
      263182   1.598262    
      263183   1.590099    
      263184   1.581938    
      263185   1.573778    
      263186   1.565620    
      263187   1.557465    
      263188   1.549311    
      263189   1.541161    
      263190   1.533013    
      263191   1.524868    
      263192   1.516727    
      263193   1.508589    
      263194   1.500455    
      263195   1.492326    
      263196   1.484203    
      263197   1.476084    
      263198   1.467971    
      263199   1.459865    
      263200   1.451766    
      263201   1.443675    
      263202   1.435593    
      263203   1.427520    
      263204   1.419458    
      263205   1.411408    
      263206   1.403371    
      263207   1.395349    
      263208   1.387344    
      263209   1.379357    
      263210   1.371391    
      263211   1.363448    
      263212   1.355531    
      263213   1.347643    
      263214   1.339788    
      263215   1.331971    
      263216   1.324195    
      263217   1.316463    
      263218   1.308782    
      263219   1.301153    
      263220   1.293580    
      263221   1.286065    
      263222   1.278610    
      263223   1.271216    
      263224   1.263884    
      263225   1.256615    
      263226   1.249411    
      263227   1.242277    
      263228   1.235219    
      263229   1.228242    
      263230   1.221358    
      263231   1.214578    
      263232   1.207915    
      263233   1.201380    
      263234   1.194985    
      263235   1.188735    
      263236   1.182624    
      263237   1.176642    
      263238   1.170769    
      263239   1.164978    
      263240   1.159232    
      263241   1.153483    
      263242   1.147665    
      263243   1.141687    
      263244   1.135434    
      263245   1.128792    
      263246   1.121727    
      263247   1.114305    
      263248   1.106630    
      263249   1.098791    
      263250   1.090846    
      263251   1.082829    
      263252   1.074762    
      263253   1.066656    
      263254   1.058521    
      263255   1.050364    
      263256   1.042192    
      263257   1.034010    
      263258   1.025821    
      263259   1.017628    
      263260   1.009432    
      263261   1.001235    
      263262  0.9930381    
      263263  0.9848413    
      263264  0.9766456    
      263265  0.9684513    
      263266  0.9602586    
      263267  0.9520680    
      263268  0.9438798    
      263269  0.9356943    
      263270  0.9275119    
      263271  0.9193331    
      263272  0.9111581    
      263273  0.9029877    
      263274  0.8948221    
      263275  0.8866621    
      263276  0.8785084    
      263277  0.8703619    
      263278  0.8622235    
      263279  0.8540943    
      263280  0.8459755    
      263281  0.8378688    
      263282  0.8297759    
      263283  0.8216990    
      263284  0.8136407    
      263285  0.8056040    
      263286  0.7975928    
      263287  0.7896118    
      263288  0.7816666    
      263289  0.7737644    
      263290  0.7659140    
      263291  0.7581264    
      263292  0.7504144    
      263293  0.7427926    
      263294  0.7352761    
      263295  0.7278796    
      263296  0.7206153    
      263297  0.7134925    
      263298  0.7065182    
      263299  0.6996944    
      263300  0.6930171    
      263301  0.6864784    
      263302  0.6800656    
      263303  0.6737631    
      263304  0.6675528    
      263305  0.6614177    
      263306  0.6553438    
      263307  0.6493214    
      263308  0.6433458    
      263309  0.6374155    
      263310  0.6315318    
      263311  0.6256978    
      263312  0.6199183    
      263313  0.6141990    
      263314  0.6085442    
      263315  0.6029532    
      263316  0.5974148    
      263317  0.5918998    
      263318  0.5863484    
      263319  0.5806555    
      263320  0.5746594    
      263321  0.5681565    
      263322  0.5610652    
      263323  0.5535251    
      263324  0.5457139    
      263325  0.5377461    
      263326  0.5296830    
      263327  0.5215573    
      263328  0.5133876    
      263329  0.5051872    
      263330  0.4969652    
      263331  0.4887273    
      263332  0.4804772    
      263333  0.4722182    
      263334  0.4639528    
      263335  0.4556831    
      263336  0.4474103    
      263337  0.4391356    
      263338  0.4308593    
      263339  0.4225821    
      263340  0.4143041    
      263341  0.4060256    
      263342  0.3977468    
      263343  0.3894677    
      263344  0.3811883    
      263345  0.3729088    
      263346  0.3646290    
      263347  0.3563491    
      263348  0.3480692    
      263349  0.3397890    
      263350  0.3315088    
      263351  0.3232285    
      263352  0.3149481    
      263353  0.3066677    
      263354  0.2983871    
      263355  0.2901065    
      263356  0.2818258    
      263357  0.2735450    
      263358  0.2652641    
      263359  0.2569832    
      263360  0.2487022    
      263361  0.2404211    
      263362  0.2321399    
      263363  0.2238588    
      263364  0.2155776    
      263365  0.2072963    
      263366  0.1990150    
      263367  0.1907337    
      263368  0.1824525    
      263369  0.1741712    
      263370  0.1658901    
      263371  0.1576092    
      263372  0.1493285    
      263373  0.1410481    
      263374  0.1327683    
      263375  0.1244893    
      263376  0.1162113    
      263377  0.1079347    
      263378  9.9659875E-02
      263379  9.1387466E-02
      263380  8.3118409E-02
      263381  7.4854165E-02
      263382  6.6597372E-02
      263383  5.8353044E-02
      263384  5.0131764E-02
      263385  4.1957177E-02
      263386  3.3884622E-02
      263387  2.6047930E-02
      263388  1.8774647E-02
      263389  1.2862684E-02
      263390  1.0157422E-02
      263391  1.2862682E-02
      263392  1.8774645E-02
      263393  2.6047925E-02
      263394  3.3884618E-02
      263395  4.1957177E-02
      263396  5.0131768E-02
      263397  5.8353044E-02
      263398  6.6597372E-02
      263399  7.4854173E-02
      263400  8.3118409E-02
      263401  9.1387480E-02
      263402  9.9659875E-02
      263403  0.1079347    
      263404  0.1162113    
      263405  0.1244893    
      263406  0.1327684    
      263407  0.1410481    
      263408  0.1493285    
      263409  0.1576092    
      263410  0.1658901    
      263411  0.1741712    
      263412  0.1824525    
      263413  0.1907337    
      263414  0.1990150    
      263415  0.2072963    
      263416  0.2155775    
      263417  0.2238588    
      263418  0.2321400    
      263419  0.2404211    
      263420  0.2487021    
      263421  0.2569832    
