      138601   1.907939    
      138602   1.899870    
      138603   1.891802    
      138604   1.883734    
      138605   1.875668    
      138606   1.867602    
      138607   1.859537    
      138608   1.851474    
      138609   1.843412    
      138610   1.835352    
      138611   1.827293    
      138612   1.819236    
      138613   1.811180    
      138614   1.803126    
      138615   1.795074    
      138616   1.787025    
      138617   1.778978    
      138618   1.770933    
      138619   1.762890    
      138620   1.754851    
      138621   1.746814    
      138622   1.738780    
      138623   1.730750    
      138624   1.722724    
      138625   1.714700    
      138626   1.706681    
      138627   1.698667    
      138628   1.690656    
      138629   1.682650    
      138630   1.674650    
      138631   1.666655    
      138632   1.658665    
      138633   1.650682    
      138634   1.642705    
      138635   1.634735    
      138636   1.626772    
      138637   1.618817    
      138638   1.610871    
      138639   1.602933    
      138640   1.595005    
      138641   1.587087    
      138642   1.579180    
      138643   1.571285    
      138644   1.563402    
      138645   1.555533    
      138646   1.547679    
      138647   1.539840    
      138648   1.532018    
      138649   1.524215    
      138650   1.516431    
      138651   1.508669    
      138652   1.500930    
      138653   1.493216    
      138654   1.485530    
      138655   1.477874    
      138656   1.470251    
      138657   1.462664    
      138658   1.455119    
      138659   1.447619    
      138660   1.440170    
      138661   1.432777    
      138662   1.425443    
      138663   1.418170    
      138664   1.410954    
      138665   1.403794    
      138666   1.396686    
      138667   1.389626    
      138668   1.382610    
      138669   1.375633    
      138670   1.368691    
      138671   1.361780    
      138672   1.354901    
      138673   1.348053    
      138674   1.341241    
      138675   1.334469    
      138676   1.327740    
      138677   1.321060    
      138678   1.314434    
      138679   1.307866    
      138680   1.301359    
      138681   1.294914    
      138682   1.288531    
      138683   1.282206    
      138684   1.275936    
      138685   1.269715    
      138686   1.263533    
      138687   1.257370    
      138688   1.251197    
      138689   1.244951    
      138690   1.238534    
      138691   1.231788    
      138692   1.224580    
      138693   1.216972    
      138694   1.209128    
      138695   1.201167    
      138696   1.193152    
      138697   1.185113    
      138698   1.177062    
      138699   1.169006    
      138700   1.160947    
      138701   1.152887    
      138702   1.144827    
      138703   1.136767    
      138704   1.128709    
      138705   1.120651    
      138706   1.112596    
      138707   1.104543    
      138708   1.096493    
      138709   1.088446    
      138710   1.080403    
      138711   1.072364    
      138712   1.064329    
      138713   1.056299    
      138714   1.048274    
      138715   1.040255    
      138716   1.032242    
      138717   1.024236    
      138718   1.016237    
      138719   1.008245    
      138720   1.000262    
      138721  0.9922875    
      138722  0.9843223    
      138723  0.9763674    
      138724  0.9684234    
      138725  0.9604912    
      138726  0.9525715    
      138727  0.9446656    
      138728  0.9367744    
      138729  0.9288993    
      138730  0.9210417    
      138731  0.9132031    
      138732  0.9053853    
      138733  0.8975900    
      138734  0.8898194    
      138735  0.8820757    
      138736  0.8743615    
      138737  0.8666799    
      138738  0.8590345    
      138739  0.8514295    
      138740  0.8438697    
      138741  0.8363605    
      138742  0.8289083    
      138743  0.8215187    
      138744  0.8141943    
      138745  0.8069352    
      138746  0.7997394    
      138747  0.7926027    
      138748  0.7855153    
      138749  0.7784568    
      138750  0.7713904    
      138751  0.7642526    
      138752  0.7569526    
      138753  0.7494150    
      138754  0.7416614    
      138755  0.7337740    
      138756  0.7258163    
      138757  0.7178241    
      138758  0.7098155    
      138759  0.7017998    
      138760  0.6937815    
      138761  0.6857633    
      138762  0.6777468    
      138763  0.6697329    
      138764  0.6617229    
      138765  0.6537174    
      138766  0.6457173    
      138767  0.6377239    
      138768  0.6297383    
      138769  0.6217617    
      138770  0.6137958    
      138771  0.6058418    
      138772  0.5979012    
      138773  0.5899757    
      138774  0.5820667    
      138775  0.5741760    
      138776  0.5663057    
      138777  0.5584580    
      138778  0.5506351    
      138779  0.5428400    
      138780  0.5350757    
      138781  0.5273457    
      138782  0.5196545    
      138783  0.5120072    
      138784  0.5044100    
      138785  0.4968705    
      138786  0.4893972    
      138787  0.4819987    
      138788  0.4746814    
      138789  0.4674486    
      138790  0.4603035    
      138791  0.4532506    
      138792  0.4462951    
      138793  0.4394414    
      138794  0.4326921    
      138795  0.4260463    
      138796  0.4194977    
      138797  0.4130293    
      138798  0.4066052    
      138799  0.4001685    
      138800  0.3936228    
      138801  0.3868199    
      138802  0.3795953    
      138803  0.3719359    
      138804  0.3639909    
      138805  0.3558919    
      138806  0.3477153    
      138807  0.3395010    
      138808  0.3312685    
      138809  0.3230268    
      138810  0.3147799    
      138811  0.3065291    
      138812  0.2982749    
      138813  0.2900172    
      138814  0.2817562    
      138815  0.2734919    
      138816  0.2652246    
      138817  0.2569546    
      138818  0.2486819    
      138819  0.2404071    
      138820  0.2321304    
      138821  0.2238523    
      138822  0.2155731    
      138823  0.2072933    
      138824  0.1990130    
      138825  0.1907323    
      138826  0.1824515    
      138827  0.1741705    
      138828  0.1658896    
      138829  0.1576087    
      138830  0.1493281    
      138831  0.1410479    
      138832  0.1327681    
      138833  0.1244891    
      138834  0.1162112    
      138835  0.1079345    
      138836  9.9659741E-02
      138837  9.1387331E-02
      138838  8.3118275E-02
      138839  7.4854046E-02
      138840  6.6597253E-02
      138841  5.8352932E-02
      138842  5.0131656E-02
      138843  4.1957077E-02
      138844  3.3884525E-02
      138845  2.6047841E-02
      138846  1.8774571E-02
      138847  1.2862615E-02
      138848  1.0157347E-02
      138849  1.2862556E-02
      138850  1.8774418E-02
      138851  2.6047546E-02
      138852  3.3884022E-02
      138853  4.1956291E-02
      138854  5.0130509E-02
      138855  5.8351330E-02
      138856  6.6595130E-02
      138857  7.4851342E-02
      138858  8.3114929E-02
      138859  9.1383293E-02
      138860  9.9654980E-02
      138861  0.1079291    
      138862  0.1162049    
      138863  0.1244822    
      138864  0.1327605    
      138865  0.1410396    
      138866  0.1493192    
      138867  0.1575993    
      138868  0.1658797    
      138869  0.1741603    
      138870  0.1824411    
      138871  0.1907220    
      138872  0.1990029    
      138873  0.2072839    
      138874  0.2155649    
      138875  0.2238459    
      138876  0.2321269    
      138877  0.2404078    
      138878  0.2486888    
      138879  0.2569696    
      138880  0.2652505    
      138881  0.2735313    
      138882  0.2818120    
      138883  0.2900926    
      138884  0.2983732    
      138885  0.3066537    
      138886  0.3149341    
      138887  0.3232144    
      138888  0.3314947    
      138889  0.3397748    
      138890  0.3480548    
      138891  0.3563347    
      138892  0.3646144    
      138893  0.3728939    
      138894  0.3811732    
      138895  0.3894522    
      138896  0.3977308    
      138897  0.4060090    
      138898  0.4142863    
      138899  0.4225626    
      138900  0.4308374    
      138901  0.4391100    
      138902  0.4473794    
      138903  0.4556442    
      138904  0.4639021    
      138905  0.4721500    
      138906  0.4803836    
      138907  0.4885965    
      138908  0.4967787    
      138909  0.5049112    
      138910  0.5129557    
      138911  0.5208404    
      138912  0.5284256    
      138913  0.5354772    
      138914  0.5418035    
      138915  0.5475416    
      138916  0.5529624    
      138917  0.5582737    
      138918  0.5636120    
      138919  0.5690500    
      138920  0.5746197    
      138921  0.5803329    
      138922  0.5861905    
      138923  0.5921872    
      138924  0.5983126    
      138925  0.6045577    
      138926  0.6109157    
      138927  0.6173789    
      138928  0.6239397    
      138929  0.6305913    
      138930  0.6373289    
      138931  0.6441486    
      138932  0.6510477    
      138933  0.6580240    
      138934  0.6650760    
      138935  0.6722030    
      138936  0.6794057    
      138937  0.6866865    
      138938  0.6940491    
      138939  0.7014934    
      138940  0.7090135    
      138941  0.7165994    
      138942  0.7242434    
      138943  0.7319402    
      138944  0.7396853    
      138945  0.7474746    
      138946  0.7553037    
      138947  0.7631688    
      138948  0.7710657    
      138949  0.7789910    
      138950  0.7869415    
      138951  0.7949144    
      138952  0.8029073    
      138953  0.8109180    
      138954  0.8189445    
      138955  0.8269854    
      138956  0.8350390    
      138957  0.8431041    
      138958  0.8511797    
      138959  0.8592645    
      138960  0.8673578    
      138961  0.8754587    
      138962  0.8835664    
      138963  0.8916802    
      138964  0.8997994    
      138965  0.9079234    
      138966  0.9160514    
      138967  0.9241827    
      138968  0.9323162    
      138969  0.9404505    
      138970  0.9485844    
      138971  0.9567154    
      138972  0.9648403    
      138973  0.9729544    
      138974  0.9810507    
      138975  0.9891195    
      138976  0.9971457    
      138977   1.005108    
      138978   1.012979    
      138979   1.020724    
      138980   1.028303    
      138981   1.035670    
      138982   1.042784    
      138983   1.049632    
      138984   1.056238    
      138985   1.062663    
      138986   1.068973    
      138987   1.075219    
      138988   1.081431    
      138989   1.087625    
      138990   1.093809    
      138991   1.099988    
      138992   1.106165    
      138993   1.112344    
      138994   1.118530    
      138995   1.124731    
      138996   1.130958    
      138997   1.137225    
      138998   1.143545    
      138999   1.149930    
      139000   1.156386    
      139001   1.162921    
      139002   1.169538    
      139003   1.176239    
      139004   1.183021    
      139005   1.189884    
      139006   1.196825    
      139007   1.203840    
      139008   1.210924    
      139009   1.218076    
      139010   1.225296    
      139011   1.232583    
      139012   1.239940    
      139013   1.247366    
      139014   1.254859    
      139015   1.262416    
      139016   1.270029    
      139017   1.277696    
      139018   1.285411    
      139019   1.293171    
      139020   1.300974    
      139021   1.308815    
      139022   1.316692    
      139023   1.324600    
      139024   1.332536    
      139025   1.340497    
      139026   1.348480    
      139027   1.356483    
      139028   1.364504    
      139029   1.372540    
      139030   1.380592    
      139031   1.388655    
      139032   1.396730    
      139033   1.404816    
      139034   1.412911    
      139035   1.421014    
      139036   1.429125    
      139037   1.437244    
      139038   1.445368    
      139039   1.453499    
      139040   1.461635    
      139041   1.469775    
      139042   1.477920    
      139043   1.486069    
      139044   1.494222    
      139045   1.502378    
      139046   1.510538    
      139047   1.518700    
      139048   1.526865    
      139049   1.535032    
      139050   1.543201    
      139051   1.551373    
      139052   1.559547    
      139053   1.567722    
      139054   1.575898    
      139055   1.584076    
      139056   1.592256    
      139057   1.600436    
      139058   1.608618    
      139059   1.616801    
      139060   1.624985    
      139061   1.633169    
      139062   1.641354    
      139063   1.649540    
      139064   1.657727    
      139065   1.665914    
      139066   1.674102    
      139067   1.682290    
      139068   1.690478    
      139069   1.698667    
      139070   1.706856    
      139071   1.715045    
      139072   1.723235    
      139073   1.731425    
      139074   1.739615    
      139075   1.747806    
      139076   1.755996    
      139077   1.764186    
      139078   1.772377    
      139079   1.780568    
      139080   1.788759    
      139081   1.796950    
      139082   1.805141    
      139083   1.813332    
      139084   1.821523    
      139085   1.829714    
      139086   1.837905    
      139087   1.846097    
      139088   1.854288    
      139089   1.862479    
      139090   1.870670    
      139091   1.878861    
      139092   1.887053    
      139093   1.895244    
      139094   1.903436    
      139095   1.911627    
      139096   1.919818    
      139097   1.928009    
      139098   1.936201    
      139099   1.944392    
      139100   1.952583    
      139101   1.960774    
