      224401   2.093710    
      224402   2.085736    
      224403   2.077772    
      224404   2.069819    
      224405   2.061877    
      224406   2.053947    
      224407   2.046031    
      224408   2.038130    
      224409   2.030244    
      224410   2.022376    
      224411   2.014526    
      224412   2.006697    
      224413   1.998890    
      224414   1.991107    
      224415   1.983351    
      224416   1.975625    
      224417   1.967931    
      224418   1.960273    
      224419   1.952655    
      224420   1.945082    
      224421   1.937559    
      224422   1.930093    
      224423   1.922689    
      224424   1.915351    
      224425   1.908080    
      224426   1.900874    
      224427   1.893730    
      224428   1.886638    
      224429   1.879580    
      224430   1.872521    
      224431   1.865401    
      224432   1.858129    
      224433   1.850623    
      224434   1.842892    
      224435   1.835017    
      224436   1.827067    
      224437   1.819080    
      224438   1.811074    
      224439   1.803061    
      224440   1.795044    
      224441   1.787028    
      224442   1.779013    
      224443   1.771001    
      224444   1.762993    
      224445   1.754989    
      224446   1.746991    
      224447   1.738999    
      224448   1.731016    
      224449   1.723041    
      224450   1.715077    
      224451   1.707125    
      224452   1.699187    
      224453   1.691264    
      224454   1.683357    
      224455   1.675469    
      224456   1.667602    
      224457   1.659757    
      224458   1.651937    
      224459   1.644146    
      224460   1.636385    
      224461   1.628660    
      224462   1.620974    
      224463   1.613332    
      224464   1.605742    
      224465   1.598210    
      224466   1.590745    
      224467   1.583357    
      224468   1.576051    
      224469   1.568832    
      224470   1.561701    
      224471   1.554664    
      224472   1.547728    
      224473   1.540896    
      224474   1.534174    
      224475   1.527563    
      224476   1.521062    
      224477   1.514666    
      224478   1.508370    
      224479   1.502170    
      224480   1.496059    
      224481   1.490027    
      224482   1.484066    
      224483   1.478169    
      224484   1.472324    
      224485   1.466513    
      224486   1.460692    
      224487   1.454774    
      224488   1.448617    
      224489   1.442050    
      224490   1.435039    
      224491   1.427712    
      224492   1.420205    
      224493   1.412602    
      224494   1.404950    
      224495   1.397272    
      224496   1.389584    
      224497   1.381894    
      224498   1.374208    
      224499   1.366532    
      224500   1.358870    
      224501   1.351224    
      224502   1.343600    
      224503   1.335999    
      224504   1.328426    
      224505   1.320882    
      224506   1.313373    
      224507   1.305901    
      224508   1.298473    
      224509   1.291092    
      224510   1.283763    
      224511   1.276491    
      224512   1.269276    
      224513   1.262120    
      224514   1.255026    
      224515   1.247997    
      224516   1.241036    
      224517   1.234148    
      224518   1.227335    
      224519   1.220603    
      224520   1.213953    
      224521   1.207390    
      224522   1.200914    
      224523   1.194525    
      224524   1.188222    
      224525   1.182004    
      224526   1.175857    
      224527   1.169748    
      224528   1.163603    
      224529   1.157289    
      224530   1.150589    
      224531   1.143333    
      224532   1.135632    
      224533   1.127685    
      224534   1.119621    
      224535   1.111504    
      224536   1.103364    
      224537   1.095217    
      224538   1.087066    
      224539   1.078914    
      224540   1.070764    
      224541   1.062614    
      224542   1.054466    
      224543   1.046320    
      224544   1.038176    
      224545   1.030034    
      224546   1.021894    
      224547   1.013757    
      224548   1.005623    
      224549  0.9974920    
      224550  0.9893643    
      224551  0.9812404    
      224552  0.9731207    
      224553  0.9650055    
      224554  0.9568951    
      224555  0.9487903    
      224556  0.9406912    
      224557  0.9325984    
      224558  0.9245127    
      224559  0.9164347    
      224560  0.9083650    
      224561  0.9003047    
      224562  0.8922542    
      224563  0.8842150    
      224564  0.8761879    
      224565  0.8681744    
      224566  0.8601756    
      224567  0.8521932    
      224568  0.8442291    
      224569  0.8362848    
      224570  0.8283625    
      224571  0.8204646    
      224572  0.8125936    
      224573  0.8047522    
      224574  0.7969434    
      224575  0.7891701    
      224576  0.7814354    
      224577  0.7737423    
      224578  0.7660941    
      224579  0.7584946    
      224580  0.7509470    
      224581  0.7434546    
      224582  0.7360198    
      224583  0.7286447    
      224584  0.7213303    
      224585  0.7140788    
      224586  0.7068932    
      224587  0.6997775    
      224588  0.6927375    
      224589  0.6857809    
      224590  0.6789177    
      224591  0.6721596    
      224592  0.6655195    
      224593  0.6590104    
      224594  0.6526431    
      224595  0.6464224    
      224596  0.6403456    
      224597  0.6344032    
      224598  0.6285771    
      224599  0.6228414    
      224600  0.6171626    
      224601  0.6114957    
      224602  0.6057795    
      224603  0.5999231    
      224604  0.5938016    
      224605  0.5872684    
      224606  0.5802600    
      224607  0.5728542    
      224608  0.5651779    
      224609  0.5573325    
      224610  0.5493803    
      224611  0.5413569    
      224612  0.5332832    
      224613  0.5251722    
      224614  0.5170328    
      224615  0.5088720    
      224616  0.5006962    
      224617  0.4925102    
      224618  0.4843177    
      224619  0.4761210    
      224620  0.4679221    
      224621  0.4597221    
      224622  0.4515219    
      224623  0.4433222    
      224624  0.4351235    
      224625  0.4269262    
      224626  0.4187306    
      224627  0.4105372    
      224628  0.4023461    
      224629  0.3941578    
      224630  0.3859726    
      224631  0.3777908    
      224632  0.3696129    
      224633  0.3614394    
      224634  0.3532707    
      224635  0.3451075    
      224636  0.3369505    
      224637  0.3288004    
      224638  0.3206582    
      224639  0.3125249    
      224640  0.3044019    
      224641  0.2962905    
      224642  0.2881925    
      224643  0.2801099    
      224644  0.2720453    
      224645  0.2640017    
      224646  0.2559826    
      224647  0.2479924    
      224648  0.2400364    
      224649  0.2321214    
      224650  0.2242555    
      224651  0.2164486    
      224652  0.2087127    
      224653  0.2010607    
      224654  0.1935065    
      224655  0.1860635    
      224656  0.1787427    
      224657  0.1715518    
      224658  0.1644947    
      224659  0.1575698    
      224660  0.1507698    
      224661  0.1440818    
      224662  0.1374881    
      224663  0.1309661    
      224664  0.1244900    
      224665  0.1180321    
      224666  0.1115646    
      224667  0.1050558    
      224668  9.8466143E-02
      224669  9.1748223E-02
      224670  8.4852286E-02
      224671  7.7744409E-02
      224672  7.0424847E-02
      224673  6.2937990E-02
      224674  5.5349652E-02
      224675  4.7710594E-02
      224676  4.0058151E-02
      224677  3.2448240E-02
      224678  2.5011666E-02
      224679  1.8072277E-02
      224680  1.2414158E-02
      224681  9.8403068E-03
      224682  1.2512295E-02
      224683  1.8314546E-02
      224684  2.5462016E-02
      224685  3.3179849E-02
      224686  4.1148175E-02
      224687  4.9234539E-02
      224688  5.7382673E-02
      224689  6.5567322E-02
      224690  7.3776290E-02
      224691  8.2002968E-02
      224692  9.0243131E-02
      224693  9.8493412E-02
      224694  0.1067511    
      224695  0.1150143    
      224696  0.1232815    
      224697  0.1315516    
      224698  0.1398239    
      224699  0.1480978    
      224700  0.1563730    
      224701  0.1646491    
      224702  0.1729260    
      224703  0.1812035    
      224704  0.1894814    
      224705  0.1977597    
      224706  0.2060383    
      224707  0.2143171    
      224708  0.2225960    
      224709  0.2308751    
      224710  0.2391544    
      224711  0.2474337    
      224712  0.2557130    
      224713  0.2639924    
      224714  0.2722717    
      224715  0.2805510    
      224716  0.2888303    
      224717  0.2971095    
      224718  0.3053887    
      224719  0.3136677    
      224720  0.3219467    
      224721  0.3302255    
      224722  0.3385043    
      224723  0.3467828    
      224724  0.3550612    
      224725  0.3633394    
      224726  0.3716175    
      224727  0.3798954    
      224728  0.3881730    
      224729  0.3964503    
      224730  0.4047274    
      224731  0.4130042    
      224732  0.4212806    
      224733  0.4295566    
      224734  0.4378321    
      224735  0.4461067    
      224736  0.4543799    
      224737  0.4626502    
      224738  0.4709175    
      224739  0.4791815    
      224740  0.4874420    
      224741  0.4956991    
      224742  0.5039524    
      224743  0.5122017    
      224744  0.5204465    
      224745  0.5286865    
      224746  0.5369213    
      224747  0.5451505    
      224748  0.5533743    
      224749  0.5615927    
      224750  0.5698058    
      224751  0.5780143    
      224752  0.5862184    
      224753  0.5944186    
      224754  0.6026157    
      224755  0.6108099    
      224756  0.6190017    
      224757  0.6271914    
      224758  0.6353795    
      224759  0.6435661    
      224760  0.6517515    
      224761  0.6599359    
      224762  0.6681193    
      224763  0.6763021    
      224764  0.6844839    
      224765  0.6926652    
      224766  0.7008460    
      224767  0.7090260    
      224768  0.7172054    
      224769  0.7253842    
      224770  0.7335625    
      224771  0.7417400    
      224772  0.7499169    
      224773  0.7580931    
      224774  0.7662686    
      224775  0.7744434    
      224776  0.7826173    
      224777  0.7907905    
      224778  0.7989628    
      224779  0.8071342    
      224780  0.8153046    
      224781  0.8234740    
