      101641   1.420294    
      101642   1.412225    
      101643   1.404157    
      101644   1.396089    
      101645   1.388023    
      101646   1.379958    
      101647   1.371894    
      101648   1.363831    
      101649   1.355769    
      101650   1.347709    
      101651   1.339650    
      101652   1.331593    
      101653   1.323538    
      101654   1.315484    
      101655   1.307433    
      101656   1.299383    
      101657   1.291336    
      101658   1.283292    
      101659   1.275249    
      101660   1.267210    
      101661   1.259173    
      101662   1.251140    
      101663   1.243110    
      101664   1.235083    
      101665   1.227060    
      101666   1.219041    
      101667   1.211026    
      101668   1.203016    
      101669   1.195010    
      101670   1.187010    
      101671   1.179015    
      101672   1.171025    
      101673   1.163042    
      101674   1.155065    
      101675   1.147095    
      101676   1.139133    
      101677   1.131178    
      101678   1.123232    
      101679   1.115294    
      101680   1.107366    
      101681   1.099448    
      101682   1.091542    
      101683   1.083646    
      101684   1.075764    
      101685   1.067895    
      101686   1.060040    
      101687   1.052201    
      101688   1.044380    
      101689   1.036576    
      101690   1.028793    
      101691   1.021030    
      101692   1.013291    
      101693   1.005577    
      101694  0.9978912    
      101695  0.9902350    
      101696  0.9826119    
      101697  0.9750255    
      101698  0.9674799    
      101699  0.9599798    
      101700  0.9525306    
      101701  0.9451375    
      101702  0.9378037    
      101703  0.9305298    
      101704  0.9233139    
      101705  0.9161533    
      101706  0.9090449    
      101707  0.9019848    
      101708  0.8949687    
      101709  0.8879915    
      101710  0.8810487    
      101711  0.8741375    
      101712  0.8672573    
      101713  0.8604094    
      101714  0.8535968    
      101715  0.8468235    
      101716  0.8400942    
      101717  0.8334137    
      101718  0.8267870    
      101719  0.8202184    
      101720  0.8137110    
      101721  0.8072660    
      101722  0.8008820    
      101723  0.7945566    
      101724  0.7882863    
      101725  0.7820646    
      101726  0.7758805    
      101727  0.7697159    
      101728  0.7635368    
      101729  0.7572807    
      101730  0.7508425    
      101731  0.7440630    
      101732  0.7368174    
      101733  0.7291816    
      101734  0.7213202    
      101735  0.7133482    
      101736  0.7053251    
      101737  0.6972787    
      101738  0.6892215    
      101739  0.6811591    
      101740  0.6730942    
      101741  0.6650282    
      101742  0.6569619    
      101743  0.6488959    
      101744  0.6408309    
      101745  0.6327671    
      101746  0.6247052    
      101747  0.6166453    
      101748  0.6085880    
      101749  0.6005336    
      101750  0.5924825    
      101751  0.5844350    
      101752  0.5763916    
      101753  0.5683524    
      101754  0.5603173    
      101755  0.5522860    
      101756  0.5442582    
      101757  0.5362331    
      101758  0.5282098    
      101759  0.5201867    
      101760  0.5121615    
      101761  0.5041305    
      101762  0.4960885    
      101763  0.4880283    
      101764  0.4799400    
      101765  0.4718128    
      101766  0.4636411    
      101767  0.4554331    
      101768  0.4472035    
      101769  0.4389599    
      101770  0.4307068    
      101771  0.4224467    
      101772  0.4141815    
      101773  0.4059126    
      101774  0.3976409    
      101775  0.3893673    
      101776  0.3810921    
      101777  0.3728157    
      101778  0.3645386    
      101779  0.3562607    
      101780  0.3479823    
      101781  0.3397036    
      101782  0.3314246    
      101783  0.3231453    
      101784  0.3148658    
      101785  0.3065862    
      101786  0.2983065    
      101787  0.2900267    
      101788  0.2817468    
      101789  0.2734669    
      101790  0.2651870    
      101791  0.2569072    
      101792  0.2486275    
      101793  0.2403480    
      101794  0.2320687    
      101795  0.2237900    
      101796  0.2155118    
      101797  0.2072343    
      101798  0.1989575    
      101799  0.1906813    
      101800  0.1824057    
      101801  0.1741305    
      101802  0.1658556    
      101803  0.1575809    
      101804  0.1493061    
      101805  0.1410311    
      101806  0.1327559    
      101807  0.1244805    
      101808  0.1162053    
      101809  0.1079306    
      101810  9.9657118E-02
      101811  9.1385618E-02
      101812  8.3117165E-02
      101813  7.4853338E-02
      101814  6.6596806E-02
      101815  5.8352664E-02
      101816  5.0131507E-02
      101817  4.1957006E-02
      101818  3.3884503E-02
      101819  2.6047848E-02
      101820  1.8774591E-02
      101821  1.2862645E-02
      101822  1.0157388E-02
      101823  1.2862634E-02
      101824  1.8774565E-02
      101825  2.6047792E-02
      101826  3.3884406E-02
      101827  4.1956849E-02
      101828  5.0131261E-02
      101829  5.8352277E-02
      101830  6.6596210E-02
      101831  7.4852422E-02
      101832  8.3115771E-02
      101833  9.1383494E-02
      101834  9.9653877E-02
      101835  0.1079257    
      101836  0.1161978    
      101837  0.1244691    
      101838  0.1327386    
      101839  0.1410053    
      101840  0.1492688    
      101841  0.1575287    
      101842  0.1657855    
      101843  0.1740396    
      101844  0.1822917    
      101845  0.1905420    
      101846  0.1987911    
      101847  0.2070390    
      101848  0.2152855    
      101849  0.2235295    
      101850  0.2317692    
      101851  0.2399999    
      101852  0.2482124    
      101853  0.2563877    
      101854  0.2644901    
      101855  0.2724566    
      101856  0.2801900    
      101857  0.2876077    
      101858  0.2947431    
      101859  0.3017098    
      101860  0.3086072    
      101861  0.3154998    
      101862  0.3224228    
      101863  0.3293964    
      101864  0.3364300    
      101865  0.3435258    
      101866  0.3506841    
      101867  0.3579064    
      101868  0.3651957    
      101869  0.3725534    
      101870  0.3799762    
      101871  0.3874561    
      101872  0.3949853    
      101873  0.4025589    
      101874  0.4101735    
      101875  0.4178262    
      101876  0.4255144    
      101877  0.4332354    
      101878  0.4409866    
      101879  0.4487658    
      101880  0.4565705    
      101881  0.4643990    
      101882  0.4722492    
      101883  0.4801194    
      101884  0.4880078    
      101885  0.4959131    
      101886  0.5038338    
      101887  0.5117689    
      101888  0.5197171    
      101889  0.5276775    
      101890  0.5356491    
      101891  0.5436311    
      101892  0.5516226    
      101893  0.5596229    
      101894  0.5676314    
      101895  0.5756474    
      101896  0.5836704    
      101897  0.5916997    
      101898  0.5997348    
      101899  0.6077753    
      101900  0.6158208    
      101901  0.6238708    
      101902  0.6319249    
      101903  0.6399826    
      101904  0.6480434    
      101905  0.6561065    
      101906  0.6641706    
      101907  0.6722327    
      101908  0.6802862    
      101909  0.6883160    
      101910  0.6962886    
      101911  0.7041335    
      101912  0.7117186    
      101913  0.7188743    
      101914  0.7255759    
      101915  0.7319936    
      101916  0.7382882    
      101917  0.7445552    
      101918  0.7508457    
      101919  0.7571815    
      101920  0.7635690    
      101921  0.7700101    
      101922  0.7765055    
      101923  0.7830546    
      101924  0.7896568    
      101925  0.7963116    
      101926  0.8030187    
      101927  0.8097780    
      101928  0.8165894    
      101929  0.8234522    
      101930  0.8303663    
      101931  0.8373309    
      101932  0.8443460    
      101933  0.8514118    
      101934  0.8585292    
      101935  0.8656988    
      101936  0.8729213    
      101937  0.8801955    
      101938  0.8875167    
      101939  0.8948781    
      101940  0.9022738    
      101941  0.9096981    
      101942  0.9171457    
      101943  0.9246094    
      101944  0.9320804    
      101945  0.9395461    
      101946  0.9469897    
      101947  0.9543866    
      101948  0.9617011    
      101949  0.9688810    
      101950  0.9758500    
      101951  0.9825072    
      101952  0.9887568    
      101953  0.9945850    
      101954   1.000085    
      101955   1.005385    
      101956   1.010603    
      101957   1.015834    
      101958   1.021144    
      101959   1.026571    
      101960   1.032135    
      101961   1.037844    
      101962   1.043699    
      101963   1.049694    
      101964   1.055819    
      101965   1.062064    
      101966   1.068422    
      101967   1.074885    
      101968   1.081446    
      101969   1.088097    
      101970   1.094835    
      101971   1.101654    
      101972   1.108553    
      101973   1.115529    
      101974   1.122581    
      101975   1.129708    
      101976   1.136911    
      101977   1.144192    
      101978   1.151554    
      101979   1.158999    
      101980   1.166519    
      101981   1.174105    
      101982   1.181748    
      101983   1.189445    
      101984   1.197190    
      101985   1.204979    
      101986   1.212809    
      101987   1.220674    
      101988   1.228571    
      101989   1.236496    
      101990   1.244447    
      101991   1.252419    
      101992   1.260412    
      101993   1.268423    
      101994   1.276449    
      101995   1.284490    
      101996   1.292544    
      101997   1.300609    
      101998   1.308684    
      101999   1.316769    
      102000   1.324862    
      102001   1.332963    
      102002   1.341071    
      102003   1.349185    
      102004   1.357304    
      102005   1.365428    
      102006   1.373556    
      102007   1.381688    
      102008   1.389821    
      102009   1.397956    
      102010   1.406089    
      102011   1.414220    
      102012   1.422345    
      102013   1.430459    
      102014   1.438556    
      102015   1.446625    
      102016   1.454651    
      102017   1.462613    
      102018   1.470484    
      102019   1.478229    
      102020   1.485808    
      102021   1.493175    
      102022   1.500289    
      102023   1.507137    
      102024   1.513743    
      102025   1.520168    
      102026   1.526479    
      102027   1.532725    
      102028   1.538937    
      102029   1.545131    
      102030   1.551315    
      102031   1.557494    
      102032   1.563671    
      102033   1.569850    
      102034   1.576036    
      102035   1.582237    
      102036   1.588464    
      102037   1.594731    
      102038   1.601051    
      102039   1.607436    
      102040   1.613892    
      102041   1.620427    
      102042   1.627044    
      102043   1.633744    
      102044   1.640527    
      102045   1.647390    
      102046   1.654331    
      102047   1.661345    
      102048   1.668430    
      102049   1.675582    
      102050   1.682801    
      102051   1.690089    
      102052   1.697445    
      102053   1.704871    
      102054   1.712364    
      102055   1.719921    
      102056   1.727535    
      102057   1.735201    
      102058   1.742916    
      102059   1.750677    
      102060   1.758479    
      102061   1.766321    
      102062   1.774197    
      102063   1.782105    
      102064   1.790041    
      102065   1.798002    
      102066   1.805985    
      102067   1.813988    
      102068   1.822009    
      102069   1.830046    
      102070   1.838097    
      102071   1.846161    
      102072   1.854236    
      102073   1.862321    
      102074   1.870417    
      102075   1.878520    
      102076   1.886631    
      102077   1.894750    
      102078   1.902874    
      102079   1.911005    
      102080   1.919140    
      102081   1.927281    
      102082   1.935426    
      102083   1.943575    
      102084   1.951728    
      102085   1.959884    
      102086   1.968043    
      102087   1.976205    
      102088   1.984370    
      102089   1.992538    
      102090   2.000707    
      102091   2.008879    
      102092   2.017052    
      102093   2.025227    
      102094   2.033404    
      102095   2.041582    
      102096   2.049762    
      102097   2.057941    
      102098   2.066122    
      102099   2.074301    
      102100   2.082474    
      102101   2.090630    
      102102   2.098738    
