       94361   1.327453    
       94362   1.319385    
       94363   1.311318    
       94364   1.303252    
       94365   1.295186    
       94366   1.287122    
       94367   1.279059    
       94368   1.270997    
       94369   1.262937    
       94370   1.254878    
       94371   1.246821    
       94372   1.238765    
       94373   1.230711    
       94374   1.222659    
       94375   1.214610    
       94376   1.206562    
       94377   1.198517    
       94378   1.190474    
       94379   1.182434    
       94380   1.174396    
       94381   1.166362    
       94382   1.158331    
       94383   1.150303    
       94384   1.142279    
       94385   1.134259    
       94386   1.126242    
       94387   1.118230    
       94388   1.110223    
       94389   1.102221    
       94390   1.094223    
       94391   1.086232    
       94392   1.078246    
       94393   1.070266    
       94394   1.062293    
       94395   1.054327    
       94396   1.046369    
       94397   1.038418    
       94398   1.030476    
       94399   1.022543    
       94400   1.014620    
       94401   1.006708    
       94402  0.9988062    
       94403  0.9909164    
       94404  0.9830395    
       94405  0.9751763    
       94406  0.9673280    
       94407  0.9594955    
       94408  0.9516802    
       94409  0.9438833    
       94410  0.9361064    
       94411  0.9283512    
       94412  0.9206191    
       94413  0.9129122    
       94414  0.9052329    
       94415  0.8975837    
       94416  0.8899676    
       94417  0.8823879    
       94418  0.8748486    
       94419  0.8673546    
       94420  0.8599108    
       94421  0.8525221    
       94422  0.8451916    
       94423  0.8379195    
       94424  0.8307040    
       94425  0.8235425    
       94426  0.8164320    
       94427  0.8093687    
       94428  0.8023484    
       94429  0.7953660    
       94430  0.7884178    
       94431  0.7815011    
       94432  0.7746158    
       94433  0.7677631    
       94434  0.7609462    
       94435  0.7541689    
       94436  0.7474355    
       94437  0.7407509    
       94438  0.7341197    
       94439  0.7275459    
       94440  0.7210321    
       94441  0.7145784    
       94442  0.7081803    
       94443  0.7018281    
       94444  0.6954999    
       94445  0.6891519    
       94446  0.6827080    
       94447  0.6760426    
       94448  0.6689900    
       94449  0.6614705    
       94450  0.6536037    
       94451  0.6455442    
       94452  0.6373873    
       94453  0.6291832    
       94454  0.6209563    
       94455  0.6127180    
       94456  0.6044732    
       94457  0.5962242    
       94458  0.5879720    
       94459  0.5797169    
       94460  0.5714588    
       94461  0.5631979    
       94462  0.5549338    
       94463  0.5466665    
       94464  0.5383961    
       94465  0.5301232    
       94466  0.5218490    
       94467  0.5135739    
       94468  0.5052981    
       94469  0.4970218    
       94470  0.4887450    
       94471  0.4804678    
       94472  0.4721902    
       94473  0.4639123    
       94474  0.4556342    
       94475  0.4473559    
       94476  0.4390774    
       94477  0.4307987    
       94478  0.4225199    
       94479  0.4142409    
       94480  0.4059618    
       94481  0.3976825    
       94482  0.3894031    
       94483  0.3811236    
       94484  0.3728440    
       94485  0.3645643    
       94486  0.3562844    
       94487  0.3480045    
       94488  0.3397245    
       94489  0.3314444    
       94490  0.3231642    
       94491  0.3148839    
       94492  0.3066036    
       94493  0.2983231    
       94494  0.2900426    
       94495  0.2817620    
       94496  0.2734814    
       94497  0.2652007    
       94498  0.2569200    
       94499  0.2486392    
       94500  0.2403583    
       94501  0.2320774    
       94502  0.2237965    
       94503  0.2155156    
       94504  0.2072347    
       94505  0.1989537    
       94506  0.1906728    
       94507  0.1823920    
       94508  0.1741112    
       94509  0.1658307    
       94510  0.1575503    
       94511  0.1492703    
       94512  0.1409908    
       94513  0.1327121    
       94514  0.1244343    
       94515  0.1161579    
       94516  0.1078834    
       94517  9.9611305E-02
       94518  9.1342270E-02
       94519  8.3077177E-02
       94520  7.4817434E-02
       94521  6.6565514E-02
       94522  5.8326319E-02
       94523  5.0110176E-02
       94524  4.1940499E-02
       94525  3.3872426E-02
       94526  2.6039612E-02
       94527  1.8769443E-02
       94528  1.2859691E-02
       94529  1.0155594E-02
       94530  1.2861015E-02
       94531  1.8772736E-02
       94532  2.6045704E-02
       94533  3.3882126E-02
       94534  4.1954476E-02
       94535  5.0128914E-02
       94536  5.8350079E-02
       94537  6.6594332E-02
       94538  7.4851081E-02
       94539  8.3115265E-02
       94540  9.1384299E-02
       94541  9.9656671E-02
       94542  0.1079315    
       94543  0.1162080    
       94544  0.1244860    
       94545  0.1327650    
       94546  0.1410446    
       94547  0.1493248    
       94548  0.1576053    
       94549  0.1658860    
       94550  0.1741666    
       94551  0.1824472    
       94552  0.1907274    
       94553  0.1990071    
       94554  0.2072861    
       94555  0.2155640    
       94556  0.2238403    
       94557  0.2321142    
       94558  0.2403852    
       94559  0.2486525    
       94560  0.2569159    
       94561  0.2651754    
       94562  0.2734312    
       94563  0.2816840    
       94564  0.2899339    
       94565  0.2981811    
       94566  0.3064253    
       94567  0.3146648    
       94568  0.3228957    
       94569  0.3311095    
       94570  0.3392881    
       94571  0.3473948    
       94572  0.3553627    
       94573  0.3630810    
       94574  0.3704292    
       94575  0.3774196    
       94576  0.3841807    
       94577  0.3908365    
       94578  0.3974715    
       94579  0.4041339    
       94580  0.4108515    
       94581  0.4176371    
       94582  0.4244942    
       94583  0.4314229    
       94584  0.4384224    
       94585  0.4454914    
       94586  0.4526282    
       94587  0.4598328    
       94588  0.4671075    
       94589  0.4744540    
       94590  0.4818696    
       94591  0.4893464    
       94592  0.4968761    
       94593  0.5044532    
       94594  0.5120737    
       94595  0.5197340    
       94596  0.5274309    
       94597  0.5351610    
       94598  0.5429215    
       94599  0.5507100    
       94600  0.5585238    
       94601  0.5663608    
       94602  0.5742189    
       94603  0.5820963    
       94604  0.5899915    
       94605  0.5979028    
       94606  0.6058290    
       94607  0.6137689    
       94608  0.6217215    
       94609  0.6296858    
       94610  0.6376609    
       94611  0.6456459    
       94612  0.6536400    
       94613  0.6616428    
       94614  0.6696534    
       94615  0.6776711    
       94616  0.6856956    
       94617  0.6937264    
       94618  0.7017627    
       94619  0.7098042    
       94620  0.7178506    
       94621  0.7259014    
       94622  0.7339560    
       94623  0.7420143    
       94624  0.7500755    
       94625  0.7581390    
       94626  0.7662034    
       94627  0.7742657    
       94628  0.7823192    
       94629  0.7903488    
       94630  0.7983208    
       94631  0.8061642    
       94632  0.8137465    
       94633  0.8208981    
       94634  0.8275962    
       94635  0.8340117    
       94636  0.8403050    
       94637  0.8465713    
       94638  0.8528613    
       94639  0.8591970    
       94640  0.8655843    
       94641  0.8720254    
       94642  0.8785205    
       94643  0.8850695    
       94644  0.8916715    
       94645  0.8983263    
       94646  0.9050332    
       94647  0.9117923    
       94648  0.9186034    
       94649  0.9254663    
       94650  0.9323804    
       94651  0.9393450    
       94652  0.9463599    
       94653  0.9534256    
       94654  0.9605429    
       94655  0.9677124    
       94656  0.9749349    
       94657  0.9822091    
       94658  0.9895303    
       94659  0.9968918    
       94660   1.004287    
       94661   1.011711    
       94662   1.019159    
       94663   1.026623    
       94664   1.034094    
       94665   1.041559    
       94666   1.049003    
       94667   1.056400    
       94668   1.063714    
       94669   1.070894    
       94670   1.077863    
       94671   1.084521    
       94672   1.090770    
       94673   1.096599    
       94674   1.102098    
       94675   1.107398    
       94676   1.112617    
       94677   1.117848    
       94678   1.123157    
       94679   1.128585    
       94680   1.134148    
       94681   1.139857    
       94682   1.145712    
       94683   1.151708    
       94684   1.157833    
       94685   1.164078    
       94686   1.170436    
       94687   1.176899    
       94688   1.183459    
       94689   1.190111    
       94690   1.196848    
       94691   1.203668    
       94692   1.210567    
       94693   1.217543    
       94694   1.224595    
       94695   1.231722    
       94696   1.238925    
       94697   1.246205    
       94698   1.253568    
       94699   1.261012    
       94700   1.268532    
       94701   1.276118    
       94702   1.283762    
       94703   1.291458    
       94704   1.299204    
       94705   1.306993    
       94706   1.314822    
       94707   1.322687    
       94708   1.330584    
       94709   1.338509    
       94710   1.346460    
       94711   1.354433    
       94712   1.362425    
       94713   1.370436    
       94714   1.378463    
       94715   1.386504    
       94716   1.394557    
       94717   1.402622    
       94718   1.410698    
       94719   1.418783    
       94720   1.426876    
       94721   1.434977    
       94722   1.443085    
       94723   1.451199    
       94724   1.459318    
       94725   1.467442    
       94726   1.475570    
       94727   1.483701    
       94728   1.491835    
       94729   1.499969    
       94730   1.508103    
       94731   1.516234    
       94732   1.524359    
       94733   1.532473    
       94734   1.540570    
       94735   1.548638    
       94736   1.556664    
       94737   1.564627    
       94738   1.572498    
       94739   1.580243    
       94740   1.587822    
       94741   1.595188    
       94742   1.602303    
       94743   1.609151    
       94744   1.615757    
       94745   1.622182    
       94746   1.628492    
       94747   1.634738    
       94748   1.640950    
       94749   1.647144    
       94750   1.653328    
       94751   1.659507    
       94752   1.665684    
       94753   1.671863    
       94754   1.678049    
       94755   1.684250    
       94756   1.690477    
       94757   1.696744    
       94758   1.703064    
       94759   1.709449    
       94760   1.715905    
       94761   1.722440    
       94762   1.729057    
       94763   1.735757    
       94764   1.742540    
       94765   1.749403    
       94766   1.756344    
       94767   1.763358    
       94768   1.770442    
       94769   1.777595    
       94770   1.784815    
       94771   1.792102    
       94772   1.799458    
       94773   1.806884    
       94774   1.814378    
       94775   1.821934    
       94776   1.829548    
       94777   1.837214    
       94778   1.844929    
       94779   1.852690    
       94780   1.860493    
       94781   1.868334    
       94782   1.876211    
       94783   1.884119    
       94784   1.892054    
       94785   1.900015    
       94786   1.907998    
       94787   1.916002    
       94788   1.924022    
       94789   1.932059    
       94790   1.940110    
       94791   1.948174    
       94792   1.956249    
       94793   1.964335    
       94794   1.972430    
       94795   1.980533    
       94796   1.988645    
       94797   1.996763    
       94798   2.004887    
       94799   2.013018    
       94800   2.021153    
       94801   2.029294    
       94802   2.037439    
       94803   2.045588    
       94804   2.053740    
       94805   2.061895    
       94806   2.070050    
       94807   2.078202    
       94808   2.086339    
       94809   2.094429    
