      148121   2.044515    
      148122   2.036446    
      148123   2.028378    
      148124   2.020310    
      148125   2.012243    
      148126   2.004178    
      148127   1.996113    
      148128   1.988050    
      148129   1.979988    
      148130   1.971927    
      148131   1.963868    
      148132   1.955811    
      148133   1.947755    
      148134   1.939701    
      148135   1.931650    
      148136   1.923600    
      148137   1.915553    
      148138   1.907508    
      148139   1.899465    
      148140   1.891426    
      148141   1.883389    
      148142   1.875355    
      148143   1.867325    
      148144   1.859298    
      148145   1.851275    
      148146   1.843256    
      148147   1.835241    
      148148   1.827231    
      148149   1.819225    
      148150   1.811225    
      148151   1.803229    
      148152   1.795240    
      148153   1.787256    
      148154   1.779279    
      148155   1.771310    
      148156   1.763347    
      148157   1.755392    
      148158   1.747446    
      148159   1.739508    
      148160   1.731580    
      148161   1.723662    
      148162   1.715755    
      148163   1.707860    
      148164   1.699977    
      148165   1.692108    
      148166   1.684253    
      148167   1.676415    
      148168   1.668593    
      148169   1.660790    
      148170   1.653006    
      148171   1.645244    
      148172   1.637505    
      148173   1.629791    
      148174   1.622105    
      148175   1.614449    
      148176   1.606826    
      148177   1.599239    
      148178   1.591694    
      148179   1.584194    
      148180   1.576745    
      148181   1.569352    
      148182   1.562018    
      148183   1.554744    
      148184   1.547529    
      148185   1.540369    
      148186   1.533261    
      148187   1.526201    
      148188   1.519185    
      148189   1.512208    
      148190   1.505266    
      148191   1.498355    
      148192   1.491476    
      148193   1.484628    
      148194   1.477816    
      148195   1.471044    
      148196   1.464315    
      148197   1.457635    
      148198   1.451009    
      148199   1.444441    
      148200   1.437935    
      148201   1.431490    
      148202   1.425107    
      148203   1.418782    
      148204   1.412512    
      148205   1.406291    
      148206   1.400108    
      148207   1.393946    
      148208   1.387773    
      148209   1.381527    
      148210   1.375109    
      148211   1.368364    
      148212   1.361156    
      148213   1.353547    
      148214   1.345703    
      148215   1.337742    
      148216   1.329727    
      148217   1.321687    
      148218   1.313637    
      148219   1.305580    
      148220   1.297521    
      148221   1.289462    
      148222   1.281401    
      148223   1.273342    
      148224   1.265283    
      148225   1.257226    
      148226   1.249170    
      148227   1.241117    
      148228   1.233067    
      148229   1.225020    
      148230   1.216977    
      148231   1.208937    
      148232   1.200902    
      148233   1.192872    
      148234   1.184847    
      148235   1.176828    
      148236   1.168815    
      148237   1.160808    
      148238   1.152809    
      148239   1.144817    
      148240   1.136833    
      148241   1.128858    
      148242   1.120893    
      148243   1.112937    
      148244   1.104993    
      148245   1.097059    
      148246   1.089139    
      148247   1.081232    
      148248   1.073340    
      148249   1.065464    
      148250   1.057605    
      148251   1.049765    
      148252   1.041945    
      148253   1.034148    
      148254   1.026374    
      148255   1.018628    
      148256   1.010910    
      148257   1.003225    
      148258  0.9955744    
      148259  0.9879634    
      148260  0.9803962    
      148261  0.9728779    
      148262  0.9654144    
      148263  0.9580108    
      148264  0.9506705    
      148265  0.9433938    
      148266  0.9361791    
      148267  0.9290227    
      148268  0.9219157    
      148269  0.9148396    
      148270  0.9077601    
      148271  0.9006168    
      148272  0.8933204    
      148273  0.8857929    
      148274  0.8780477    
      148275  0.8701655    
      148276  0.8622108    
      148277  0.8542204    
      148278  0.8462129    
      148279  0.8381979    
      148280  0.8301803    
      148281  0.8221627    
      148282  0.8141468    
      148283  0.8061336    
      148284  0.7981241    
      148285  0.7901192    
      148286  0.7821198    
      148287  0.7741269    
      148288  0.7661420    
      148289  0.7581661    
      148290  0.7502007    
      148291  0.7422475    
      148292  0.7343076    
      148293  0.7263829    
      148294  0.7184747    
      148295  0.7105850    
      148296  0.7027156    
      148297  0.6948689    
      148298  0.6870471    
      148299  0.6792532    
      148300  0.6714903    
      148301  0.6637619    
      148302  0.6560724    
      148303  0.6484271    
      148304  0.6408323    
      148305  0.6332956    
      148306  0.6258256    
      148307  0.6184309    
      148308  0.6111176    
      148309  0.6038893    
      148310  0.5967493    
      148311  0.5897024    
      148312  0.5827540    
      148313  0.5759089    
      148314  0.5691705    
      148315  0.5625397    
      148316  0.5560141    
      148317  0.5495867    
      148318  0.5432451    
      148319  0.5369699    
      148320  0.5307202    
      148321  0.5244280    
      148322  0.5179799    
      148323  0.5112081    
      148324  0.5039533    
      148325  0.4962502    
      148326  0.4882729    
      148327  0.4801534    
      148328  0.4719657    
      148329  0.4637459    
      148330  0.4555104    
      148331  0.4472665    
      148332  0.4390169    
      148333  0.4307627    
      148334  0.4225046    
      148335  0.4142427    
      148336  0.4059775    
      148337  0.3977094    
      148338  0.3894385    
      148339  0.3811653    
      148340  0.3728902    
      148341  0.3646135    
      148342  0.3563357    
      148343  0.3480572    
      148344  0.3397780    
      148345  0.3314984    
      148346  0.3232186    
      148347  0.3149385    
      148348  0.3066582    
      148349  0.2983778    
      148350  0.2900972    
      148351  0.2818166    
      148352  0.2735358    
      148353  0.2652550    
      148354  0.2569741    
      148355  0.2486932    
      148356  0.2404122    
      148357  0.2321311    
      148358  0.2238500    
      148359  0.2155688    
      148360  0.2072876    
      148361  0.1990063    
      148362  0.1907251    
      148363  0.1824439    
      148364  0.1741627    
      148365  0.1658817    
      148366  0.1576008    
      148367  0.1493202    
      148368  0.1410399    
      148369  0.1327603    
      148370  0.1244814    
      148371  0.1162036    
      148372  0.1079272    
      148373  9.9652678E-02
      148374  9.1380671E-02
      148375  8.3112068E-02
      148376  7.4848369E-02
      148377  6.6592149E-02
      148378  5.8348447E-02
      148379  5.0127815E-02
      148380  4.1953884E-02
      148381  3.3881985E-02
      148382  2.6045930E-02
      148383  1.8773234E-02
      148384  1.2861745E-02
      148385  1.0156729E-02
      148386  1.2861884E-02
      148387  1.8773571E-02
      148388  2.6046537E-02
      148389  3.3882927E-02
      148390  4.1955218E-02
      148391  5.0129574E-02
      148392  5.8350652E-02
      148393  6.6594817E-02
      148394  7.4851483E-02
      148395  8.3115615E-02
      148396  9.1384605E-02
      148397  9.9656954E-02
      148398  0.1079317    
      148399  0.1162083    
      148400  0.1244863    
      148401  0.1327653    
      148402  0.1410451    
      148403  0.1493254    
      148404  0.1576060    
      148405  0.1658870    
      148406  0.1741681    
      148407  0.1824493    
      148408  0.1907305    
      148409  0.1990117    
      148410  0.2072929    
      148411  0.2155740    
      148412  0.2238551    
      148413  0.2321360    
      148414  0.2404167    
      148415  0.2486972    
      148416  0.2569774    
      148417  0.2652571    
      148418  0.2735361    
      148419  0.2818141    
      148420  0.2900907    
      148421  0.2983653    
      148422  0.3066369    
      148423  0.3149041    
      148424  0.3231649    
      148425  0.3314166    
      148426  0.3396557    
      148427  0.3478781    
      148428  0.3560786    
      148429  0.3642504    
      148430  0.3723834    
      148431  0.3804611    
      148432  0.3884534    
      148433  0.3962995    
      148434  0.4038872    
      148435  0.4110413    
      148436  0.4176014    
      148437  0.4236308    
      148438  0.4293742    
      148439  0.4350330    
      148440  0.4407280    
      148441  0.4465193    
      148442  0.4524295    
      148443  0.4584638    
      148444  0.4646177    
      148445  0.4708858    
      148446  0.4772626    
      148447  0.4837413    
      148448  0.4903150    
      148449  0.4969774    
      148450  0.5037238    
      148451  0.5105509    
      148452  0.5174560    
      148453  0.5244373    
      148454  0.5314935    
      148455  0.5386238    
      148456  0.5458291    
      148457  0.5531127    
      148458  0.5604779    
      148459  0.5679243    
      148460  0.5754460    
      148461  0.5830334    
      148462  0.5906785    
      148463  0.5983762    
      148464  0.6061221    
      148465  0.6139121    
      148466  0.6217419    
      148467  0.6296075    
      148468  0.6375049    
      148469  0.6454306    
      148470  0.6533813    
      148471  0.6613544    
      148472  0.6693474    
      148473  0.6773582    
      148474  0.6853849    
      148475  0.6934259    
      148476  0.7014796    
      148477  0.7095449    
      148478  0.7176206    
      148479  0.7257055    
      148480  0.7337989    
      148481  0.7419000    
      148482  0.7500078    
      148483  0.7581218    
      148484  0.7662413    
      148485  0.7743655    
      148486  0.7824938    
      148487  0.7906253    
      148488  0.7987590    
      148489  0.8068937    
      148490  0.8150279    
      148491  0.8231592    
      148492  0.8312844    
      148493  0.8393989    
      148494  0.8474957    
      148495  0.8555648    
      148496  0.8635916    
      148497  0.8715548    
      148498  0.8794264    
      148499  0.8871721    
      148500  0.8947514    
      148501  0.9021193    
      148502  0.9092357    
      148503  0.9160851    
      148504  0.9226921    
      148505  0.9291181    
      148506  0.9354291    
      148507  0.9416754    
      148508  0.9478874    
      148509  0.9540817    
      148510  0.9602660    
      148511  0.9664450    
      148512  0.9726220    
      148513  0.9788009    
      148514  0.9849871    
      148515  0.9911883    
      148516  0.9974154    
      148517   1.003682    
      148518   1.010003    
      148519   1.016387    
      148520   1.022844    
      148521   1.029379    
      148522   1.035996    
      148523   1.042696    
      148524   1.049479    
      148525   1.056342    
      148526   1.063283    
      148527   1.070297    
      148528   1.077382    
      148529   1.084534    
      148530   1.091754    
      148531   1.099041    
      148532   1.106398    
      148533   1.113823    
      148534   1.121317    
      148535   1.128873    
      148536   1.136487    
      148537   1.144154    
      148538   1.151869    
      148539   1.159630    
      148540   1.167433    
      148541   1.175274    
      148542   1.183151    
      148543   1.191059    
      148544   1.198995    
      148545   1.206956    
      148546   1.214939    
      148547   1.222942    
      148548   1.230963    
      148549   1.239000    
      148550   1.247051    
      148551   1.255114    
      148552   1.263190    
      148553   1.271276    
      148554   1.279370    
      148555   1.287474    
      148556   1.295585    
      148557   1.303703    
      148558   1.311828    
      148559   1.319958    
      148560   1.328094    
      148561   1.336235    
      148562   1.344380    
      148563   1.352529    
      148564   1.360682    
      148565   1.368838    
      148566   1.376997    
      148567   1.385160    
      148568   1.393325    
      148569   1.401492    
      148570   1.409661    
      148571   1.417833    
      148572   1.426006    
      148573   1.434181    
      148574   1.442358    
      148575   1.450536    
      148576   1.458716    
      148577   1.466896    
      148578   1.475078    
      148579   1.483261    
      148580   1.491445    
      148581   1.499629    
      148582   1.507814    
      148583   1.516001    
      148584   1.524187    
      148585   1.532374    
      148586   1.540562    
      148587   1.548750    
      148588   1.556938    
      148589   1.565127    
      148590   1.573316    
      148591   1.581506    
      148592   1.589695    
      148593   1.597885    
      148594   1.606075    
      148595   1.614265    
      148596   1.622456    
      148597   1.630647    
      148598   1.638837    
      148599   1.647028    
      148600   1.655219    
      148601   1.663410    
      148602   1.671601    
      148603   1.679792    
      148604   1.687983    
      148605   1.696174    
      148606   1.704365    
      148607   1.712556    
      148608   1.720748    
      148609   1.728939    
      148610   1.737130    
      148611   1.745322    
      148612   1.753513    
      148613   1.761704    
      148614   1.769895    
      148615   1.778087    
      148616   1.786278    
      148617   1.794469    
      148618   1.802661    
      148619   1.810852    
      148620   1.819043    
      148621   1.827234    
