       37801  0.5550250    
       37802  0.5467516    
       37803  0.5384761    
       37804  0.5301998    
       37805  0.5219229    
       37806  0.5136458    
       37807  0.5053684    
       37808  0.4970908    
       37809  0.4888131    
       37810  0.4805352    
       37811  0.4722571    
       37812  0.4639789    
       37813  0.4557005    
       37814  0.4474220    
       37815  0.4391433    
       37816  0.4308645    
       37817  0.4225855    
       37818  0.4143064    
       37819  0.4060271    
       37820  0.3977478    
       37821  0.3894683    
       37822  0.3811887    
       37823  0.3729090    
       37824  0.3646291    
       37825  0.3563492    
       37826  0.3480692    
       37827  0.3397890    
       37828  0.3315088    
       37829  0.3232285    
       37830  0.3149481    
       37831  0.3066677    
       37832  0.2983871    
       37833  0.2901064    
       37834  0.2818257    
       37835  0.2735449    
       37836  0.2652641    
       37837  0.2569831    
       37838  0.2487021    
       37839  0.2404211    
       37840  0.2321399    
       37841  0.2238587    
       37842  0.2155775    
       37843  0.2072963    
       37844  0.1990150    
       37845  0.1907337    
       37846  0.1824524    
       37847  0.1741712    
       37848  0.1658901    
       37849  0.1576091    
       37850  0.1493284    
       37851  0.1410481    
       37852  0.1327683    
       37853  0.1244893    
       37854  0.1162113    
       37855  0.1079347    
       37856  9.9659845E-02
       37857  9.1387443E-02
       37858  8.3118379E-02
       37859  7.4854136E-02
       37860  6.6597342E-02
       37861  5.8353014E-02
       37862  5.0131746E-02
       37863  4.1957155E-02
       37864  3.3884600E-02
       37865  2.6047908E-02
       37866  1.8774629E-02
       37867  1.2862667E-02
       37868  1.0157404E-02
       37869  1.2862653E-02
       37870  1.8774593E-02
       37871  2.6047837E-02
       37872  3.3884477E-02
       37873  4.1956954E-02
       37874  5.0131418E-02
       37875  5.8352504E-02
       37876  6.6596553E-02
       37877  7.4852958E-02
       37878  8.3116636E-02
       37879  9.1384947E-02
       37880  9.9656425E-02
       37881  0.1079301    
       37882  0.1162055    
       37883  0.1244821    
       37884  0.1327595    
       37885  0.1410374    
       37886  0.1493156    
       37887  0.1575938    
       37888  0.1658720    
       37889  0.1741499    
       37890  0.1824276    
       37891  0.1907050    
       37892  0.1989821    
       37893  0.2072590    
       37894  0.2155356    
       37895  0.2238121    
       37896  0.2320884    
       37897  0.2403646    
       37898  0.2486407    
       37899  0.2569168    
       37900  0.2651927    
       37901  0.2734685    
       37902  0.2817437    
       37903  0.2900178    
       37904  0.2982893    
       37905  0.3065554    
       37906  0.3148108    
       37907  0.3230447    
       37908  0.3312373    
       37909  0.3393516    
       37910  0.3473248    
       37911  0.3550604    
       37912  0.3624756    
       37913  0.3696037    
       37914  0.3765597    
       37915  0.3834433    
       37916  0.3903190    
       37917  0.3972235    
       37918  0.4041785    
       37919  0.4111955    
       37920  0.4182780    
       37921  0.4254271    
       37922  0.4326442    
       37923  0.4399320    
       37924  0.4472898    
       37925  0.4547113    
       37926  0.4621884    
       37927  0.4697141    
       37928  0.4772837    
       37929  0.4848929    
       37930  0.4925383    
       37931  0.5002168    
       37932  0.5079256    
       37933  0.5156621    
       37934  0.5234241    
       37935  0.5312096    
       37936  0.5390166    
       37937  0.5468435    
       37938  0.5546888    
       37939  0.5625511    
       37940  0.5704290    
       37941  0.5783214    
       37942  0.5862272    
       37943  0.5941454    
       37944  0.6020751    
       37945  0.6100156    
       37946  0.6179661    
       37947  0.6259258    
       37948  0.6338943    
       37949  0.6418708    
       37950  0.6498548    
       37951  0.6578457    
       37952  0.6658430    
       37953  0.6738460    
       37954  0.6818542    
       37955  0.6898668    
       37956  0.6978832    
       37957  0.7059025    
       37958  0.7139239    
       37959  0.7219468    
       37960  0.7299707    
       37961  0.7379946    
       37962  0.7460176    
       37963  0.7540386    
       37964  0.7620558    
       37965  0.7700658    
       37966  0.7780619    
       37967  0.7860302    
       37968  0.7939415    
       37969  0.8017396    
       37970  0.8093318    
       37971  0.8166372    
       37972  0.8236902    
       37973  0.8306075    
       37974  0.8374879    
       37975  0.8443909    
       37976  0.8513491    
       37977  0.8583773    
       37978  0.8654816    
       37979  0.8726652    
       37980  0.8799312    
       37981  0.8872794    
       37982  0.8947018    
       37983  0.9021865    
       37984  0.9097241    
       37985  0.9173084    
       37986  0.9249347    
       37987  0.9325989    
       37988  0.9402976    
       37989  0.9480276    
       37990  0.9557860    
       37991  0.9635701    
       37992  0.9713773    
       37993  0.9792051    
       37994  0.9870514    
       37995  0.9949136    
       37996   1.002789    
       37997   1.010674    
       37998   1.018566    
       37999   1.026461    
       38000   1.034354    
       38001   1.042242    
       38002   1.050118    
       38003   1.057972    
       38004   1.065787    
       38005   1.073530    
       38006   1.081140    
       38007   1.088511    
       38008   1.095524    
       38009   1.102157    
       38010   1.108528    
       38011   1.114766    
       38012   1.120959    
       38013   1.127160    
       38014   1.133395    
       38015   1.139682    
       38016   1.146031    
       38017   1.152448    
       38018   1.158942    
       38019   1.165515    
       38020   1.172171    
       38021   1.178907    
       38022   1.185723    
       38023   1.192615    
       38024   1.199580    
       38025   1.206615    
       38026   1.213718    
       38027   1.220891    
       38028   1.228132    
       38029   1.235445    
       38030   1.242829    
       38031   1.250277    
       38032   1.257780    
       38033   1.265332    
       38034   1.272927    
       38035   1.280565    
       38036   1.288240    
       38037   1.295950    
       38038   1.303693    
       38039   1.311466    
       38040   1.319266    
       38041   1.327092    
       38042   1.334941    
       38043   1.342811    
       38044   1.350700    
       38045   1.358607    
       38046   1.366530    
       38047   1.374468    
       38048   1.382420    
       38049   1.390384    
       38050   1.398360    
       38051   1.406347    
       38052   1.414344    
       38053   1.422350    
       38054   1.430364    
       38055   1.438386    
       38056   1.446414    
       38057   1.454450    
       38058   1.462491    
       38059   1.470538    
       38060   1.478590    
       38061   1.486647    
       38062   1.494707    
       38063   1.502772    
       38064   1.510840    
       38065   1.518911    
       38066   1.526985    
       38067   1.535061    
       38068   1.543140    
       38069   1.551220    
       38070   1.559301    
       38071   1.567384    
       38072   1.575467    
       38073   1.583550    
       38074   1.591633    
       38075   1.599714    
       38076   1.607792    
       38077   1.615866    
       38078   1.623933    
       38079   1.631988    
       38080   1.640023    
       38081   1.648026    
       38082   1.655984    
       38083   1.663888    
       38084   1.671744    
       38085   1.679569    
       38086   1.687375    
       38087   1.695174    
       38088   1.702971    
       38089   1.710766    
       38090   1.718553    
       38091   1.726316    
       38092   1.734022    
       38093   1.741619    
       38094   1.749078    
       38095   1.756440    
       38096   1.763761    
       38097   1.771081    
       38098   1.778421    
       38099   1.785790    
       38100   1.793188    
       38101   1.800614    
       38102   1.808061    
       38103   1.815525    
       38104   1.822996    
       38105   1.830461    
       38106   1.837905    
       38107   1.845302    
       38108   1.852616    
       38109   1.859796    
       38110   1.866765    
       38111   1.873423    
       38112   1.879673    
       38113   1.885502    
       38114   1.891002    
       38115   1.896302    
       38116   1.901521    
       38117   1.906752    
       38118   1.912061    
       38119   1.917488    
       38120   1.923052    
       38121   1.928760    
       38122   1.934615    
       38123   1.940611    
       38124   1.946736    
       38125   1.952980    
       38126   1.959338    
       38127   1.965801    
       38128   1.972362    
       38129   1.979013    
       38130   1.985751    
       38131   1.992570    
       38132   1.999469    
       38133   2.006445    
       38134   2.013497    
       38135   2.020624    
       38136   2.027826    
       38137   2.035107    
       38138   2.042470    
       38139   2.049914    
       38140   2.057434    
       38141   2.065020    
       38142   2.072664    
       38143   2.080359    
       38144   2.088103    
       38145   2.095888    
       38146   2.103707    
       38147   2.111544    
       38148   2.119366    
