       83721   1.175035    
       83722   1.166968    
       83723   1.158900    
       83724   1.150834    
       83725   1.142769    
       83726   1.134705    
       83727   1.126642    
       83728   1.118580    
       83729   1.110520    
       83730   1.102461    
       83731   1.094404    
       83732   1.086348    
       83733   1.078294    
       83734   1.070242    
       83735   1.062192    
       83736   1.054145    
       83737   1.046099    
       83738   1.038057    
       83739   1.030017    
       83740   1.021979    
       83741   1.013945    
       83742   1.005914    
       83743  0.9978859    
       83744  0.9898617    
       83745  0.9818414    
       83746  0.9738252    
       83747  0.9658133    
       83748  0.9578060    
       83749  0.9498035    
       83750  0.9418062    
       83751  0.9338145    
       83752  0.9258286    
       83753  0.9178489    
       83754  0.9098760    
       83755  0.9019100    
       83756  0.8939515    
       83757  0.8860011    
       83758  0.8780593    
       83759  0.8701265    
       83760  0.8622034    
       83761  0.8542907    
       83762  0.8463891    
       83763  0.8384994    
       83764  0.8306224    
       83765  0.8227592    
       83766  0.8149107    
       83767  0.8070782    
       83768  0.7992629    
       83769  0.7914659    
       83770  0.7836889    
       83771  0.7759335    
       83772  0.7682014    
       83773  0.7604944    
       83774  0.7528150    
       83775  0.7451657    
       83776  0.7375494    
       83777  0.7299695    
       83778  0.7224301    
       83779  0.7149357    
       83780  0.7074915    
       83781  0.7001023    
       83782  0.6927713    
       83783  0.6854984    
       83784  0.6782821    
       83785  0.6711196    
       83786  0.6640077    
       83787  0.6569428    
       83788  0.6499206    
       83789  0.6429362    
       83790  0.6359859    
       83791  0.6290673    
       83792  0.6221802    
       83793  0.6153260    
       83794  0.6085075    
       83795  0.6017283    
       83796  0.5949928    
       83797  0.5883054    
       83798  0.5816701    
       83799  0.5750901    
       83800  0.5685648    
       83801  0.5620866    
       83802  0.5556322    
       83803  0.5491602    
       83804  0.5426003    
       83805  0.5358300    
       83806  0.5286937    
       83807  0.5211192    
       83808  0.5132141    
       83809  0.5051228    
       83810  0.4969371    
       83811  0.4887055    
       83812  0.4804519    
       83813  0.4721880    
       83814  0.4639193    
       83815  0.4556482    
       83816  0.4473759    
       83817  0.4391028    
       83818  0.4308292    
       83819  0.4225551    
       83820  0.4142806    
       83821  0.4060055    
       83822  0.3977298    
       83823  0.3894536    
       83824  0.3811769    
       83825  0.3728997    
       83826  0.3646220    
       83827  0.3563438    
       83828  0.3480651    
       83829  0.3397861    
       83830  0.3315066    
       83831  0.3232268    
       83832  0.3149468    
       83833  0.3066666    
       83834  0.2983862    
       83835  0.2901056    
       83836  0.2818250    
       83837  0.2735443    
       83838  0.2652634    
       83839  0.2569825    
       83840  0.2487015    
       83841  0.2404205    
       83842  0.2321394    
       83843  0.2238582    
       83844  0.2155770    
       83845  0.2072958    
       83846  0.1990145    
       83847  0.1907332    
       83848  0.1824519    
       83849  0.1741707    
       83850  0.1658896    
       83851  0.1576087    
       83852  0.1493279    
       83853  0.1410476    
       83854  0.1327678    
       83855  0.1244888    
       83856  0.1162108    
       83857  0.1079342    
       83858  9.9659398E-02
       83859  9.1386989E-02
       83860  8.3117932E-02
       83861  7.4853703E-02
       83862  6.6596910E-02
       83863  5.8352597E-02
       83864  5.0131336E-02
       83865  4.1956767E-02
       83866  3.3884238E-02
       83867  2.6047582E-02
       83868  1.8774346E-02
       83869  1.2862416E-02
       83870  1.0157119E-02
       83871  1.2862172E-02
       83872  1.8773731E-02
       83873  2.6046384E-02
       83874  3.3882149E-02
       83875  4.1953359E-02
       83876  5.0126046E-02
       83877  5.8344752E-02
       83878  6.6585794E-02
       83879  7.4838638E-02
       83880  8.3098307E-02
       83881  9.1362298E-02
       83882  9.9629268E-02
       83883  0.1078985    
       83884  0.1161696    
       83885  0.1244424    
       83886  0.1327167    
       83887  0.1409925    
       83888  0.1492695    
       83889  0.1575476    
       83890  0.1658265    
       83891  0.1741060    
       83892  0.1823859    
       83893  0.1906661    
       83894  0.1989465    
       83895  0.2072270    
       83896  0.2155076    
       83897  0.2237882    
       83898  0.2320688    
       83899  0.2403495    
       83900  0.2486301    
       83901  0.2569107    
       83902  0.2651913    
       83903  0.2734718    
       83904  0.2817522    
       83905  0.2900326    
       83906  0.2983129    
       83907  0.3065931    
       83908  0.3148732    
       83909  0.3231530    
       83910  0.3314326    
       83911  0.3397120    
       83912  0.3479909    
       83913  0.3562692    
       83914  0.3645467    
       83915  0.3728229    
       83916  0.3810975    
       83917  0.3893697    
       83918  0.3976388    
       83919  0.4059040    
       83920  0.4141649    
       83921  0.4224212    
       83922  0.4306729    
       83923  0.4389198    
       83924  0.4471607    
       83925  0.4553920    
       83926  0.4636054    
       83927  0.4717817    
       83928  0.4798803    
       83929  0.4878209    
       83930  0.4954650    
       83931  0.5026662    
       83932  0.5094446    
       83933  0.5159610    
       83934  0.5223544    
       83935  0.5287142    
       83936  0.5350938    
       83937  0.5415255    
       83938  0.5480261    
       83939  0.5546042    
       83940  0.5612628    
       83941  0.5680022    
       83942  0.5748204    
       83943  0.5817144    
       83944  0.5886809    
       83945  0.5957174    
       83946  0.6028226    
       83947  0.6099960    
       83948  0.6172389    
       83949  0.6245531    
       83950  0.6319376    
       83951  0.6393861    
       83952  0.6468896    
       83953  0.6544417    
       83954  0.6620381    
       83955  0.6696756    
       83956  0.6773511    
       83957  0.6850618    
       83958  0.6928049    
       83959  0.7005779    
       83960  0.7083784    
       83961  0.7162040    
       83962  0.7240527    
       83963  0.7319227    
       83964  0.7398119    
       83965  0.7477188    
       83966  0.7556421    
       83967  0.7635802    
       83968  0.7715321    
       83969  0.7794966    
       83970  0.7874727    
       83971  0.7954595    
       83972  0.8034563    
       83973  0.8114621    
       83974  0.8194762    
       83975  0.8274981    
       83976  0.8355271    
       83977  0.8435626    
       83978  0.8516041    
       83979  0.8596510    
       83980  0.8677030    
       83981  0.8757596    
       83982  0.8838204    
       83983  0.8918849    
       83984  0.8999527    
       83985  0.9080231    
       83986  0.9160950    
       83987  0.9241661    
       83988  0.9322314    
       83989  0.9402797    
       83990  0.9482858    
       83991  0.9561958    
       83992  0.9639032    
       83993  0.9712412    
       83994  0.9781085    
       83995  0.9846249    
       83996  0.9909696    
       83997  0.9972602    
       83998   1.003560    
       83999   1.009899    
       84000   1.016287    
       84001   1.022729    
       84002   1.029224    
       84003   1.035773    
       84004   1.042375    
       84005   1.049029    
       84006   1.055736    
       84007   1.062496    
       84008   1.069307    
       84009   1.076169    
       84010   1.083083    
       84011   1.090048    
       84012   1.097063    
       84013   1.104129    
       84014   1.111246    
       84015   1.118415    
       84016   1.125638    
       84017   1.132912    
       84018   1.140233    
       84019   1.147594    
       84020   1.154990    
       84021   1.162414    
       84022   1.169861    
       84023   1.177325    
       84024   1.184796    
       84025   1.192262    
       84026   1.199705    
       84027   1.207102    
       84028   1.214417    
       84029   1.221597    
       84030   1.228566    
       84031   1.235224    
       84032   1.241473    
       84033   1.247302    
       84034   1.252802    
       84035   1.258102    
       84036   1.263320    
       84037   1.268551    
       84038   1.273860    
       84039   1.279288    
       84040   1.284851    
       84041   1.290560    
       84042   1.296416    
       84043   1.302411    
       84044   1.308536    
       84045   1.314781    
       84046   1.321139    
       84047   1.327602    
       84048   1.334162    
       84049   1.340814    
       84050   1.347551    
       84051   1.354371    
       84052   1.361270    
       84053   1.368246    
       84054   1.375297    
       84055   1.382424    
       84056   1.389626    
       84057   1.396907    
       84058   1.404270    
       84059   1.411714    
       84060   1.419235    
       84061   1.426821    
       84062   1.434465    
       84063   1.442161    
       84064   1.449907    
       84065   1.457696    
       84066   1.465525    
       84067   1.473390    
       84068   1.481287    
       84069   1.489212    
       84070   1.497163    
       84071   1.505136    
       84072   1.513129    
       84073   1.521139    
       84074   1.529166    
       84075   1.537207    
       84076   1.545260    
       84077   1.553325    
       84078   1.561401    
       84079   1.569486    
       84080   1.577579    
       84081   1.585680    
       84082   1.593788    
       84083   1.601902    
       84084   1.610021    
       84085   1.618145    
       84086   1.626273    
       84087   1.634404    
       84088   1.642537    
       84089   1.650672    
       84090   1.658806    
       84091   1.666937    
       84092   1.675062    
       84093   1.683176    
       84094   1.691272    
       84095   1.699341    
       84096   1.707367    
       84097   1.715330    
       84098   1.723200    
       84099   1.730946    
       84100   1.738525    
       84101   1.745891    
       84102   1.753006    
       84103   1.759854    
       84104   1.766459    
       84105   1.772885    
       84106   1.779195    
       84107   1.785441    
       84108   1.791653    
       84109   1.797847    
       84110   1.804031    
       84111   1.810210    
       84112   1.816387    
       84113   1.822566    
       84114   1.828752    
       84115   1.834953    
       84116   1.841180    
       84117   1.847447    
       84118   1.853767    
       84119   1.860152    
       84120   1.866608    
       84121   1.873143    
       84122   1.879760    
       84123   1.886460    
       84124   1.893243    
       84125   1.900106    
       84126   1.907047    
       84127   1.914061    
       84128   1.921146    
       84129   1.928298    
       84130   1.935518    
       84131   1.942805    
       84132   1.950161    
       84133   1.957587    
       84134   1.965081    
       84135   1.972637    
       84136   1.980251    
       84137   1.987917    
       84138   1.995632    
       84139   2.003393    
       84140   2.011196    
       84141   2.019037    
       84142   2.026913    
       84143   2.034821    
       84144   2.042757    
       84145   2.050717    
       84146   2.058699    
       84147   2.066698    
       84148   2.074708    
       84149   2.082717    
       84150   2.090692    
