      206449   2.125313    
      206450   2.118516    
      206451   2.111313    
      206452   2.103724    
      206453   2.095893    
      206454   2.087938    
      206455   2.079925    
      206456   2.071884    
      206457   2.063830    
      206458   2.055769    
      206459   2.047705    
      206460   2.039640    
      206461   2.031574    
      206462   2.023508    
      206463   2.015442    
      206464   2.007377    
      206465   1.999314    
      206466   1.991252    
      206467   1.983193    
      206468   1.975136    
      206469   1.967083    
      206470   1.959033    
      206471   1.950987    
      206472   1.942945    
      206473   1.934908    
      206474   1.926876    
      206475   1.918849    
      206476   1.910829    
      206477   1.902815    
      206478   1.894808    
      206479   1.886808    
      206480   1.878817    
      206481   1.870834    
      206482   1.862860    
      206483   1.854896    
      206484   1.846942    
      206485   1.839000    
      206486   1.831071    
      206487   1.823155    
      206488   1.815254    
      206489   1.807368    
      206490   1.799500    
      206491   1.791650    
      206492   1.783820    
      206493   1.776014    
      206494   1.768231    
      206495   1.760475    
      206496   1.752749    
      206497   1.745055    
      206498   1.737397    
      206499   1.729779    
      206500   1.722205    
      206501   1.714683    
      206502   1.707216    
      206503   1.699813    
      206504   1.692475    
      206505   1.685204    
      206506   1.677998    
      206507   1.670853    
      206508   1.663762    
      206509   1.656704    
      206510   1.649645    
      206511   1.642525    
      206512   1.635253    
      206513   1.627747    
      206514   1.620015    
      206515   1.612141    
      206516   1.604191    
      206517   1.596203    
      206518   1.588197    
      206519   1.580184    
      206520   1.572168    
      206521   1.564152    
      206522   1.556137    
      206523   1.548125    
      206524   1.540117    
      206525   1.532113    
      206526   1.524115    
      206527   1.516124    
      206528   1.508140    
      206529   1.500165    
      206530   1.492201    
      206531   1.484249    
      206532   1.476311    
      206533   1.468388    
      206534   1.460481    
      206535   1.452593    
      206536   1.444726    
      206537   1.436881    
      206538   1.429061    
      206539   1.421270    
      206540   1.413509    
      206541   1.405784    
      206542   1.398098    
      206543   1.390456    
      206544   1.382865    
      206545   1.375333    
      206546   1.367869    
      206547   1.360481    
      206548   1.353175    
      206549   1.345955    
      206550   1.338824    
      206551   1.331788    
      206552   1.324851    
      206553   1.318020    
      206554   1.311298    
      206555   1.304686    
      206556   1.298185    
      206557   1.291789    
      206558   1.285493    
      206559   1.279293    
      206560   1.273182    
      206561   1.267150    
      206562   1.261189    
      206563   1.255291    
      206564   1.249447    
      206565   1.243636    
      206566   1.237815    
      206567   1.231898    
      206568   1.225740    
      206569   1.219174    
      206570   1.212164    
      206571   1.204837    
      206572   1.197330    
      206573   1.189727    
      206574   1.182075    
      206575   1.174397    
      206576   1.166709    
      206577   1.159019    
      206578   1.151333    
      206579   1.143657    
      206580   1.135995    
      206581   1.128349    
      206582   1.120725    
      206583   1.113124    
      206584   1.105551    
      206585   1.098007    
      206586   1.090498    
      206587   1.083026    
      206588   1.075597    
      206589   1.068216    
      206590   1.060888    
      206591   1.053615    
      206592   1.046400    
      206593   1.039244    
      206594   1.032150    
      206595   1.025120    
      206596   1.018160    
      206597   1.011271    
      206598   1.004458    
      206599  0.9977254    
      206600  0.9910758    
      206601  0.9845122    
      206602  0.9780360    
      206603  0.9716470    
      206604  0.9653444    
      206605  0.9591268    
      206606  0.9529830    
      206607  0.9468801    
      206608  0.9407493    
      206609  0.9344620    
      206610  0.9278082    
      206611  0.9206036    
      206612  0.9129370    
      206613  0.9050105    
      206614  0.8969595    
      206615  0.8888531    
      206616  0.8807229    
      206617  0.8725832    
      206618  0.8644402    
      206619  0.8562965    
      206620  0.8481532    
      206621  0.8400108    
      206622  0.8318697    
      206623  0.8237300    
      206624  0.8155921    
      206625  0.8074559    
      206626  0.7993219    
      206627  0.7911901    
      206628  0.7830610    
      206629  0.7749345    
      206630  0.7668113    
      206631  0.7586914    
      206632  0.7505753    
      206633  0.7424632    
      206634  0.7343558    
      206635  0.7262533    
      206636  0.7181561    
      206637  0.7100649    
      206638  0.7019804    
      206639  0.6939030    
      206640  0.6858335    
      206641  0.6777728    
      206642  0.6697216    
      206643  0.6616811    
      206644  0.6536522    
      206645  0.6456363    
      206646  0.6376346    
      206647  0.6296488    
      206648  0.6216804    
      206649  0.6137313    
      206650  0.6058035    
      206651  0.5978994    
      206652  0.5900216    
      206653  0.5821729    
      206654  0.5743564    
      206655  0.5665755    
      206656  0.5588336    
      206657  0.5511342    
      206658  0.5434809    
      206659  0.5358771    
      206660  0.5283261    
      206661  0.5208306    
      206662  0.5133930    
      206663  0.5060149    
      206664  0.4986975    
      206665  0.4914429    
      206666  0.4842539    
      206667  0.4771346    
      206668  0.4700904    
      206669  0.4631295    
      206670  0.4562615    
      206671  0.4494981    
      206672  0.4428521    
      206673  0.4363361    
      206674  0.4299609    
      206675  0.4237310    
      206676  0.4176425    
      206677  0.4116848    
      206678  0.4058369    
      206679  0.4000678    
      206680  0.3943311    
      206681  0.3885526    
      206682  0.3826230    
      206683  0.3763903    
      206684  0.3696844    
      206685  0.3624556    
      206686  0.3548304    
      206687  0.3469661    
      206688  0.3389691    
      206689  0.3308951    
      206690  0.3227711    
      206691  0.3146112    
      206692  0.3064232    
      206693  0.2982125    
      206694  0.2899829    
      206695  0.2817382    
      206696  0.2734821    
      206697  0.2652181    
      206698  0.2569485    
      206699  0.2486751    
      206700  0.2403992    
      206701  0.2321215    
      206702  0.2238427    
      206703  0.2155630    
      206704  0.2072828    
      206705  0.1990021    
      206706  0.1907213    
      206707  0.1824404    
      206708  0.1741594    
      206709  0.1658784    
      206710  0.1575976    
      206711  0.1493169    
      206712  0.1410367    
      206713  0.1327569    
      206714  0.1244780    
      206715  0.1162000    
      206716  0.1079234    
      206717  9.9648669E-02
      206718  9.1376327E-02
      206719  8.3107352E-02
      206720  7.4843243E-02
      206721  6.6586621E-02
      206722  5.8342542E-02
      206723  5.0121620E-02
      206724  4.1947529E-02
      206725  3.3875667E-02
      206726  2.6039883E-02
      206727  1.8767644E-02
      206728  1.2856450E-02
      206729  1.0150387E-02
      206730  1.2850756E-02
      206731  1.8753244E-02
      206732  2.6011636E-02
      206733  3.3825789E-02
      206734  4.1864339E-02
      206735  4.9987465E-02
      206736  5.8131143E-02
      206737  6.6260368E-02
      206738  7.4352279E-02
      206739  8.2392633E-02
      206740  9.0372920E-02
      206741  9.8283783E-02
      206742  0.1061113    
      206743  0.1138301    
      206744  0.1213908    
      206745  0.1287331    
      206746  0.1358141    
      206747  0.1426392    
      206748  0.1492561    
      206749  0.1557289    
      206750  0.1621109    
      206751  0.1684390    
      206752  0.1747359    
      206753  0.1810157    
      206754  0.1872898    
      206755  0.1935694    
      206756  0.1998678    
      206757  0.2062007    
      206758  0.2125835    
      206759  0.2190289    
      206760  0.2255464    
      206761  0.2321431    
      206762  0.2388223    
      206763  0.2455833    
      206764  0.2524226    
      206765  0.2593365    
      206766  0.2663211    
      206767  0.2733709    
      206768  0.2804805    
      206769  0.2876467    
      206770  0.2948682    
      206771  0.3021433    
      206772  0.3094715    
      206773  0.3168533    
      206774  0.3242885    
      206775  0.3317760    
      206776  0.3393135    
      206777  0.3468977    
      206778  0.3545254    
      206779  0.3621954    
      206780  0.3699059    
      206781  0.3776550    
      206782  0.3854405    
      206783  0.3932599    
      206784  0.4011104    
      206785  0.4089892    
      206786  0.4168938    
      206787  0.4248217    
      206788  0.4327709    
      206789  0.4407393    
      206790  0.4487251    
      206791  0.4567268    
      206792  0.4647428    
      206793  0.4727721    
      206794  0.4808133    
      206795  0.4888654    
      206796  0.4969274    
      206797  0.5049984    
      206798  0.5130779    
      206799  0.5211649    
      206800  0.5292590    
      206801  0.5373594    
      206802  0.5454656    
      206803  0.5535772    
      206804  0.5616939    
      206805  0.5698152    
      206806  0.5779406    
      206807  0.5860699    
      206808  0.5942028    
      206809  0.6023391    
      206810  0.6104784    
      206811  0.6186205    
      206812  0.6267653    
      206813  0.6349124    
      206814  0.6430618    
      206815  0.6512132    
      206816  0.6593665    
      206817  0.6675216    
      206818  0.6756783    
      206819  0.6838365    
      206820  0.6919959    
      206821  0.7001567    
      206822  0.7083185    
      206823  0.7164814    
      206824  0.7246452    
      206825  0.7328099    
      206826  0.7409754    
      206827  0.7491416    
      206828  0.7573084    
      206829  0.7654757    
      206830  0.7736436    
      206831  0.7818119    
      206832  0.7899805    
      206833  0.7981495    
      206834  0.8063186    
      206835  0.8144881    
      206836  0.8226577    
      206837  0.8308274    
      206838  0.8389971    
      206839  0.8471670    
      206840  0.8553368    
      206841  0.8635066    
      206842  0.8716763    
      206843  0.8798459    
      206844  0.8880153    
      206845  0.8961846    
      206846  0.9043537    
      206847  0.9125226    
      206848  0.9206911    
      206849  0.9288594    
      206850  0.9370272    
      206851  0.9451947    
      206852  0.9533619    
      206853  0.9615284    
      206854  0.9696945    
      206855  0.9778602    
      206856  0.9860253    
      206857  0.9941897    
      206858   1.002353    
      206859   1.010517    
      206860   1.018679    
      206861   1.026841    
