      105001   1.465829    
      105002   1.457760    
      105003   1.449692    
      105004   1.441625    
      105005   1.433559    
      105006   1.425493    
      105007   1.417429    
      105008   1.409366    
      105009   1.401304    
      105010   1.393244    
      105011   1.385185    
      105012   1.377128    
      105013   1.369073    
      105014   1.361019    
      105015   1.352968    
      105016   1.344918    
      105017   1.336871    
      105018   1.328826    
      105019   1.320784    
      105020   1.312744    
      105021   1.304707    
      105022   1.296674    
      105023   1.288644    
      105024   1.280617    
      105025   1.272594    
      105026   1.264575    
      105027   1.256560    
      105028   1.248549    
      105029   1.240544    
      105030   1.232543    
      105031   1.224548    
      105032   1.216558    
      105033   1.208575    
      105034   1.200598    
      105035   1.192628    
      105036   1.184665    
      105037   1.176710    
      105038   1.168764    
      105039   1.160826    
      105040   1.152898    
      105041   1.144980    
      105042   1.137073    
      105043   1.129178    
      105044   1.121295    
      105045   1.113426    
      105046   1.105572    
      105047   1.097733    
      105048   1.089911    
      105049   1.082107    
      105050   1.074324    
      105051   1.066561    
      105052   1.058823    
      105053   1.051109    
      105054   1.043422    
      105055   1.035766    
      105056   1.028143    
      105057   1.020557    
      105058   1.013011    
      105059   1.005511    
      105060  0.9980619    
      105061  0.9906687    
      105062  0.9833349    
      105063  0.9760609    
      105064  0.9688449    
      105065  0.9616843    
      105066  0.9545760    
      105067  0.9475160    
      105068  0.9405000    
      105069  0.9335229    
      105070  0.9265802    
      105071  0.9196692    
      105072  0.9127890    
      105073  0.9059413    
      105074  0.8991289    
      105075  0.8923557    
      105076  0.8856266    
      105077  0.8789462    
      105078  0.8723197    
      105079  0.8657514    
      105080  0.8592442    
      105081  0.8527993    
      105082  0.8464154    
      105083  0.8400900    
      105084  0.8338199    
      105085  0.8275982    
      105086  0.8214144    
      105087  0.8152505    
      105088  0.8090727    
      105089  0.8028194    
      105090  0.7963864    
      105091  0.7896156    
      105092  0.7823795    
      105093  0.7747507    
      105094  0.7668936    
      105095  0.7589245    
      105096  0.7509036    
      105097  0.7428590    
      105098  0.7348035    
      105099  0.7267427    
      105100  0.7186794    
      105101  0.7106150    
      105102  0.7025504    
      105103  0.6944861    
      105104  0.6864228    
      105105  0.6783608    
      105106  0.6703006    
      105107  0.6622427    
      105108  0.6541873    
      105109  0.6461350    
      105110  0.6380861    
      105111  0.6300409    
      105112  0.6220001    
      105113  0.6139640    
      105114  0.6059328    
      105115  0.5979072    
      105116  0.5898876    
      105117  0.5818742    
      105118  0.5738676    
      105119  0.5658684    
      105120  0.5578769    
      105121  0.5498939    
      105122  0.5419197    
      105123  0.5339550    
      105124  0.5260004    
      105125  0.5180557    
      105126  0.5101208    
      105127  0.5021949    
      105128  0.4942770    
      105129  0.4863648    
      105130  0.4784552    
      105131  0.4705422    
      105132  0.4626170    
      105133  0.4546663    
      105134  0.4466720    
      105135  0.4386131    
      105136  0.4304821    
      105137  0.4222989    
      105138  0.4140836    
      105139  0.4058475    
      105140  0.3975975    
      105141  0.3893382    
      105142  0.3810726    
      105143  0.3728026    
      105144  0.3645297    
      105145  0.3562547    
      105146  0.3479784    
      105147  0.3397010    
      105148  0.3314230    
      105149  0.3231446    
      105150  0.3148659    
      105151  0.3065870    
      105152  0.2983082    
      105153  0.2900293    
      105154  0.2817508    
      105155  0.2734727    
      105156  0.2651950    
      105157  0.2569180    
      105158  0.2486416    
      105159  0.2403659    
      105160  0.2320907    
      105161  0.2238158    
      105162  0.2155410    
      105163  0.2072662    
      105164  0.1989911    
      105165  0.1907154    
      105166  0.1824389    
      105167  0.1741615    
      105168  0.1658832    
      105169  0.1576044    
      105170  0.1493251    
      105171  0.1410457    
      105172  0.1327666    
      105173  0.1244880    
      105174  0.1162103    
      105175  0.1079339    
      105176  9.9659197E-02
      105177  9.1386884E-02
      105178  8.3117887E-02
      105179  7.4853688E-02
      105180  6.6596925E-02
      105181  5.8352627E-02
      105182  5.0131373E-02
      105183  4.1956808E-02
      105184  3.3884279E-02
      105185  2.6047623E-02
      105186  1.8774383E-02
      105187  1.2862450E-02
      105188  1.0157158E-02
      105189  1.2862235E-02
      105190  1.8773844E-02
      105191  2.6046569E-02
      105192  3.3882424E-02
      105193  4.1953728E-02
      105194  5.0126441E-02
      105195  5.8344904E-02
      105196  6.6585049E-02
      105197  7.4835725E-02
      105198  8.3091207E-02
      105199  9.1348261E-02
      105200  9.9605083E-02
      105201  0.1078608    
      105202  0.1161150    
      105203  0.1243678    
      105204  0.1326192    
      105205  0.1408696    
      105206  0.1491192    
      105207  0.1573682    
      105208  0.1656170    
      105209  0.1738654    
      105210  0.1821136    
      105211  0.1903611    
      105212  0.1986067    
      105213  0.2068476    
      105214  0.2150776    
      105215  0.2232848    
      105216  0.2314474    
      105217  0.2395274    
      105218  0.2474613    
      105219  0.2551681    
      105220  0.2626076    
      105221  0.2698484    
      105222  0.2769836    
      105223  0.2840825    
      105224  0.2911884    
      105225  0.2983252    
      105226  0.3055080    
      105227  0.3127469    
      105228  0.3200477    
      105229  0.3274133    
      105230  0.3348416    
      105231  0.3423254    
      105232  0.3498579    
      105233  0.3574346    
      105234  0.3650523    
      105235  0.3727081    
      105236  0.3803992    
      105237  0.3881229    
      105238  0.3958768    
      105239  0.4036584    
      105240  0.4114656    
      105241  0.4192962    
      105242  0.4271485    
      105243  0.4350205    
      105244  0.4429108    
      105245  0.4508177    
      105246  0.4587401    
      105247  0.4666766    
      105248  0.4746261    
      105249  0.4825878    
      105250  0.4905607    
      105251  0.4985437    
      105252  0.5065364    
      105253  0.5145378    
      105254  0.5225472    
      105255  0.5305642    
      105256  0.5385880    
      105257  0.5466182    
      105258  0.5546541    
      105259  0.5626954    
      105260  0.5707415    
      105261  0.5787922    
      105262  0.5868469    
      105263  0.5949053    
      105264  0.6029668    
      105265  0.6110306    
      105266  0.6190953    
      105267  0.6271580    
      105268  0.6352122    
      105269  0.6432431    
      105270  0.6512172    
      105271  0.6590647    
      105272  0.6666540    
      105273  0.6738156    
      105274  0.6805222    
      105275  0.6869428    
      105276  0.6932391    
      105277  0.6995069    
      105278  0.7057978    
      105279  0.7121339    
      105280  0.7185215    
      105281  0.7249627    
      105282  0.7314582    
      105283  0.7380074    
      105284  0.7446097    
      105285  0.7512646    
      105286  0.7579718    
      105287  0.7647313    
      105288  0.7715427    
      105289  0.7784057    
      105290  0.7853199    
      105291  0.7922847    
      105292  0.7993000    
      105293  0.8063658    
      105294  0.8134832    
      105295  0.8206528    
      105296  0.8278754    
      105297  0.8351496    
      105298  0.8424709    
      105299  0.8498324    
      105300  0.8572280    
      105301  0.8646524    
      105302  0.8720999    
      105303  0.8795637    
      105304  0.8870347    
      105305  0.8945005    
      105306  0.9019440    
      105307  0.9093410    
      105308  0.9166554    
      105309  0.9238352    
      105310  0.9308043    
      105311  0.9374616    
      105312  0.9437110    
      105313  0.9495391    
      105314  0.9550385    
      105315  0.9603386    
      105316  0.9655572    
      105317  0.9707880    
      105318  0.9760978    
      105319  0.9815251    
      105320  0.9870888    
      105321  0.9927980    
      105322  0.9986532    
      105323   1.004649    
      105324   1.010773    
      105325   1.017018    
      105326   1.023376    
      105327   1.029839    
      105328   1.036400    
      105329   1.043052    
      105330   1.049789    
      105331   1.056609    
      105332   1.063508    
      105333   1.070484    
      105334   1.077536    
      105335   1.084663    
      105336   1.091865    
      105337   1.099146    
      105338   1.106508    
      105339   1.113953    
      105340   1.121473    
      105341   1.129059    
      105342   1.136703    
      105343   1.144399    
      105344   1.152144    
      105345   1.159934    
      105346   1.167763    
      105347   1.175628    
      105348   1.183525    
      105349   1.191450    
      105350   1.199400    
      105351   1.207373    
      105352   1.215366    
      105353   1.223377    
      105354   1.231403    
      105355   1.239444    
      105356   1.247498    
      105357   1.255563    
      105358   1.263639    
      105359   1.271724    
      105360   1.279817    
      105361   1.287918    
      105362   1.296026    
      105363   1.304139    
      105364   1.312259    
      105365   1.320383    
      105366   1.328511    
      105367   1.336642    
      105368   1.344776    
      105369   1.352910    
      105370   1.361044    
      105371   1.369175    
      105372   1.377300    
      105373   1.385414    
      105374   1.393510    
      105375   1.401579    
      105376   1.409605    
      105377   1.417568    
      105378   1.425439    
      105379   1.433184    
      105380   1.440763    
      105381   1.448129    
      105382   1.455244    
      105383   1.462091    
      105384   1.468697    
      105385   1.475122    
      105386   1.481433    
      105387   1.487679    
      105388   1.493891    
      105389   1.500085    
      105390   1.506269    
      105391   1.512448    
      105392   1.518625    
      105393   1.524804    
      105394   1.530990    
      105395   1.537191    
      105396   1.543418    
      105397   1.549685    
      105398   1.556005    
      105399   1.562390    
      105400   1.568847    
      105401   1.575382    
      105402   1.581998    
      105403   1.588699    
      105404   1.595481    
      105405   1.602344    
      105406   1.609285    
      105407   1.616299    
      105408   1.623384    
      105409   1.630536    
      105410   1.637755    
      105411   1.645043    
      105412   1.652399    
      105413   1.659825    
      105414   1.667318    
      105415   1.674875    
      105416   1.682489    
      105417   1.690155    
      105418   1.697870    
      105419   1.705631    
      105420   1.713434    
      105421   1.721275    
      105422   1.729151    
      105423   1.737059    
      105424   1.744995    
      105425   1.752956    
      105426   1.760939    
      105427   1.768942    
      105428   1.776963    
      105429   1.785000    
      105430   1.793051    
      105431   1.801115    
      105432   1.809190    
      105433   1.817275    
      105434   1.825370    
      105435   1.833474    
      105436   1.841585    
      105437   1.849703    
      105438   1.857828    
      105439   1.865959    
      105440   1.874094    
      105441   1.882235    
      105442   1.890380    
      105443   1.898529    
      105444   1.906682    
      105445   1.914838    
      105446   1.922997    
      105447   1.931160    
      105448   1.939324    
      105449   1.947492    
      105450   1.955661    
      105451   1.963833    
      105452   1.972006    
      105453   1.980182    
      105454   1.988358    
      105455   1.996536    
      105456   2.004716    
      105457   2.012897    
      105458   2.021079    
      105459   2.029261    
      105460   2.037445    
      105461   2.045629    
      105462   2.053814    
      105463   2.062000    
      105464   2.070185    
      105465   2.078368    
      105466   2.086545    
      105467   2.094705    
      105468   2.102817    
