      192424   2.093792    
      192425   2.086454    
      192426   2.079166    
      192427   2.071927    
      192428   2.064736    
      192429   2.057591    
      192430   2.050493    
      192431   2.043440    
      192432   2.036434    
      192433   2.029474    
      192434   2.022563    
      192435   2.015700    
      192436   2.008888    
      192437   2.002129    
      192438   1.995426    
      192439   1.988781    
      192440   1.982194    
      192441   1.975663    
      192442   1.969186    
      192443   1.962758    
      192444   1.956372    
      192445   1.950019    
      192446   1.943689    
      192447   1.937356    
      192448   1.930969    
      192449   1.924443    
      192450   1.917647    
      192451   1.910444    
      192452   1.902854    
      192453   1.895023    
      192454   1.887069    
      192455   1.879056    
      192456   1.871015    
      192457   1.862961    
      192458   1.854900    
      192459   1.846836    
      192460   1.838771    
      192461   1.830705    
      192462   1.822639    
      192463   1.814573    
      192464   1.806508    
      192465   1.798445    
      192466   1.790383    
      192467   1.782324    
      192468   1.774268    
      192469   1.766214    
      192470   1.758164    
      192471   1.750118    
      192472   1.742076    
      192473   1.734039    
      192474   1.726007    
      192475   1.717981    
      192476   1.709960    
      192477   1.701946    
      192478   1.693939    
      192479   1.685939    
      192480   1.677948    
      192481   1.669965    
      192482   1.661991    
      192483   1.654027    
      192484   1.646073    
      192485   1.638132    
      192486   1.630202    
      192487   1.622286    
      192488   1.614385    
      192489   1.606499    
      192490   1.598630    
      192491   1.590780    
      192492   1.582951    
      192493   1.575144    
      192494   1.567362    
      192495   1.559606    
      192496   1.551880    
      192497   1.544186    
      192498   1.536528    
      192499   1.528910    
      192500   1.521337    
      192501   1.513814    
      192502   1.506348    
      192503   1.498944    
      192504   1.491606    
      192505   1.484335    
      192506   1.477129    
      192507   1.469985    
      192508   1.462893    
      192509   1.455835    
      192510   1.448776    
      192511   1.441656    
      192512   1.434384    
      192513   1.426878    
      192514   1.419147    
      192515   1.411273    
      192516   1.403322    
      192517   1.395335    
      192518   1.387329    
      192519   1.379316    
      192520   1.371300    
      192521   1.363283    
      192522   1.355269    
      192523   1.347257    
      192524   1.339248    
      192525   1.331244    
      192526   1.323246    
      192527   1.315255    
      192528   1.307271    
      192529   1.299297    
      192530   1.291333    
      192531   1.283381    
      192532   1.275443    
      192533   1.267519    
      192534   1.259613    
      192535   1.251725    
      192536   1.243857    
      192537   1.236012    
      192538   1.228193    
      192539   1.220401    
      192540   1.212641    
      192541   1.204915    
      192542   1.197229    
      192543   1.189587    
      192544   1.181997    
      192545   1.174465    
      192546   1.167001    
      192547   1.159612    
      192548   1.152307    
      192549   1.145087    
      192550   1.137956    
      192551   1.130919    
      192552   1.123982    
      192553   1.117151    
      192554   1.110429    
      192555   1.103817    
      192556   1.097316    
      192557   1.090920    
      192558   1.084624    
      192559   1.078424    
      192560   1.072312    
      192561   1.066280    
      192562   1.060320    
      192563   1.054422    
      192564   1.048577    
      192565   1.042766    
      192566   1.036945    
      192567   1.031028    
      192568   1.024871    
      192569   1.018305    
      192570   1.011295    
      192571   1.003968    
      192572  0.9964613    
      192573  0.9888586    
      192574  0.9812062    
      192575  0.9735286    
      192576  0.9658402    
      192577  0.9581500    
      192578  0.9504645    
      192579  0.9427884    
      192580  0.9351259    
      192581  0.9274809    
      192582  0.9198565    
      192583  0.9122558    
      192584  0.9046821    
      192585  0.8971386    
      192586  0.8896288    
      192587  0.8821572    
      192588  0.8747283    
      192589  0.8673472    
      192590  0.8600187    
      192591  0.8527458    
      192592  0.8455306    
      192593  0.8383749    
      192594  0.8312807    
      192595  0.8242515    
      192596  0.8172905    
      192597  0.8104018    
      192598  0.8035889    
      192599  0.7968558    
      192600  0.7902061    
      192601  0.7836422    
      192602  0.7771657    
      192603  0.7707764    
      192604  0.7644737    
      192605  0.7582560    
      192606  0.7521119    
      192607  0.7460095    
      192608  0.7398796    
      192609  0.7335944    
      192610  0.7269443    
      192611  0.7197441    
      192612  0.7120807    
      192613  0.7041560    
      192614  0.6961066    
      192615  0.6880014    
      192616  0.6798726    
      192617  0.6717343    
      192618  0.6635929    
      192619  0.6554510    
      192620  0.6473097    
      192621  0.6391695    
      192622  0.6310307    
      192623  0.6228936    
      192624  0.6147584    
      192625  0.6066254    
      192626  0.5984948    
      192627  0.5903667    
      192628  0.5822417    
      192629  0.5741196    
      192630  0.5660011    
      192631  0.5578863    
      192632  0.5497757    
      192633  0.5416695    
      192634  0.5335683    
      192635  0.5254725    
      192636  0.5173826    
      192637  0.5092989    
      192638  0.5012221    
      192639  0.4931529    
      192640  0.4850919    
      192641  0.4770399    
      192642  0.4689976    
      192643  0.4609660    
      192644  0.4529460    
      192645  0.4449388    
      192646  0.4369456    
      192647  0.4289677    
      192648  0.4210067    
      192649  0.4130641    
      192650  0.4051419    
      192651  0.3972421    
      192652  0.3893670    
      192653  0.3815192    
      192654  0.3737015    
      192655  0.3659170    
      192656  0.3581686    
      192657  0.3504598    
      192658  0.3427941    
      192659  0.3351754    
      192660  0.3276073    
      192661  0.3200935    
      192662  0.3126367    
      192663  0.3052393    
      192664  0.2979027    
      192665  0.2906289    
      192666  0.2834205    
      192667  0.2762812    
      192668  0.2692160    
      192669  0.2622323    
      192670  0.2553394    
      192671  0.2485484    
      192672  0.2418712    
      192673  0.2353196    
      192674  0.2289023    
      192675  0.2226216    
      192676  0.2164678    
      192677  0.2104180    
      192678  0.2044292    
      192679  0.1984242    
      192680  0.1922836    
      192681  0.1858399    
      192682  0.1789436    
      192683  0.1716041    
      192684  0.1639495    
      192685  0.1561096    
      192686  0.1481609    
      192687  0.1401409    
      192688  0.1320697    
      192689  0.1239590    
      192690  0.1158164    
      192691  0.1076472    
      192692  9.9455796E-02
      192693  9.1246180E-02
      192694  8.3022669E-02
      192695  7.4790187E-02
      192696  6.6555008E-02
      192697  5.8325239E-02
      192698  5.0113682E-02
      192699  4.1945539E-02
      192700  3.3877268E-02
      192701  2.6043421E-02
      192702  1.8772017E-02
      192703  1.2861229E-02
      192704  1.0156560E-02
      192705  1.2861917E-02
      192706  1.8773779E-02
      192707  2.6046922E-02
      192708  3.3883493E-02
      192709  4.1955959E-02
      192710  5.0130475E-02
      192711  5.8351696E-02
      192712  6.6595986E-02
      192713  7.4852750E-02
      192714  8.3116956E-02
      192715  9.1385990E-02
      192716  9.9658363E-02
      192717  0.1079331    
      192718  0.1162097    
      192719  0.1244876    
      192720  0.1327665    
      192721  0.1410460    
      192722  0.1493260    
      192723  0.1576062    
      192724  0.1658864    
      192725  0.1741664    
      192726  0.1824460    
      192727  0.1907247    
      192728  0.1990023    
      192729  0.2072779    
      192730  0.2155509    
      192731  0.2238197    
      192732  0.2320825    
      192733  0.2403365    
      192734  0.2485775    
      192735  0.2567994    
      192736  0.2649934    
      192737  0.2731473    
      192738  0.2812466    
      192739  0.2892756    
      192740  0.2972147    
      192741  0.3050298    
      192742  0.3126590    
      192743  0.3200273    
      192744  0.3270838    
      192745  0.3338371    
      192746  0.3403525    
      192747  0.3467140    
      192748  0.3529885    
      192749  0.3592199    
      192750  0.3654298    
      192751  0.3716277    
      192752  0.3778192    
      192753  0.3840093    
      192754  0.3902048    
      192755  0.3964151    
      192756  0.4026523    
      192757  0.4089316    
      192758  0.4152683    
      192759  0.4216751    
      192760  0.4281618    
      192761  0.4347337    
      192762  0.4413914    
      192763  0.4481338    
      192764  0.4549594    
      192765  0.4618658    
      192766  0.4688498    
      192767  0.4759084    
      192768  0.4830392    
      192769  0.4902396    
      192770  0.4975058    
      192771  0.5048331    
      192772  0.5122150    
      192773  0.5196438    
      192774  0.5271141    
      192775  0.5346243    
      192776  0.5421749    
      192777  0.5497658    
      192778  0.5573965    
      192779  0.5650674    
      192780  0.5727779    
      192781  0.5805266    
      192782  0.5883117    
      192783  0.5961305    
      192784  0.6039806    
      192785  0.6118591    
      192786  0.6197634    
      192787  0.6276910    
      192788  0.6356400    
      192789  0.6436082    
      192790  0.6515938    
      192791  0.6595953    
      192792  0.6676112    
      192793  0.6756403    
      192794  0.6836815    
      192795  0.6917335    
      192796  0.6997954    
      192797  0.7078664    
      192798  0.7159458    
      192799  0.7240328    
      192800  0.7321268    
      192801  0.7402271    
      192802  0.7483333    
      192803  0.7564450    
      192804  0.7645617    
      192805  0.7726828    
      192806  0.7808082    
      192807  0.7889375    
      192808  0.7970704    
      192809  0.8052067    
      192810  0.8133459    
      192811  0.8214880    
      192812  0.8296328    
      192813  0.8377799    
      192814  0.8459293    
      192815  0.8540807    
      192816  0.8622340    
      192817  0.8703891    
      192818  0.8785458    
      192819  0.8867038    
      192820  0.8948632    
      192821  0.9030240    
      192822  0.9111859    
      192823  0.9193487    
      192824  0.9275126    
      192825  0.9356772    
      192826  0.9438427    
      192827  0.9520089    
      192828  0.9601758    
      192829  0.9683430    
      192830  0.9765108    
      192831  0.9846790    
      192832  0.9928476    
      192833   1.001017    
      192834   1.009186    
      192835   1.017355    
      192836   1.025525    
      192837   1.033694    
      192838   1.041864    
      192839   1.050034    
      192840   1.058204    
      192841   1.066373    
      192842   1.074543    
      192843   1.082713    
      192844   1.090882    
      192845   1.099051    
      192846   1.107220    
      192847   1.115389    
      192848   1.123558    
      192849   1.131726    
      192850   1.139894    
      192851   1.148061    
      192852   1.156229    
      192853   1.164395    
      192854   1.172561    
      192855   1.180727    
      192856   1.188892    
      192857   1.197056    
      192858   1.205220    
      192859   1.213383    
      192860   1.221546    
      192861   1.229707    
