      267037   2.121282    
      267038   2.114987    
      267039   2.108788    
      267040   2.102677    
      267041   2.096645    
      267042   2.090684    
      267043   2.084786    
      267044   2.078942    
      267045   2.073130    
      267046   2.067309    
      267047   2.061392    
      267048   2.055234    
      267049   2.048667    
      267050   2.041656    
      267051   2.034328    
      267052   2.026821    
      267053   2.019219    
      267054   2.011566    
      267055   2.003889    
      267056   1.996200    
      267057   1.988510    
      267058   1.980825    
      267059   1.973149    
      267060   1.965487    
      267061   1.957842    
      267062   1.950217    
      267063   1.942617    
      267064   1.935043    
      267065   1.927500    
      267066   1.919990    
      267067   1.912518    
      267068   1.905090    
      267069   1.897709    
      267070   1.890380    
      267071   1.883107    
      267072   1.875892    
      267073   1.868737    
      267074   1.861643    
      267075   1.854614    
      267076   1.847653    
      267077   1.840765    
      267078   1.833953    
      267079   1.827220    
      267080   1.820570    
      267081   1.814005    
      267082   1.807523    
      267083   1.801119    
      267084   1.794776    
      267085   1.788453    
      267086   1.782072    
      267087   1.775492    
      267088   1.768511    
      267089   1.761040    
      267090   1.753217    
      267091   1.745206    
      267092   1.737105    
      267093   1.728963    
      267094   1.720805    
      267095   1.712639    
      267096   1.704471    
      267097   1.696302    
      267098   1.688134    
      267099   1.679966    
      267100   1.671799    
      267101   1.663634    
      267102   1.655469    
      267103   1.647306    
      267104   1.639145    
      267105   1.630985    
      267106   1.622827    
      267107   1.614671    
      267108   1.606518    
      267109   1.598367    
      267110   1.590219    
      267111   1.582075    
      267112   1.573933    
      267113   1.565796    
      267114   1.557662    
      267115   1.549533    
      267116   1.541409    
      267117   1.533291    
      267118   1.525178    
      267119   1.517072    
      267120   1.508973    
      267121   1.500882    
      267122   1.492800    
      267123   1.484727    
      267124   1.476665    
      267125   1.468615    
      267126   1.460578    
      267127   1.452556    
      267128   1.444551    
      267129   1.436564    
      267130   1.428598    
      267131   1.420655    
      267132   1.412738    
      267133   1.404850    
      267134   1.396996    
      267135   1.389178    
      267136   1.381402    
      267137   1.373671    
      267138   1.365989    
      267139   1.358360    
      267140   1.350787    
      267141   1.343273    
      267142   1.335818    
      267143   1.328424    
      267144   1.321092    
      267145   1.313823    
      267146   1.306619    
      267147   1.299485    
      267148   1.292427    
      267149   1.285450    
      267150   1.278567    
      267151   1.271787    
      267152   1.265123    
      267153   1.258589    
      267154   1.252194    
      267155   1.245943    
      267156   1.239832    
      267157   1.233850    
      267158   1.227977    
      267159   1.222186    
      267160   1.216440    
      267161   1.210691    
      267162   1.204873    
      267163   1.198895    
      267164   1.192642    
      267165   1.186000    
      267166   1.178936    
      267167   1.171513    
      267168   1.163838    
      267169   1.155999    
      267170   1.148055    
      267171   1.140038    
      267172   1.131970    
      267173   1.123864    
      267174   1.115729    
      267175   1.107573    
      267176   1.099401    
      267177   1.091218    
      267178   1.083029    
      267179   1.074836    
      267180   1.066640    
      267181   1.058444    
      267182   1.050246    
      267183   1.042050    
      267184   1.033854    
      267185   1.025660    
      267186   1.017467    
      267187   1.009276    
      267188   1.001088    
      267189  0.9929024    
      267190  0.9847200    
      267191  0.9765412    
      267192  0.9683664    
      267193  0.9601958    
      267194  0.9520302    
      267195  0.9438703    
      267196  0.9357167    
      267197  0.9275702    
      267198  0.9194318    
      267199  0.9113026    
      267200  0.9031839    
      267201  0.8950771    
      267202  0.8869842    
      267203  0.8789073    
      267204  0.8708490    
      267205  0.8628123    
      267206  0.8548012    
      267207  0.8468202    
      267208  0.8388751    
      267209  0.8309728    
      267210  0.8231225    
      267211  0.8153349    
      267212  0.8076230    
      267213  0.8000011    
      267214  0.7924846    
      267215  0.7850882    
      267216  0.7778238    
      267217  0.7707011    
      267218  0.7637269    
      267219  0.7569034    
      267220  0.7502264    
      267221  0.7436877    
      267222  0.7372752    
      267223  0.7309729    
      267224  0.7247630    
      267225  0.7186282    
      267226  0.7125548    
      267227  0.7065330    
      267228  0.7005579    
      267229  0.6946285    
      267230  0.6887457    
      267231  0.6829128    
      267232  0.6771348    
      267233  0.6714174    
      267234  0.6657652    
      267235  0.6601780    
      267236  0.6546458    
      267237  0.6491421    
      267238  0.6436144    
      267239  0.6379673    
      267240  0.6320515    
      267241  0.6256690    
      267242  0.6186981    
      267243  0.6112442    
      267244  0.6034881    
      267245  0.5955577    
      267246  0.5875236    
      267247  0.5794229    
      267248  0.5712761    
      267249  0.5630953    
      267250  0.5548882    
      267251  0.5466602    
      267252  0.5384157    
      267253  0.5301596    
      267254  0.5218962    
      267255  0.5136280    
      267256  0.5053566    
      267257  0.4970830    
      267258  0.4888079    
      267259  0.4805318    
      267260  0.4722549    
      267261  0.4639775    
      267262  0.4556996    
      267263  0.4474214    
      267264  0.4391429    
      267265  0.4308642    
      267266  0.4225854    
      267267  0.4143063    
      267268  0.4060271    
      267269  0.3977478    
      267270  0.3894683    
      267271  0.3811887    
      267272  0.3729090    
      267273  0.3646291    
      267274  0.3563492    
      267275  0.3480692    
      267276  0.3397891    
      267277  0.3315089    
      267278  0.3232286    
      267279  0.3149482    
      267280  0.3066677    
      267281  0.2983871    
      267282  0.2901065    
      267283  0.2818258    
      267284  0.2735450    
      267285  0.2652641    
      267286  0.2569832    
      267287  0.2487022    
      267288  0.2404211    
      267289  0.2321399    
      267290  0.2238588    
      267291  0.2155776    
      267292  0.2072963    
      267293  0.1990150    
      267294  0.1907337    
      267295  0.1824525    
      267296  0.1741712    
      267297  0.1658901    
      267298  0.1576092    
      267299  0.1493285    
      267300  0.1410481    
      267301  0.1327683    
      267302  0.1244893    
      267303  0.1162113    
      267304  0.1079347    
      267305  9.9659875E-02
      267306  9.1387466E-02
      267307  8.3118409E-02
      267308  7.4854165E-02
      267309  6.6597372E-02
      267310  5.8353044E-02
      267311  5.0131764E-02
      267312  4.1957177E-02
      267313  3.3884622E-02
      267314  2.6047930E-02
      267315  1.8774647E-02
      267316  1.2862684E-02
      267317  1.0157422E-02
      267318  1.2862682E-02
      267319  1.8774645E-02
      267320  2.6047925E-02
      267321  3.3884618E-02
      267322  4.1957177E-02
      267323  5.0131768E-02
      267324  5.8353044E-02
      267325  6.6597372E-02
      267326  7.4854173E-02
      267327  8.3118409E-02
      267328  9.1387480E-02
      267329  9.9659875E-02
      267330  0.1079347    
      267331  0.1162113    
      267332  0.1244893    
      267333  0.1327684    
      267334  0.1410481    
      267335  0.1493285    
      267336  0.1576092    
      267337  0.1658901    
      267338  0.1741712    
      267339  0.1824525    
      267340  0.1907337    
      267341  0.1990150    
