      235060   2.085476    
      235061   2.077953    
      235062   2.070487    
      235063   2.063083    
      235064   2.055746    
      235065   2.048475    
      235066   2.041268    
      235067   2.034124    
      235068   2.027032    
      235069   2.019974    
      235070   2.012916    
      235071   2.005795    
      235072   1.998523    
      235073   1.991017    
      235074   1.983286    
      235075   1.975411    
      235076   1.967461    
      235077   1.959473    
      235078   1.951468    
      235079   1.943454    
      235080   1.935438    
      235081   1.927422    
      235082   1.919407    
      235083   1.911395    
      235084   1.903387    
      235085   1.895383    
      235086   1.887385    
      235087   1.879394    
      235088   1.871410    
      235089   1.863436    
      235090   1.855471    
      235091   1.847520    
      235092   1.839581    
      235093   1.831658    
      235094   1.823752    
      235095   1.815864    
      235096   1.807996    
      235097   1.800151    
      235098   1.792332    
      235099   1.784540    
      235100   1.776780    
      235101   1.769054    
      235102   1.761368    
      235103   1.753726    
      235104   1.746136    
      235105   1.738604    
      235106   1.731140    
      235107   1.723752    
      235108   1.716446    
      235109   1.709226    
      235110   1.702095    
      235111   1.695058    
      235112   1.688122    
      235113   1.681291    
      235114   1.674569    
      235115   1.667957    
      235116   1.661456    
      235117   1.655060    
      235118   1.648764    
      235119   1.642565    
      235120   1.636453    
      235121   1.630421    
      235122   1.624460    
      235123   1.618563    
      235124   1.612719    
      235125   1.606907    
      235126   1.601087    
      235127   1.595169    
      235128   1.589012    
      235129   1.582445    
      235130   1.575434    
      235131   1.568107    
      235132   1.560600    
      235133   1.552997    
      235134   1.545345    
      235135   1.537667    
      235136   1.529979    
      235137   1.522289    
      235138   1.514603    
      235139   1.506927    
      235140   1.499265    
      235141   1.491620    
      235142   1.483995    
      235143   1.476394    
      235144   1.468821    
      235145   1.461277    
      235146   1.453768    
      235147   1.446296    
      235148   1.438868    
      235149   1.431487    
      235150   1.424159    
      235151   1.416886    
      235152   1.409671    
      235153   1.402515    
      235154   1.395422    
      235155   1.388392    
      235156   1.381432    
      235157   1.374543    
      235158   1.367731    
      235159   1.360999    
      235160   1.354349    
      235161   1.347786    
      235162   1.341310    
      235163   1.334921    
      235164   1.328618    
      235165   1.322399    
      235166   1.316252    
      235167   1.310139    
      235168   1.303987    
      235169   1.297659    
      235170   1.290938    
      235171   1.283660    
      235172   1.275941    
      235173   1.267980    
      235174   1.259903    
      235175   1.251773    
      235176   1.243621    
      235177   1.235459    
      235178   1.227293    
      235179   1.219126    
      235180   1.210960    
      235181   1.202793    
      235182   1.194628    
      235183   1.186463    
      235184   1.178300    
      235185   1.170138    
      235186   1.161978    
      235187   1.153820    
      235188   1.145663    
      235189   1.137510    
      235190   1.129359    
      235191   1.121211    
      235192   1.113066    
      235193   1.104925    
      235194   1.096788    
      235195   1.088656    
      235196   1.080529    
      235197   1.072407    
      235198   1.064291    
      235199   1.056182    
      235200   1.048080    
      235201   1.039986    
      235202   1.031901    
      235203   1.023826    
      235204   1.015762    
      235205   1.007710    
      235206  0.9996721    
      235207  0.9916487    
      235208  0.9836421    
      235209  0.9756541    
      235210  0.9676870    
      235211  0.9597433    
      235212  0.9518258    
      235213  0.9439378    
      235214  0.9360828    
      235215  0.9282649    
      235216  0.9204878    
      235217  0.9127558    
      235218  0.9050728    
      235219  0.8974422    
      235220  0.8898671    
      235221  0.8823500    
      235222  0.8748926    
      235223  0.8674960    
      235224  0.8601612    
      235225  0.8528899    
      235226  0.8456848    
      235227  0.8385496    
      235228  0.8314894    
      235229  0.8245121    
      235230  0.8176273    
      235231  0.8108466    
      235232  0.8041824    
      235233  0.7976475    
      235234  0.7912523    
      235235  0.7850014    
      235236  0.7788901    
      235237  0.7729076    
      235238  0.7670341    
      235239  0.7612419    
      235240  0.7554947    
      235241  0.7497437    
      235242  0.7439231    
      235243  0.7379417    
      235244  0.7316848    
      235245  0.7250392    
      235246  0.7179718    
      235247  0.7105479    
      235248  0.7028723    
      235249  0.6950330    
      235250  0.6870877    
      235251  0.6790707    
      235252  0.6710025    
      235253  0.6628964    
      235254  0.6547613    
      235255  0.6466045    
      235256  0.6384325    
      235257  0.6302500    
      235258  0.6220608    
      235259  0.6138674    
      235260  0.6056715    
      235261  0.5974745    
      235262  0.5892773    
      235263  0.5810805    
      235264  0.5728847    
      235265  0.5646901    
      235266  0.5564973    
      235267  0.5483065    
      235268  0.5401182    
      235269  0.5319326    
      235270  0.5237501    
      235271  0.5155712    
      235272  0.5073961    
      235273  0.4992254    
      235274  0.4910598    
      235275  0.4828997    
      235276  0.4747459    
      235277  0.4665993    
      235278  0.4584607    
      235279  0.4503312    
      235280  0.4422123    
      235281  0.4341053    
      235282  0.4260121    
      235283  0.4179349    
      235284  0.4098762    
      235285  0.4018393    
      235286  0.3938277    
      235287  0.3858461    
      235288  0.3779003    
      235289  0.3699974    
      235290  0.3621460    
      235291  0.3543573    
      235292  0.3466438    
      235293  0.3390201    
      235294  0.3315013    
      235295  0.3241020    
      235296  0.3168343    
      235297  0.3097073    
      235298  0.3027278    
      235299  0.2958976    
      235300  0.2892126    
      235301  0.2826641    
      235302  0.2762397    
      235303  0.2699230    
      235304  0.2636957    
      235305  0.2575400    
      235306  0.2514420    
      235307  0.2453910    
      235308  0.2393801    
      235309  0.2334060    
      235310  0.2274674    
      235311  0.2215637    
      235312  0.2156927    
      235313  0.2098466    
      235314  0.2040022    
      235315  0.1981017    
      235316  0.1920392    
      235317  0.1856546    
      235318  0.1788044    
      235319  0.1715057    
      235320  0.1638855    
      235321  0.1560712    
      235322  0.1481403    
      235323  0.1401317    
      235324  0.1320666    
      235325  0.1239579    
      235326  0.1158145    
      235327  0.1076433    
      235328  9.9449955E-02
      235329  9.1239296E-02
      235330  8.3016038E-02
      235331  7.4784845E-02
      235332  6.6551134E-02
      235333  5.8322571E-02
      235334  5.0111905E-02
      235335  4.1944377E-02
      235336  3.3876531E-02
      235337  2.6042968E-02
      235338  1.8771749E-02
      235339  1.2861082E-02
      235340  1.0156472E-02
      235341  1.2861840E-02
      235342  1.8773694E-02
      235343  2.6046826E-02
      235344  3.3883389E-02
      235345  4.1955844E-02
      235346  5.0130360E-02
      235347  5.8351580E-02
      235348  6.6595867E-02
      235349  7.4852645E-02
      235350  8.3116859E-02
      235351  9.1385901E-02
      235352  9.9658303E-02
      235353  0.1079331    
      235354  0.1162097    
      235355  0.1244877    
      235356  0.1327668    
      235357  0.1410465    
      235358  0.1493268    
      235359  0.1576075    
      235360  0.1658885    
      235361  0.1741696    
      235362  0.1824508    
      235363  0.1907321    
      235364  0.1990134    
      235365  0.2072946    
      235366  0.2155759    
      235367  0.2238571    
      235368  0.2321383    
      235369  0.2404194    
      235370  0.2487005    
      235371  0.2569815    
      235372  0.2652624    
      235373  0.2735433    
      235374  0.2818241    
      235375  0.2901048    
      235376  0.2983854    
      235377  0.3066660    
      235378  0.3149465    
      235379  0.3232269    
      235380  0.3315072    
      235381  0.3397874    
      235382  0.3480675    
      235383  0.3563475    
      235384  0.3646275    
      235385  0.3729073    
      235386  0.3811870    
      235387  0.3894666    
      235388  0.3977461    
      235389  0.4060255    
      235390  0.4143047    
      235391  0.4225838    
      235392  0.4308628    
      235393  0.4391416    
      235394  0.4474203    
      235395  0.4556988    
      235396  0.4639773    
      235397  0.4722555    
      235398  0.4805336    
      235399  0.4888115    
      235400  0.4970891    
      235401  0.5053667    
      235402  0.5136441    
      235403  0.5219212    
      235404  0.5301981    
      235405  0.5384744    
      235406  0.5467499    
      235407  0.5550233    
      235408  0.5632942    
      235409  0.5715625    
      235410  0.5798286    
      235411  0.5880926    
      235412  0.5963545    
      235413  0.6046146    
      235414  0.6128729    
      235415  0.6211295    
      235416  0.6293846    
      235417  0.6376381    
      235418  0.6458901    
      235419  0.6541406    
      235420  0.6623897    
      235421  0.6706374    
