       26601  0.3894683    
       26602  0.3811887    
       26603  0.3729090    
       26604  0.3646291    
       26605  0.3563492    
       26606  0.3480692    
       26607  0.3397891    
       26608  0.3315089    
       26609  0.3232286    
       26610  0.3149482    
       26611  0.3066677    
       26612  0.2983871    
       26613  0.2901065    
       26614  0.2818258    
       26615  0.2735450    
       26616  0.2652641    
       26617  0.2569832    
       26618  0.2487022    
       26619  0.2404211    
       26620  0.2321399    
       26621  0.2238588    
       26622  0.2155776    
       26623  0.2072963    
       26624  0.1990150    
       26625  0.1907337    
       26626  0.1824525    
       26627  0.1741712    
       26628  0.1658901    
       26629  0.1576092    
       26630  0.1493285    
       26631  0.1410481    
       26632  0.1327683    
       26633  0.1244893    
       26634  0.1162113    
       26635  0.1079347    
       26636  9.9659875E-02
       26637  9.1387466E-02
       26638  8.3118409E-02
       26639  7.4854165E-02
       26640  6.6597372E-02
       26641  5.8353044E-02
       26642  5.0131764E-02
       26643  4.1957177E-02
       26644  3.3884622E-02
       26645  2.6047930E-02
       26646  1.8774647E-02
       26647  1.2862684E-02
       26648  1.0157422E-02
       26649  1.2862682E-02
       26650  1.8774645E-02
       26651  2.6047925E-02
       26652  3.3884618E-02
       26653  4.1957177E-02
       26654  5.0131768E-02
       26655  5.8353044E-02
       26656  6.6597372E-02
       26657  7.4854173E-02
       26658  8.3118409E-02
       26659  9.1387480E-02
       26660  9.9659875E-02
       26661  0.1079347    
       26662  0.1162113    
       26663  0.1244893    
       26664  0.1327683    
       26665  0.1410481    
       26666  0.1493284    
       26667  0.1576091    
       26668  0.1658901    
       26669  0.1741711    
       26670  0.1824523    
       26671  0.1907336    
       26672  0.1990148    
       26673  0.2072959    
       26674  0.2155771    
       26675  0.2238580    
       26676  0.2321389    
       26677  0.2404195    
       26678  0.2486999    
       26679  0.2569800    
       26680  0.2652599    
       26681  0.2735395    
       26682  0.2818188    
       26683  0.2900979    
       26684  0.2983767    
       26685  0.3066552    
       26686  0.3149334    
       26687  0.3232111    
       26688  0.3314884    
       26689  0.3397652    
       26690  0.3480415    
       26691  0.3563173    
       26692  0.3645926    
       26693  0.3728673    
       26694  0.3811412    
       26695  0.3894140    
       26696  0.3976845    
       26697  0.4059501    
       26698  0.4142057    
       26699  0.4224399    
       26700  0.4306291    
       26701  0.4387251    
       26702  0.4466395    
       26703  0.4542302    
       26704  0.4613621    
       26705  0.4680735    
       26706  0.4745382    
       26707  0.4808939    
       26708  0.4872237    
       26709  0.4935749    
       26710  0.4999734    
       26711  0.5064310    
       26712  0.5129535    
       26713  0.5195434    
       26714  0.5262012    
       26715  0.5329272    
       26716  0.5397215    
       26717  0.5465848    
       26718  0.5535173    
       26719  0.5605191    
       26720  0.5675895    
       26721  0.5747284    
       26722  0.5819367    
       26723  0.5892165    
       26724  0.5965675    
       26725  0.6039834    
       26726  0.6114559    
       26727  0.6189778    
       26728  0.6265441    
       26729  0.6341505    
       26730  0.6417934    
       26731  0.6494697    
       26732  0.6571765    
       26733  0.6649113    
       26734  0.6726717    
       26735  0.6804556    
       26736  0.6882613    
       26737  0.6960870    
       26738  0.7039312    
       26739  0.7117925    
       26740  0.7196694    
       26741  0.7275609    
       26742  0.7354658    
       26743  0.7433832    
       26744  0.7513121    
       26745  0.7592519    
       26746  0.7672017    
       26747  0.7751608    
       26748  0.7831285    
       26749  0.7911044    
       26750  0.7990878    
       26751  0.8070780    
       26752  0.8150747    
       26753  0.8230771    
       26754  0.8310846    
       26755  0.8390965    
       26756  0.8471122    
       26757  0.8551308    
       26758  0.8631516    
       26759  0.8711738    
       26760  0.8791969    
       26761  0.8872199    
       26762  0.8952421    
       26763  0.9032621    
       26764  0.9112782    
       26765  0.9192870    
       26766  0.9272814    
       26767  0.9352473    
       26768  0.9431548    
       26769  0.9509466    
       26770  0.9585292    
       26771  0.9658237    
       26772  0.9728684    
       26773  0.9797803    
       26774  0.9866575    
       26775  0.9935582    
       26776   1.000515    
       26777   1.007542    
       26778   1.014646    
       26779   1.021830    
       26780   1.029097    
       26781   1.036445    
       26782   1.043868    
       26783   1.051353    
       26784   1.058890    
       26785   1.066475    
       26786   1.074101    
       26787   1.081765    
       26788   1.089464    
       26789   1.097194    
       26790   1.104952    
       26791   1.112736    
       26792   1.120543    
       26793   1.128371    
       26794   1.136218    
       26795   1.144080    
       26796   1.151955    
       26797   1.159840    
       26798   1.167732    
       26799   1.175627    
       26800   1.183520    
       26801   1.191408    
       26802   1.199284    
       26803   1.207138    
       26804   1.214953    
       26805   1.222696    
       26806   1.230306    
       26807   1.237677    
       26808   1.244691    
       26809   1.251324    
       26810   1.257694    
       26811   1.263932    
       26812   1.270126    
       26813   1.276326    
       26814   1.282562    
       26815   1.288848    
       26816   1.295197    
       26817   1.301615    
       26818   1.308108    
       26819   1.314682    
       26820   1.321337    
       26821   1.328074    
       26822   1.334890    
       26823   1.341782    
       26824   1.348746    
       26825   1.355781    
       26826   1.362885    
       26827   1.370057    
       26828   1.377299    
       26829   1.384612    
       26830   1.391995    
       26831   1.399443    
       26832   1.406946    
       26833   1.414497    
       26834   1.422093    
       26835   1.429730    
       26836   1.437406    
       26837   1.445116    
       26838   1.452859    
       26839   1.460632    
       26840   1.468432    
       26841   1.476258    
       26842   1.484106    
       26843   1.491976    
       26844   1.499865    
       26845   1.507772    
       26846   1.515695    
       26847   1.523633    
       26848   1.531585    
       26849   1.539550    
       26850   1.547526    
       26851   1.555513    
       26852   1.563509    
       26853   1.571515    
       26854   1.579529    
       26855   1.587551    
       26856   1.595580    
       26857   1.603615    
       26858   1.611656    
       26859   1.619703    
       26860   1.627755    
       26861   1.635812    
       26862   1.643872    
       26863   1.651937    
       26864   1.660005    
       26865   1.668076    
       26866   1.676150    
       26867   1.684227    
       26868   1.692305    
       26869   1.700385    
       26870   1.708467    
       26871   1.716549    
       26872   1.724633    
       26873   1.732716    
       26874   1.740798    
       26875   1.748879    
       26876   1.756958    
       26877   1.765032    
       26878   1.773099    
       26879   1.781153    
       26880   1.789188    
       26881   1.797192    
       26882   1.805150    
       26883   1.813054    
       26884   1.820910    
       26885   1.828736    
       26886   1.836543    
       26887   1.844345    
       26888   1.852148    
       26889   1.859956    
       26890   1.867773    
       26891   1.875600    
       26892   1.883439    
       26893   1.891288    
       26894   1.899149    
       26895   1.907021    
       26896   1.914903    
       26897   1.922795    
       26898   1.930695    
       26899   1.938604    
       26900   1.946518    
       26901   1.954438    
       26902   1.962358    
       26903   1.970277    
       26904   1.978185    
       26905   1.986074    
       26906   1.993925    
       26907   2.001708    
       26908   2.009370    
       26909   2.016830    
       26910   2.023991    
       26911   2.030763    
       26912   2.037076    
       26913   2.042935    
       26914   2.048448    
       26915   2.053753    
       26916   2.058973    
       26917   2.064204    
       26918   2.069514    
       26919   2.074941    
       26920   2.080505    
       26921   2.086213    
       26922   2.092068    
       26923   2.098063    
       26924   2.104187    
       26925   2.110428    
       26926   2.116777    
       26927   2.123216    
       26928   2.129711    
