      171667   2.141120    
      171668   2.133088    
      171669   2.125061    
      171670   2.117038    
      171671   2.109019    
      171672   2.101006    
      171673   2.092999    
      171674   2.084997    
      171675   2.077003    
      171676   2.069014    
      171677   2.061033    
      171678   2.053059    
      171679   2.045094    
      171680   2.037137    
      171681   2.029190    
      171682   2.021252    
      171683   2.013325    
      171684   2.005410    
      171685   1.997506    
      171686   1.989616    
      171687   1.981740    
      171688   1.973880    
      171689   1.966035    
      171690   1.958209    
      171691   1.950402    
      171692   1.942615    
      171693   1.934851    
      171694   1.927111    
      171695   1.919397    
      171696   1.911711    
      171697   1.904054    
      171698   1.896430    
      171699   1.888839    
      171700   1.881284    
      171701   1.873768    
      171702   1.866292    
      171703   1.858859    
      171704   1.851472    
      171705   1.844134    
      171706   1.836846    
      171707   1.829606    
      171708   1.822415    
      171709   1.815271    
      171710   1.808173    
      171711   1.801120    
      171712   1.794114    
      171713   1.787155    
      171714   1.780242    
      171715   1.773379    
      171716   1.766567    
      171717   1.759809    
      171718   1.753106    
      171719   1.746461    
      171720   1.739873    
      171721   1.733342    
      171722   1.726865    
      171723   1.720437    
      171724   1.714050    
      171725   1.707698    
      171726   1.701368    
      171727   1.695035    
      171728   1.688647    
      171729   1.682122    
      171730   1.675325    
      171731   1.668122    
      171732   1.660533    
      171733   1.652703    
      171734   1.644748    
      171735   1.636735    
      171736   1.628694    
      171737   1.620640    
      171738   1.612579    
      171739   1.604516    
      171740   1.596450    
      171741   1.588384    
      171742   1.580318    
      171743   1.572252    
      171744   1.564187    
      171745   1.556124    
      171746   1.548062    
      171747   1.540003    
      171748   1.531947    
      171749   1.523893    
      171750   1.515843    
      171751   1.507797    
      171752   1.499755    
      171753   1.491718    
      171754   1.483686    
      171755   1.475660    
      171756   1.467639    
      171757   1.459625    
      171758   1.451618    
      171759   1.443619    
      171760   1.435627    
      171761   1.427644    
      171762   1.419670    
      171763   1.411706    
      171764   1.403752    
      171765   1.395811    
      171766   1.387881    
      171767   1.379965    
      171768   1.372064    
      171769   1.364178    
      171770   1.356310    
      171771   1.348460    
      171772   1.340631    
      171773   1.332824    
      171774   1.325041    
      171775   1.317285    
      171776   1.309559    
      171777   1.301865    
      171778   1.294207    
      171779   1.286589    
      171780   1.279015    
      171781   1.271492    
      171782   1.264026    
      171783   1.256622    
      171784   1.249285    
      171785   1.242014    
      171786   1.234808    
      171787   1.227663    
      171788   1.220571    
      171789   1.213513    
      171790   1.206454    
      171791   1.199334    
      171792   1.192062    
      171793   1.184556    
      171794   1.176825    
      171795   1.168951    
      171796   1.161001    
      171797   1.153014    
      171798   1.145008    
      171799   1.136995    
      171800   1.128979    
      171801   1.120962    
      171802   1.112948    
      171803   1.104936    
      171804   1.096927    
      171805   1.088924    
      171806   1.080925    
      171807   1.072934    
      171808   1.064950    
      171809   1.056976    
      171810   1.049012    
      171811   1.041060    
      171812   1.033121    
      171813   1.025198    
      171814   1.017292    
      171815   1.009404    
      171816   1.001536    
      171817  0.9936916    
      171818  0.9858720    
      171819  0.9780805    
      171820  0.9703201    
      171821  0.9625945    
      171822  0.9549081    
      171823  0.9472664    
      171824  0.9396757    
      171825  0.9321438    
      171826  0.9246793    
      171827  0.9172910    
      171828  0.9099851    
      171829  0.9027647    
      171830  0.8956335    
      171831  0.8885965    
      171832  0.8816597    
      171833  0.8748280    
      171834  0.8681055    
      171835  0.8614941    
      171836  0.8549924    
      171837  0.8485960    
      171838  0.8423001    
      171839  0.8360999    
      171840  0.8299879    
      171841  0.8239557    
      171842  0.8179946    
      171843  0.8120967    
      171844  0.8062516    
      171845  0.8004400    
      171846  0.7946187    
      171847  0.7887008    
      171848  0.7825425    
      171849  0.7759749    
      171850  0.7689631    
      171851  0.7616351    
      171852  0.7541268    
      171853  0.7465231    
      171854  0.7388695    
      171855  0.7311910    
      171856  0.7235016    
      171857  0.7158104    
      171858  0.7081239    
      171859  0.7004467    
      171860  0.6927831    
      171861  0.6851367    
      171862  0.6775110    
      171863  0.6699089    
      171864  0.6623335    
      171865  0.6547883    
      171866  0.6472766    
      171867  0.6398028    
      171868  0.6323714    
      171869  0.6249875    
      171870  0.6176555    
      171871  0.6103789    
      171872  0.6031597    
      171873  0.5959997    
      171874  0.5889007    
      171875  0.5818658    
      171876  0.5748982    
      171877  0.5680006    
      171878  0.5611735    
      171879  0.5544130    
      171880  0.5477029    
      171881  0.5410127    
      171882  0.5342836    
      171883  0.5274104    
      171884  0.5202509    
      171885  0.5126987    
      171886  0.5048186    
      171887  0.4967454    
      171888  0.4885690    
      171889  0.4803399    
      171890  0.4720852    
      171891  0.4638183    
      171892  0.4555455    
      171893  0.4472699    
      171894  0.4389931    
      171895  0.4307156    
      171896  0.4224377    
      171897  0.4141597    
      171898  0.4058815    
      171899  0.3976032    
      171900  0.3893247    
      171901  0.3810462    
      171902  0.3727674    
      171903  0.3644885    
      171904  0.3562095    
      171905  0.3479303    
      171906  0.3396509    
      171907  0.3313713    
      171908  0.3230916    
      171909  0.3148116    
      171910  0.3065316    
      171911  0.2982514    
      171912  0.2899711    
      171913  0.2816906    
      171914  0.2734100    
      171915  0.2651294    
      171916  0.2568486    
      171917  0.2485677    
      171918  0.2402868    
      171919  0.2320058    
      171920  0.2237248    
      171921  0.2154437    
      171922  0.2071626    
      171923  0.1988814    
      171924  0.1906003    
      171925  0.1823192    
      171926  0.1740381    
      171927  0.1657572    
      171928  0.1574764    
      171929  0.1491959    
      171930  0.1409158    
      171931  0.1326363    
      171932  0.1243576    
      171933  0.1160799    
      171934  0.1078037    
      171935  9.9529371E-02
      171936  9.1257706E-02
      171937  8.2989663E-02
      171938  7.4726880E-02
      171939  6.6472165E-02
      171940  5.8230840E-02
      171941  5.0013848E-02
      171942  4.1845340E-02
      171943  3.3781271E-02
      171944  2.5955915E-02
      171945  1.8696286E-02
      171946  1.2796468E-02
      171947  1.0089135E-02
      171948  1.2755590E-02
      171949  1.8595284E-02
      171950  2.5766592E-02
      171951  3.3467799E-02
      171952  4.1363634E-02
      171953  4.9311012E-02
      171954  5.7245664E-02
      171955  6.5138012E-02
      171956  7.2972953E-02
      171957  8.0737814E-02
      171958  8.8413045E-02
      171959  9.5958270E-02
      171960  0.1033275    
      171961  0.1104987    
      171962  0.1174933    
      171963  0.1243627    
      171964  0.1311664    
      171965  0.1379521    
      171966  0.1447543    
      171967  0.1515928    
      171968  0.1584765    
      171969  0.1654080    
      171970  0.1723892    
      171971  0.1794217    
      171972  0.1865059    
      171973  0.1936427    
      171974  0.2008339    
      171975  0.2080819    
      171976  0.2153903    
      171977  0.2227648    
      171978  0.2302085    
      171979  0.2377197    
      171980  0.2452928    
      171981  0.2529215    
      171982  0.2606011    
      171983  0.2683281    
      171984  0.2760990    
      171985  0.2839101    
      171986  0.2917577    
      171987  0.2996381    
      171988  0.3075477    
      171989  0.3154836    
      171990  0.3234430    
      171991  0.3314233    
      171992  0.3394224    
      171993  0.3474384    
      171994  0.3554696    
      171995  0.3635144    
      171996  0.3715716    
      171997  0.3796398    
      171998  0.3877181    
      171999  0.3958054    
      172000  0.4039010    
      172001  0.4120039    
      172002  0.4201135    
      172003  0.4282292    
      172004  0.4363502    
      172005  0.4444758    
      172006  0.4526054    
      172007  0.4607381    
      172008  0.4688730    
      172009  0.4770089    
      172010  0.4851441    
      172011  0.4932764    
      172012  0.5014026    
      172013  0.5095181    
      172014  0.5176160    
      172015  0.5256861    
      172016  0.5337139    
      172017  0.5416783    
      172018  0.5495512    
      172019  0.5572985    
      172020  0.5648797    
      172021  0.5722498    
      172022  0.5793685    
      172023  0.5862203    
      172024  0.5928295    
      172025  0.5992572    
      172026  0.6055695    
      172027  0.6118166    
      172028  0.6180295    
      172029  0.6242243    
      172030  0.6304092    
      172031  0.6365886    
      172032  0.6427661    
      172033  0.6489453    
      172034  0.6551318    
      172035  0.6613332    
      172036  0.6675605    
      172037  0.6738277    
      172038  0.6801484    
      172039  0.6865332    
      172040  0.6929902    
      172041  0.6995253    
      172042  0.7061425    
      172043  0.7128428    
      172044  0.7196252    
      172045  0.7264885    
      172046  0.7334296    
      172047  0.7404442    
      172048  0.7475286    
      172049  0.7546808    
      172050  0.7619005    
      172051  0.7691882    
      172052  0.7765449    
      172053  0.7839711    
      172054  0.7914650    
      172055  0.7990221    
      172056  0.8066366    
      172057  0.8143035    
      172058  0.8220191    
      172059  0.8297803    
      172060  0.8375837    
      172061  0.8454256    
      172062  0.8533026    
      172063  0.8612109    
      172064  0.8691472    
      172065  0.8771085    
      172066  0.8850920    
      172067  0.8930954    
      172068  0.9011166    
      172069  0.9091536    
      172070  0.9172047    
      172071  0.9252687    
      172072  0.9333441    
      172073  0.9414299    
      172074  0.9495251    
      172075  0.9576288    
      172076  0.9657402    
      172077  0.9738586    
      172078  0.9819833    
      172079  0.9901139    
      172080  0.9982499    
      172081   1.006391    
      172082   1.014536    
      172083   1.022685    
      172084   1.030838    
      172085   1.038994    
      172086   1.047154    
      172087   1.055316    
      172088   1.063481    
      172089   1.071649    
      172090   1.079818    
      172091   1.087990    
      172092   1.096163    
      172093   1.104339    
      172094   1.112515    
      172095   1.120693    
      172096   1.128873    
      172097   1.137054    
      172098   1.145236    
      172099   1.153419    
      172100   1.161602    
      172101   1.169787    
      172102   1.177972    
      172103   1.186158    
      172104   1.194345    
      172105   1.202532    
      172106   1.210720    
      172107   1.218908    
      172108   1.227096    
      172109   1.235285    
      172110   1.243474    
      172111   1.251664    
      172112   1.259854    
      172113   1.268044    
      172114   1.276234    
      172115   1.284424    
      172116   1.292615    
      172117   1.300805    
      172118   1.308996    
      172119   1.317187    
      172120   1.325378    
      172121   1.333569    
      172122   1.341760    
      172123   1.349951    
      172124   1.358142    
      172125   1.366333    
      172126   1.374525    
      172127   1.382716    
      172128   1.390907    
      172129   1.399099    
      172130   1.407290    
      172131   1.415481    
      172132   1.423672    
      172133   1.431864    
      172134   1.440055    
      172135   1.448246    
      172136   1.456438    
      172137   1.464629    
      172138   1.472820    
      172139   1.481011    
      172140   1.489202    
      172141   1.497394    
