      131881   1.813786    
      131882   1.805716    
      131883   1.797648    
      131884   1.789580    
      131885   1.781514    
      131886   1.773448    
      131887   1.765383    
      131888   1.757320    
      131889   1.749259    
      131890   1.741198    
      131891   1.733139    
      131892   1.725082    
      131893   1.717026    
      131894   1.708973    
      131895   1.700921    
      131896   1.692871    
      131897   1.684824    
      131898   1.676779    
      131899   1.668737    
      131900   1.660697    
      131901   1.652660    
      131902   1.644627    
      131903   1.636596    
      131904   1.628570    
      131905   1.620546    
      131906   1.612527    
      131907   1.604512    
      131908   1.596502    
      131909   1.588496    
      131910   1.580496    
      131911   1.572500    
      131912   1.564511    
      131913   1.556528    
      131914   1.548551    
      131915   1.540581    
      131916   1.532618    
      131917   1.524663    
      131918   1.516716    
      131919   1.508779    
      131920   1.500851    
      131921   1.492933    
      131922   1.485026    
      131923   1.477131    
      131924   1.469248    
      131925   1.461379    
      131926   1.453524    
      131927   1.445686    
      131928   1.437864    
      131929   1.430061    
      131930   1.422277    
      131931   1.414515    
      131932   1.406775    
      131933   1.399062    
      131934   1.391376    
      131935   1.383719    
      131936   1.376096    
      131937   1.368510    
      131938   1.360964    
      131939   1.353464    
      131940   1.346015    
      131941   1.338622    
      131942   1.331289    
      131943   1.324015    
      131944   1.316799    
      131945   1.309639    
      131946   1.302531    
      131947   1.295471    
      131948   1.288456    
      131949   1.281479    
      131950   1.274537    
      131951   1.267626    
      131952   1.260746    
      131953   1.253899    
      131954   1.247087    
      131955   1.240314    
      131956   1.233585    
      131957   1.226905    
      131958   1.220279    
      131959   1.213711    
      131960   1.207204    
      131961   1.200760    
      131962   1.194376    
      131963   1.188051    
      131964   1.181782    
      131965   1.175560    
      131966   1.169378    
      131967   1.163216    
      131968   1.157042    
      131969   1.150797    
      131970   1.144379    
      131971   1.137634    
      131972   1.130427    
      131973   1.122819    
      131974   1.114974    
      131975   1.107014    
      131976   1.098999    
      131977   1.090959    
      131978   1.082908    
      131979   1.074852    
      131980   1.066794    
      131981   1.058734    
      131982   1.050674    
      131983   1.042614    
      131984   1.034556    
      131985   1.026498    
      131986   1.018443    
      131987   1.010390    
      131988   1.002340    
      131989  0.9942935    
      131990  0.9862502    
      131991  0.9782108    
      131992  0.9701760    
      131993  0.9621460    
      131994  0.9541214    
      131995  0.9461024    
      131996  0.9380896    
      131997  0.9300833    
      131998  0.9220843    
      131999  0.9140928    
      132000  0.9061096    
      132001  0.8981351    
      132002  0.8901700    
      132003  0.8822151    
      132004  0.8742713    
      132005  0.8663390    
      132006  0.8584194    
      132007  0.8505136    
      132008  0.8426225    
      132009  0.8347476    
      132010  0.8268900    
      132011  0.8190515    
      132012  0.8112336    
      132013  0.8034385    
      132014  0.7956679    
      132015  0.7879244    
      132016  0.7802105    
      132017  0.7725291    
      132018  0.7648840    
      132019  0.7572793    
      132020  0.7497199    
      132021  0.7422115    
      132022  0.7347604    
      132023  0.7273722    
      132024  0.7200499    
      132025  0.7127938    
      132026  0.7056023    
      132027  0.6984715    
      132028  0.6913925    
      132029  0.6843452    
      132030  0.6772926    
      132031  0.6701701    
      132032  0.6628841    
      132033  0.6553561    
      132034  0.6476067    
      132035  0.6397202    
      132036  0.6317619    
      132037  0.6237683    
      132038  0.6157583    
      132039  0.6077411    
      132040  0.5997214    
      132041  0.5917018    
      132042  0.5836840    
      132043  0.5756689    
      132044  0.5676576    
      132045  0.5596508    
      132046  0.5516496    
      132047  0.5436550    
      132048  0.5356681    
      132049  0.5276903    
      132050  0.5197231    
      132051  0.5117677    
      132052  0.5038258    
      132053  0.4958988    
      132054  0.4879883    
      132055  0.4800960    
      132056  0.4722240    
      132057  0.4643742    
      132058  0.4565492    
      132059  0.4487517    
      132060  0.4409848    
      132061  0.4332519    
      132062  0.4255573    
      132063  0.4179060    
      132064  0.4103043    
      132065  0.4027593    
      132066  0.3952796    
      132067  0.3878736    
      132068  0.3805476    
      132069  0.3733051    
      132070  0.3661489    
      132071  0.3590826    
      132072  0.3521101    
      132073  0.3452333    
      132074  0.3384480    
      132075  0.3317382    
      132076  0.3250694    
      132077  0.3183799    
      132078  0.3115668    
      132079  0.3044828    
      132080  0.2970135    
      132081  0.2892074    
      132082  0.2811887    
      132083  0.2730545    
      132084  0.2648621    
      132085  0.2566410    
      132086  0.2484057    
      132087  0.2401634    
      132088  0.2319171    
      132089  0.2236683    
      132090  0.2154172    
      132091  0.2071637    
      132092  0.1989076    
      132093  0.1906485    
      132094  0.1823862    
      132095  0.1741210    
      132096  0.1658529    
      132097  0.1575824    
      132098  0.1493097    
      132099  0.1410353    
      132100  0.1327597    
      132101  0.1244835    
      132102  0.1162075    
      132103  0.1079321    
      132104  9.9658154E-02
      132105  9.1386333E-02
      132106  8.3117649E-02
      132107  7.4853666E-02
      132108  6.6597037E-02
      132109  5.8352824E-02
      132110  5.0131623E-02
      132111  4.1957088E-02
      132112  3.3884563E-02
      132113  2.6047893E-02
      132114  1.8774629E-02
      132115  1.2862673E-02
      132116  1.0157416E-02
      132117  1.2862676E-02
      132118  1.8774638E-02
      132119  2.6047919E-02
      132120  3.3884607E-02
      132121  4.1957162E-02
      132122  5.0131742E-02
      132123  5.8353007E-02
      132124  6.6597320E-02
      132125  7.4854106E-02
      132126  8.3118320E-02
      132127  9.1387339E-02
      132128  9.9659696E-02
      132129  0.1079344    
      132130  0.1162110    
      132131  0.1244888    
      132132  0.1327675    
      132133  0.1410470    
      132134  0.1493269    
      132135  0.1576070    
      132136  0.1658874    
      132137  0.1741678    
      132138  0.1824483    
      132139  0.1907287    
      132140  0.1990092    
      132141  0.2072895    
      132142  0.2155699    
      132143  0.2238503    
      132144  0.2321306    
      132145  0.2404109    
      132146  0.2486912    
      132147  0.2569716    
      132148  0.2652519    
      132149  0.2735322    
      132150  0.2818125    
      132151  0.2900928    
      132152  0.2983730    
      132153  0.3066532    
      132154  0.3149334    
      132155  0.3232135    
      132156  0.3314936    
      132157  0.3397735    
      132158  0.3480533    
      132159  0.3563330    
      132160  0.3646123    
      132161  0.3728913    
      132162  0.3811696    
      132163  0.3894466    
      132164  0.3977217    
      132165  0.4059932    
      132166  0.4142584    
      132167  0.4225124    
      132168  0.4307460    
      132169  0.4389437    
      132170  0.4470780    
      132171  0.4551035    
      132172  0.4629552    
      132173  0.4705944    
      132174  0.4780708    
      132175  0.4854524    
      132176  0.4927944    
      132177  0.5001329    
      132178  0.5074859    
      132179  0.5148605    
      132180  0.5222594    
      132181  0.5296825    
      132182  0.5371265    
      132183  0.5445853    
      132184  0.5520504    
      132185  0.5595092    
      132186  0.5669445    
      132187  0.5743316    
      132188  0.5816343    
      132189  0.5887998    
      132190  0.5957513    
      132191  0.6023880    
      132192  0.6086161    
      132193  0.6144269    
      132194  0.6199145    
      132195  0.6252070    
      132196  0.6304204    
      132197  0.6356471    
      132198  0.6409531    
      132199  0.6463784    
      132200  0.6519427    
      132201  0.6576536    
      132202  0.6635100    
      132203  0.6695058    
      132204  0.6756308    
      132205  0.6818755    
      132206  0.6882333    
      132207  0.6946964    
      132208  0.7012571    
      132209  0.7079085    
      132210  0.7146459    
      132211  0.7214653    
      132212  0.7283642    
      132213  0.7353404    
      132214  0.7423922    
      132215  0.7495192    
      132216  0.7567219    
      132217  0.7640026    
      132218  0.7713650    
      132219  0.7788093    
      132220  0.7863294    
      132221  0.7939153    
      132222  0.8015593    
      132223  0.8092560    
      132224  0.8170011    
      132225  0.8247902    
      132226  0.8326195    
      132227  0.8404845    
      132228  0.8483814    
      132229  0.8563067    
      132230  0.8642572    
      132231  0.8722300    
      132232  0.8802229    
      132233  0.8882335    
      132234  0.8962601    
      132235  0.9043010    
      132236  0.9123546    
      132237  0.9204198    
      132238  0.9284953    
      132239  0.9365801    
      132240  0.9446734    
      132241  0.9527743    
      132242  0.9608821    
      132243  0.9689959    
      132244  0.9771152    
      132245  0.9852391    
      132246  0.9933672    
      132247   1.001498    
      132248   1.009632    
      132249   1.017766    
      132250   1.025900    
      132251   1.034031    
      132252   1.042156    
      132253   1.050270    
      132254   1.058367    
      132255   1.066435    
      132256   1.074461    
      132257   1.082424    
      132258   1.090295    
      132259   1.098040    
      132260   1.105619    
      132261   1.112985    
      132262   1.120100    
      132263   1.126948    
      132264   1.133553    
      132265   1.139979    
      132266   1.146289    
      132267   1.152535    
      132268   1.158747    
      132269   1.164941    
      132270   1.171125    
      132271   1.177304    
      132272   1.183481    
      132273   1.189659    
      132274   1.195845    
      132275   1.202047    
      132276   1.208273    
      132277   1.214540    
      132278   1.220861    
      132279   1.227245    
      132280   1.233702    
      132281   1.240237    
      132282   1.246854    
      132283   1.253554    
      132284   1.260337    
      132285   1.267200    
      132286   1.274141    
      132287   1.281155    
      132288   1.288240    
      132289   1.295392    
      132290   1.302611    
      132291   1.309899    
      132292   1.317255    
      132293   1.324681    
      132294   1.332174    
      132295   1.339731    
      132296   1.347345    
      132297   1.355011    
      132298   1.362726    
      132299   1.370487    
      132300   1.378289    
      132301   1.386131    
      132302   1.394007    
      132303   1.401915    
      132304   1.409851    
      132305   1.417812    
      132306   1.425795    
      132307   1.433798    
      132308   1.441819    
      132309   1.449856    
      132310   1.457906    
      132311   1.465970    
      132312   1.474045    
      132313   1.482131    
      132314   1.490226    
      132315   1.498330    
      132316   1.506441    
      132317   1.514559    
      132318   1.522684    
      132319   1.530814    
      132320   1.538950    
      132321   1.547090    
      132322   1.555235    
      132323   1.563384    
      132324   1.571537    
      132325   1.579694    
      132326   1.587853    
      132327   1.596015    
      132328   1.604180    
      132329   1.612347    
      132330   1.620517    
      132331   1.628689    
      132332   1.636862    
      132333   1.645037    
      132334   1.653214    
      132335   1.661392    
      132336   1.669571    
      132337   1.677752    
      132338   1.685934    
      132339   1.694117    
      132340   1.702300    
      132341   1.710485    
      132342   1.718670    
      132343   1.726856    
      132344   1.735043    
      132345   1.743230    
      132346   1.751417    
      132347   1.759605    
      132348   1.767794    
      132349   1.775983    
      132350   1.784172    
      132351   1.792361    
      132352   1.800551    
      132353   1.808741    
      132354   1.816931    
      132355   1.825121    
      132356   1.833312    
      132357   1.841502    
      132358   1.849693    
      132359   1.857884    
      132360   1.866075    
      132361   1.874265    
      132362   1.882457    
      132363   1.890648    
      132364   1.898839    
      132365   1.907030    
      132366   1.915221    
      132367   1.923412    
      132368   1.931604    
      132369   1.939795    
      132370   1.947986    
      132371   1.956177    
      132372   1.964369    
      132373   1.972560    
      132374   1.980751    
      132375   1.988942    
      132376   1.997134    
      132377   2.005325    
      132378   2.013516    
      132379   2.021708    
      132380   2.029899    
      132381   2.038090    
