      164935   2.149073    
      164936   2.141005    
      164937   2.132939    
      164938   2.124876    
      164939   2.116814    
      164940   2.108755    
      164941   2.100699    
      164942   2.092646    
      164943   2.084596    
      164944   2.076549    
      164945   2.068506    
      164946   2.060466    
      164947   2.052430    
      164948   2.044398    
      164949   2.036370    
      164950   2.028347    
      164951   2.020329    
      164952   2.012316    
      164953   2.004309    
      164954   1.996307    
      164955   1.988312    
      164956   1.980324    
      164957   1.972343    
      164958   1.964369    
      164959   1.956404    
      164960   1.948447    
      164961   1.940500    
      164962   1.932562    
      164963   1.924636    
      164964   1.916720    
      164965   1.908817    
      164966   1.900927    
      164967   1.893051    
      164968   1.885190    
      164969   1.877346    
      164970   1.869519    
      164971   1.861712    
      164972   1.853926    
      164973   1.846161    
      164974   1.838421    
      164975   1.830707    
      164976   1.823020    
      164977   1.815364    
      164978   1.807739    
      164979   1.800148    
      164980   1.792594    
      164981   1.785077    
      164982   1.777601    
      164983   1.770168    
      164984   1.762781    
      164985   1.755443    
      164986   1.748155    
      164987   1.740916    
      164988   1.733724    
      164989   1.726580    
      164990   1.719482    
      164991   1.712430    
      164992   1.705423    
      164993   1.698464    
      164994   1.691551    
      164995   1.684689    
      164996   1.677876    
      164997   1.671118    
      164998   1.664415    
      164999   1.657769    
      165000   1.651182    
      165001   1.644651    
      165002   1.638173    
      165003   1.631745    
      165004   1.625358    
      165005   1.619006    
      165006   1.612676    
      165007   1.606342    
      165008   1.599955    
      165009   1.593430    
      165010   1.586633    
      165011   1.579430    
      165012   1.571841    
      165013   1.564010    
      165014   1.556055    
      165015   1.548042    
      165016   1.540001    
      165017   1.531947    
      165018   1.523886    
      165019   1.515822    
      165020   1.507757    
      165021   1.499691    
      165022   1.491625    
      165023   1.483559    
      165024   1.475494    
      165025   1.467430    
      165026   1.459369    
      165027   1.451310    
      165028   1.443253    
      165029   1.435200    
      165030   1.427150    
      165031   1.419103    
      165032   1.411062    
      165033   1.403024    
      165034   1.394993    
      165035   1.386966    
      165036   1.378946    
      165037   1.370932    
      165038   1.362925    
      165039   1.354925    
      165040   1.346933    
      165041   1.338950    
      165042   1.330976    
      165043   1.323012    
      165044   1.315059    
      165045   1.307117    
      165046   1.299188    
      165047   1.291272    
      165048   1.283370    
      165049   1.275485    
      165050   1.267616    
      165051   1.259767    
      165052   1.251938    
      165053   1.244130    
      165054   1.236348    
      165055   1.228592    
      165056   1.220866    
      165057   1.213172    
      165058   1.205514    
      165059   1.197896    
      165060   1.190322    
      165061   1.182799    
      165062   1.175333    
      165063   1.167929    
      165064   1.160591    
      165065   1.153320    
      165066   1.146114    
      165067   1.138969    
      165068   1.131877    
      165069   1.124819    
      165070   1.117761    
      165071   1.110641    
      165072   1.103369    
      165073   1.095863    
      165074   1.088132    
      165075   1.080258    
      165076   1.072308    
      165077   1.064320    
      165078   1.056315    
      165079   1.048301    
      165080   1.040285    
      165081   1.032269    
      165082   1.024254    
      165083   1.016242    
      165084   1.008234    
      165085   1.000230    
      165086  0.9922321    
      165087  0.9842405    
      165088  0.9762567    
      165089  0.9682821    
      165090  0.9603182    
      165091  0.9523664    
      165092  0.9444281    
      165093  0.9365050    
      165094  0.9285984    
      165095  0.9207104    
      165096  0.9128429    
      165097  0.9049981    
      165098  0.8971785    
      165099  0.8893870    
      165100  0.8816265    
      165101  0.8739009    
      165102  0.8662146    
      165103  0.8585728    
      165104  0.8509822    
      165105  0.8434502    
      165106  0.8359857    
      165107  0.8285974    
      165108  0.8212913    
      165109  0.8140709    
      165110  0.8069396    
      165111  0.7999025    
      165112  0.7929655    
      165113  0.7861338    
      165114  0.7794113    
      165115  0.7727996    
      165116  0.7662977    
      165117  0.7599010    
      165118  0.7536048    
      165119  0.7474044    
      165120  0.7412922    
      165121  0.7352597    
      165122  0.7292982    
      165123  0.7234000    
      165124  0.7175543    
      165125  0.7117416    
      165126  0.7059187    
      165127  0.6999980    
      165128  0.6938350    
      165129  0.6872611    
      165130  0.6802433    
      165131  0.6729105    
      165132  0.6653986    
      165133  0.6577919    
      165134  0.6501356    
      165135  0.6424544    
      165136  0.6347625    
      165137  0.6270688    
      165138  0.6193796    
      165139  0.6116998    
      165140  0.6040334    
      165141  0.5963840    
      165142  0.5887551    
      165143  0.5811496    
      165144  0.5735706    
      165145  0.5660213    
      165146  0.5585052    
      165147  0.5510263    
      165148  0.5435892    
      165149  0.5361985    
      165150  0.5288585    
      165151  0.5215712    
      165152  0.5143355    
      165153  0.5071446    
      165154  0.4999855    
      165155  0.4928374    
      165156  0.4856610    
      165157  0.4783912    
      165158  0.4709383    
      165159  0.4632280    
      165160  0.4552855    
      165161  0.4471925    
      165162  0.4390141    
      165163  0.4307886    
      165164  0.4225376    
      165165  0.4142732    
      165166  0.4060017    
      165167  0.3977264    
      165168  0.3894492    
      165169  0.3811709    
      165170  0.3728920    
      165171  0.3646129    
      165172  0.3563336    
      165173  0.3480541    
      165174  0.3397747    
      165175  0.3314952    
      165176  0.3232157    
      165177  0.3149361    
      165178  0.3066565    
      165179  0.2983769    
      165180  0.2900971    
      165181  0.2818173    
      165182  0.2735375    
      165183  0.2652575    
      165184  0.2569774    
      165185  0.2486971    
      165186  0.2404167    
      165187  0.2321361    
      165188  0.2238555    
      165189  0.2155747    
      165190  0.2072938    
      165191  0.1990128    
      165192  0.1907318    
      165193  0.1824507    
      165194  0.1741697    
      165195  0.1658887    
      165196  0.1576078    
      165197  0.1493272    
      165198  0.1410469    
      165199  0.1327671    
      165200  0.1244881    
      165201  0.1162102    
      165202  0.1079335    
      165203  9.9658743E-02
      165204  9.1386348E-02
      165205  8.3117291E-02
      165206  7.4853078E-02
      165207  6.6596299E-02
      165208  5.8352001E-02
      165209  5.0130755E-02
      165210  4.1956216E-02
      165211  3.3883732E-02
      165212  2.6047129E-02
      165213  1.8773951E-02
      165214  1.2862062E-02
      165215  1.0156719E-02
      165216  1.2861492E-02
      165217  1.8772511E-02
      165218  2.6044305E-02
      165219  3.3878755E-02
      165220  4.1947946E-02
      165221  5.0117478E-02
      165222  5.8331110E-02
      165223  6.6563934E-02
      165224  7.4803479E-02
      165225  8.3042055E-02
      165226  9.1273665E-02
      165227  9.9492893E-02
      165228  0.1076943    
      165229  0.1158723    
      165230  0.1240211    
      165231  0.1321338    
      165232  0.1402000    
      165233  0.1482054    
      165234  0.1561285    
      165235  0.1639327    
      165236  0.1715492    
      165237  0.1788770    
      165238  0.1858227    
      165239  0.1923785    
      165240  0.1986616    
      165241  0.2048273    
      165242  0.2109829    
      165243  0.2171891    
      165244  0.2234738    
      165245  0.2298475    
      165246  0.2363122    
      165247  0.2428664    
      165248  0.2495064    
      165249  0.2562270    
      165250  0.2630227    
      165251  0.2698909    
      165252  0.2768306    
      165253  0.2838412    
      165254  0.2909226    
      165255  0.2980748    
      165256  0.3052998    
      165257  0.3126016    
      165258  0.3199843    
      165259  0.3274477    
      165260  0.3349853    
      165261  0.3425878    
      165262  0.3502481    
      165263  0.3579612    
      165264  0.3657224    
      165265  0.3735273    
      165266  0.3813716    
      165267  0.3892508    
      165268  0.3971609    
      165269  0.4050985    
      165270  0.4130604    
      165271  0.4210439    
      165272  0.4290466    
      165273  0.4370666    
      165274  0.4451019    
      165275  0.4531509    
      165276  0.4612123    
      165277  0.4692848    
      165278  0.4773673    
      165279  0.4854589    
      165280  0.4935584    
      165281  0.5016654    
      165282  0.5097789    
      165283  0.5178982    
      165284  0.5260228    
      165285  0.5341519    
      165286  0.5422848    
      165287  0.5504208    
      165288  0.5585588    
      165289  0.5666977    
      165290  0.5748359    
      165291  0.5829710    
      165292  0.5910999    
      165293  0.5992179    
      165294  0.6073183    
      165295  0.6153910    
      165296  0.6234213    
      165297  0.6313883    
      165298  0.6392639    
      165299  0.6470140    
      165300  0.6545981    
      165301  0.6619709    
      165302  0.6690920    
      165303  0.6759456    
      165304  0.6825560    
      165305  0.6889845    
      165306  0.6952972    
      165307  0.7015446    
      165308  0.7077575    
      165309  0.7139523    
      165310  0.7201372    
      165311  0.7263166    
      165312  0.7324941    
      165313  0.7386733    
      165314  0.7448598    
      165315  0.7510612    
      165316  0.7572886    
      165317  0.7635558    
      165318  0.7698765    
      165319  0.7762612    
      165320  0.7827182    
      165321  0.7892534    
      165322  0.7958705    
      165323  0.8025708    
      165324  0.8093532    
      165325  0.8162163    
      165326  0.8231573    
      165327  0.8301719    
      165328  0.8372563    
      165329  0.8444085    
      165330  0.8516282    
      165331  0.8589158    
      165332  0.8662725    
      165333  0.8736988    
      165334  0.8811926    
      165335  0.8887497    
      165336  0.8963642    
      165337  0.9040310    
      165338  0.9117467    
      165339  0.9195077    
      165340  0.9273109    
      165341  0.9351529    
      165342  0.9430299    
      165343  0.9509380    
      165344  0.9588743    
      165345  0.9668356    
      165346  0.9748192    
      165347  0.9828225    
      165348  0.9908436    
      165349  0.9988805    
      165350   1.006932    
      165351   1.014996    
      165352   1.023071    
      165353   1.031157    
      165354   1.039252    
      165355   1.047356    
      165356   1.055467    
      165357   1.063586    
      165358   1.071710    
      165359   1.079841    
      165360   1.087977    
      165361   1.096117    
      165362   1.104263    
      165363   1.112412    
      165364   1.120565    
      165365   1.128721    
      165366   1.136881    
      165367   1.145043    
      165368   1.153208    
      165369   1.161375    
      165370   1.169545    
      165371   1.177716    
      165372   1.185890    
      165373   1.194065    
      165374   1.202242    
      165375   1.210420    
      165376   1.218600    
      165377   1.226781    
      165378   1.234962    
      165379   1.243145    
      165380   1.251329    
      165381   1.259514    
      165382   1.267699    
      165383   1.275885    
      165384   1.284072    
      165385   1.292259    
      165386   1.300447    
      165387   1.308635    
      165388   1.316823    
      165389   1.325012    
      165390   1.333201    
      165391   1.341391    
      165392   1.349581    
      165393   1.357771    
      165394   1.365961    
      165395   1.374151    
      165396   1.382342    
      165397   1.390532    
      165398   1.398723    
      165399   1.406914    
      165400   1.415105    
      165401   1.423296    
      165402   1.431487    
      165403   1.439678    
      165404   1.447870    
      165405   1.456061    
      165406   1.464252    
      165407   1.472443    
      165408   1.480634    
      165409   1.488826    
      165410   1.497017    
      165411   1.505208    
      165412   1.513399    
      165413   1.521590    
      165414   1.529782    
      165415   1.537973    
      165416   1.546164    
      165417   1.554356    
      165418   1.562547    
      165419   1.570738    
      165420   1.578929    
      165421   1.587121    
