       10921  0.1576092    
       10922  0.1493285    
       10923  0.1410481    
       10924  0.1327683    
       10925  0.1244893    
       10926  0.1162113    
       10927  0.1079347    
       10928  9.9659875E-02
       10929  9.1387466E-02
       10930  8.3118409E-02
       10931  7.4854165E-02
       10932  6.6597372E-02
       10933  5.8353044E-02
       10934  5.0131764E-02
       10935  4.1957177E-02
       10936  3.3884622E-02
       10937  2.6047930E-02
       10938  1.8774647E-02
       10939  1.2862684E-02
       10940  1.0157422E-02
       10941  1.2862682E-02
       10942  1.8774645E-02
       10943  2.6047925E-02
       10944  3.3884618E-02
       10945  4.1957177E-02
       10946  5.0131768E-02
       10947  5.8353044E-02
       10948  6.6597372E-02
       10949  7.4854173E-02
       10950  8.3118409E-02
       10951  9.1387480E-02
       10952  9.9659875E-02
       10953  0.1079347    
       10954  0.1162113    
       10955  0.1244893    
       10956  0.1327684    
       10957  0.1410481    
       10958  0.1493285    
       10959  0.1576092    
       10960  0.1658901    
       10961  0.1741712    
       10962  0.1824525    
       10963  0.1907337    
       10964  0.1990150    
       10965  0.2072963    
       10966  0.2155775    
       10967  0.2238588    
       10968  0.2321400    
       10969  0.2404211    
       10970  0.2487021    
       10971  0.2569832    
       10972  0.2652641    
       10973  0.2735450    
       10974  0.2818258    
       10975  0.2901065    
       10976  0.2983871    
       10977  0.3066677    
       10978  0.3149481    
       10979  0.3232285    
       10980  0.3315089    
       10981  0.3397891    
       10982  0.3480693    
       10983  0.3563493    
       10984  0.3646292    
       10985  0.3729090    
       10986  0.3811887    
       10987  0.3894683    
       10988  0.3977478    
       10989  0.4060272    
       10990  0.4143064    
       10991  0.4225854    
       10992  0.4308644    
       10993  0.4391431    
       10994  0.4474216    
       10995  0.4557000    
       10996  0.4639780    
       10997  0.4722558    
       10998  0.4805332    
       10999  0.4888102    
       11000  0.4970868    
       11001  0.5053630    
       11002  0.5136389    
       11003  0.5219142    
       11004  0.5301890    
       11005  0.5384629    
       11006  0.5467354    
       11007  0.5550049    
       11008  0.5632712    
       11009  0.5715342    
       11010  0.5797940    
       11011  0.5880505    
       11012  0.5963029    
       11013  0.6045495    
       11014  0.6127864    
       11015  0.6210043    
       11016  0.6291829    
       11017  0.6372782    
       11018  0.6452021    
       11019  0.6527974    
       11020  0.6598856    
       11021  0.6664811    
       11022  0.6727755    
       11023  0.6789274    
       11024  0.6850317    
       11025  0.6911425    
       11026  0.6972898    
       11027  0.7034880    
       11028  0.7097447    
       11029  0.7160640    
       11030  0.7224470    
       11031  0.7288955    
       11032  0.7354117    
       11033  0.7419965    
       11034  0.7486503    
       11035  0.7553728    
       11036  0.7621642    
       11037  0.7690248    
       11038  0.7759551    
       11039  0.7829549    
       11040  0.7900237    
       11041  0.7971611    
       11042  0.8043681    
       11043  0.8116469    
       11044  0.8189970    
       11045  0.8264122    
       11046  0.8338840    
       11047  0.8414054    
       11048  0.8489712    
       11049  0.8565772    
       11050  0.8642198    
       11051  0.8718958    
       11052  0.8796024    
       11053  0.8873370    
       11054  0.8950973    
       11055  0.9028811    
       11056  0.9106867    
       11057  0.9185123    
       11058  0.9263564    
       11059  0.9342176    
       11060  0.9420944    
       11061  0.9499859    
       11062  0.9578907    
       11063  0.9658081    
       11064  0.9737370    
       11065  0.9816767    
       11066  0.9896264    
       11067  0.9975854    
       11068   1.005553    
       11069   1.013529    
       11070   1.021512    
       11071   1.029503    
       11072   1.037499    
       11073   1.045501    
       11074   1.053509    
       11075   1.061521    
       11076   1.069536    
       11077   1.077555    
       11078   1.085576    
       11079   1.093598    
       11080   1.101621    
       11081   1.109644    
       11082   1.117666    
       11083   1.125686    
       11084   1.133702    
       11085   1.141711    
       11086   1.149705    
       11087   1.157671    
       11088   1.165578    
       11089   1.173370    
       11090   1.180952    
       11091   1.188246    
       11092   1.195290    
       11093   1.202202    
       11094   1.209079    
       11095   1.215979    
       11096   1.222936    
       11097   1.229963    
       11098   1.237067    
       11099   1.244251    
       11100   1.251517    
       11101   1.258866    
       11102   1.266289    
       11103   1.273773    
       11104   1.281311    
       11105   1.288895    
       11106   1.296521    
       11107   1.304185    
       11108   1.311884    
       11109   1.319614    
       11110   1.327372    
       11111   1.335156    
       11112   1.342963    
       11113   1.350791    
       11114   1.358638    
       11115   1.366500    
       11116   1.374375    
       11117   1.382260    
       11118   1.390152    
       11119   1.398047    
       11120   1.405940    
       11121   1.413828    
       11122   1.421704    
       11123   1.429558    
       11124   1.437373    
       11125   1.445117    
       11126   1.452726    
       11127   1.460098    
       11128   1.467112    
       11129   1.473745    
       11130   1.480115    
       11131   1.486354    
       11132   1.492547    
       11133   1.498747    
       11134   1.504983    
       11135   1.511269    
       11136   1.517618    
       11137   1.524036    
       11138   1.530529    
       11139   1.537102    
       11140   1.543758    
       11141   1.550494    
       11142   1.557310    
       11143   1.564202    
       11144   1.571167    
       11145   1.578201    
       11146   1.585305    
       11147   1.592477    
       11148   1.599719    
       11149   1.607032    
       11150   1.614416    
       11151   1.621863    
       11152   1.629366    
       11153   1.636918    
       11154   1.644513    
       11155   1.652151    
       11156   1.659826    
       11157   1.667536    
       11158   1.675279    
       11159   1.683052    
       11160   1.690852    
       11161   1.698678    
       11162   1.706527    
       11163   1.714396    
       11164   1.722286    
       11165   1.730192    
       11166   1.738115    
       11167   1.746054    
       11168   1.754005    
       11169   1.761970    
       11170   1.769946    
       11171   1.777933    
       11172   1.785929    
       11173   1.793935    
       11174   1.801950    
       11175   1.809971    
       11176   1.818000    
       11177   1.826036    
       11178   1.834077    
       11179   1.842124    
       11180   1.850176    
       11181   1.858232    
       11182   1.866293    
       11183   1.874358    
       11184   1.882426    
       11185   1.890497    
       11186   1.898571    
       11187   1.906647    
       11188   1.914726    
       11189   1.922806    
       11190   1.930887    
       11191   1.938970    
       11192   1.947053    
       11193   1.955137    
       11194   1.963219    
       11195   1.971300    
       11196   1.979379    
       11197   1.987453    
       11198   1.995519    
       11199   2.003574    
       11200   2.011609    
       11201   2.019612    
       11202   2.027570    
       11203   2.035473    
       11204   2.043330    
       11205   2.051154    
       11206   2.058961    
       11207   2.066762    
       11208   2.074564    
       11209   2.082371    
       11210   2.090187    
       11211   2.098013    
       11212   2.105851    
       11213   2.113700    
       11214   2.121560    
       11215   2.129431    
       11216   2.137312    
       11217   2.145200    
       11218   2.153091    
       11219   2.160972    
       11220   2.168814    
