       64121  0.9087479    
       64122  0.9006797    
       64123  0.8926125    
       64124  0.8845460    
       64125  0.8764806    
       64126  0.8684163    
       64127  0.8603532    
       64128  0.8522915    
       64129  0.8442310    
       64130  0.8361720    
       64131  0.8281145    
       64132  0.8200588    
       64133  0.8120049    
       64134  0.8039529    
       64135  0.7959030    
       64136  0.7878554    
       64137  0.7798100    
       64138  0.7717671    
       64139  0.7637269    
       64140  0.7556895    
       64141  0.7476551    
       64142  0.7396239    
       64143  0.7315960    
       64144  0.7235718    
       64145  0.7155514    
       64146  0.7075351    
       64147  0.6995231    
       64148  0.6915157    
       64149  0.6835132    
       64150  0.6755158    
       64151  0.6675240    
       64152  0.6595380    
       64153  0.6515583    
       64154  0.6435851    
       64155  0.6356190    
       64156  0.6276605    
       64157  0.6197098    
       64158  0.6117677    
       64159  0.6038347    
       64160  0.5959114    
       64161  0.5879985    
       64162  0.5800966    
       64163  0.5722067    
       64164  0.5643294    
       64165  0.5564659    
       64166  0.5486170    
       64167  0.5407841    
       64168  0.5329683    
       64169  0.5251708    
       64170  0.5173932    
       64171  0.5096371    
       64172  0.5019041    
       64173  0.4941962    
       64174  0.4865158    
       64175  0.4788652    
       64176  0.4712475    
       64177  0.4636660    
       64178  0.4561245    
       64179  0.4486277    
       64180  0.4411806    
       64181  0.4337879    
       64182  0.4264524    
       64183  0.4191743    
       64184  0.4119511    
       64185  0.4047790    
       64186  0.3976521    
       64187  0.3905599    
       64188  0.3834858    
       64189  0.3764063    
       64190  0.3692854    
       64191  0.3620676    
       64192  0.3546791    
       64193  0.3470470    
       64194  0.3391684    
       64195  0.3311208    
       64196  0.3229716    
       64197  0.3147640    
       64198  0.3065241    
       64199  0.2982665    
       64200  0.2899994    
       64201  0.2817270    
       64202  0.2734518    
       64203  0.2651752    
       64204  0.2568977    
       64205  0.2486199    
       64206  0.2403421    
       64207  0.2320643    
       64208  0.2237867    
       64209  0.2155093    
       64210  0.2072321    
       64211  0.1989551    
       64212  0.1906783    
       64213  0.1824016    
       64214  0.1741250    
       64215  0.1658485    
       64216  0.1575721    
       64217  0.1492958    
       64218  0.1410197    
       64219  0.1327439    
       64220  0.1244686    
       64221  0.1161940    
       64222  0.1079205    
       64223  9.9648342E-02
       64224  9.1378316E-02
       64225  8.3111316E-02
       64226  7.4848838E-02
       64227  6.6593491E-02
       64228  5.8350325E-02
       64229  5.0129928E-02
       64230  4.1955970E-02
       64231  3.3883851E-02
       64232  2.6047453E-02
       64233  1.8774368E-02
       64234  1.2862528E-02
       64235  1.0157330E-02
       64236  1.2862602E-02
       64237  1.8774556E-02
       64238  2.6047822E-02
       64239  3.3884503E-02
       64240  4.1957051E-02
       64241  5.0131630E-02
       64242  5.8352899E-02
       64243  6.6597223E-02
       64244  7.4854016E-02
       64245  8.3118252E-02
       64246  9.1387317E-02
       64247  9.9659726E-02
       64248  0.1079345    
       64249  0.1162112    
       64250  0.1244892    
       64251  0.1327682    
       64252  0.1410480    
       64253  0.1493283    
       64254  0.1576090    
       64255  0.1658899    
       64256  0.1741710    
       64257  0.1824523    
       64258  0.1907335    
       64259  0.1990148    
       64260  0.2072961    
       64261  0.2155773    
       64262  0.2238585    
       64263  0.2321396    
       64264  0.2404207    
       64265  0.2487018    
       64266  0.2569827    
       64267  0.2652636    
       64268  0.2735443    
       64269  0.2818249    
       64270  0.2901054    
       64271  0.2983857    
       64272  0.3066658    
       64273  0.3149455    
       64274  0.3232247    
       64275  0.3315034    
       64276  0.3397812    
       64277  0.3480582    
       64278  0.3563343    
       64279  0.3646094    
       64280  0.3728836    
       64281  0.3811570    
       64282  0.3894299    
       64283  0.3977023    
       64284  0.4059746    
       64285  0.4142469    
       64286  0.4225196    
       64287  0.4307926    
       64288  0.4390658    
       64289  0.4473389    
       64290  0.4556112    
       64291  0.4638813    
       64292  0.4721472    
       64293  0.4804053    
       64294  0.4886492    
       64295  0.4968675    
       64296  0.5050406    
       64297  0.5131343    
       64298  0.5210931    
       64299  0.5288814    
       64300  0.5365387    
       64301  0.5441283    
       64302  0.5516948    
       64303  0.5592643    
       64304  0.5668525    
       64305  0.5744674    
       64306  0.5821133    
       64307  0.5897920    
       64308  0.5975032    
       64309  0.6052450    
       64310  0.6130148    
       64311  0.6208102    
       64312  0.6286288    
       64313  0.6364682    
       64314  0.6443259    
       64315  0.6521994    
       64316  0.6600860    
       64317  0.6679827    
       64318  0.6758862    
       64319  0.6837927    
       64320  0.6916987    
       64321  0.6995995    
       64322  0.7074894    
       64323  0.7153596    
       64324  0.7231941    
       64325  0.7309629    
       64326  0.7386084    
       64327  0.7460303    
       64328  0.7531049    
       64329  0.7597916    
       64330  0.7661961    
       64331  0.7724541    
       64332  0.7786585    
       64333  0.7848653    
       64334  0.7911047    
       64335  0.7973945    
       64336  0.8037455    
       64337  0.8101650    
       64338  0.8166598    
       64339  0.8232346    
       64340  0.8298910    
       64341  0.8366286    
       64342  0.8434453    
       64343  0.8503380    
       64344  0.8573034    
       64345  0.8643391    
       64346  0.8714436    
       64347  0.8786163    
       64348  0.8858587    
       64349  0.8931721    
       64350  0.9005561    
       64351  0.9080042    
       64352  0.9155074    
       64353  0.9230592    
       64354  0.9306555    
       64355  0.9382929    
       64356  0.9459682    
       64357  0.9536787    
       64358  0.9614217    
       64359  0.9691946    
       64360  0.9769949    
       64361  0.9848205    
       64362  0.9926693    
       64363   1.000539    
       64364   1.008428    
       64365   1.016335    
       64366   1.024259    
       64367   1.032197    
       64368   1.040148    
       64369   1.048113    
       64370   1.056089    
       64371   1.064076    
       64372   1.072073    
       64373   1.080078    
       64374   1.088093    
       64375   1.096114    
       64376   1.104143    
       64377   1.112179    
       64378   1.120220    
       64379   1.128267    
       64380   1.136319    
       64381   1.144376    
       64382   1.152437    
       64383   1.160501    
       64384   1.168570    
       64385   1.176641    
       64386   1.184714    
       64387   1.192789    
       64388   1.200865    
       64389   1.208937    
       64390   1.216998    
       64391   1.225034    
       64392   1.233007    
       64393   1.240845    
       64394   1.248417    
       64395   1.255570    
       64396   1.262313    
       64397   1.268811    
       64398   1.275209    
       64399   1.281588    
       64400   1.287991    
       64401   1.294438    
       64402   1.300935    
       64403   1.307485    
       64404   1.314087    
       64405   1.320741    
       64406   1.327448    
       64407   1.334207    
       64408   1.341018    
       64409   1.347881    
       64410   1.354795    
       64411   1.361759    
       64412   1.368774    
       64413   1.375840    
       64414   1.382957    
       64415   1.390127    
       64416   1.397349    
       64417   1.404623    
       64418   1.411944    
       64419   1.419306    
       64420   1.426701    
       64421   1.434125    
       64422   1.441572    
       64423   1.449036    
       64424   1.456507    
       64425   1.463972    
       64426   1.471416    
       64427   1.478813    
       64428   1.486127    
       64429   1.493307    
       64430   1.500277    
       64431   1.506935    
       64432   1.513185    
       64433   1.519013    
       64434   1.524513    
       64435   1.529813    
       64436   1.535032    
       64437   1.540262    
       64438   1.545572    
       64439   1.550999    
       64440   1.556562    
       64441   1.562272    
       64442   1.568127    
       64443   1.574122    
       64444   1.580247    
       64445   1.586492    
       64446   1.592849    
       64447   1.599313    
       64448   1.605873    
       64449   1.612525    
       64450   1.619262    
       64451   1.626082    
       64452   1.632980    
       64453   1.639956    
       64454   1.647008    
       64455   1.654135    
       64456   1.661338    
       64457   1.668619    
       64458   1.675981    
       64459   1.683426    
       64460   1.690945    
       64461   1.698531    
       64462   1.706175    
       64463   1.713872    
       64464   1.721617    
       64465   1.729406    
       64466   1.737235    
       64467   1.745100    
       64468   1.752997    
       64469   1.760922    
       64470   1.768873    
       64471   1.776846    
       64472   1.784839    
       64473   1.792849    
       64474   1.800876    
       64475   1.808917    
       64476   1.816970    
       64477   1.825035    
       64478   1.833111    
       64479   1.841196    
       64480   1.849289    
       64481   1.857390    
       64482   1.865498    
       64483   1.873612    
       64484   1.881731    
       64485   1.889855    
       64486   1.897983    
       64487   1.906114    
       64488   1.914248    
       64489   1.922382    
       64490   1.930516    
       64491   1.938647    
       64492   1.946772    
       64493   1.954886    
       64494   1.962983    
       64495   1.971051    
       64496   1.979077    
       64497   1.987040    
       64498   1.994911    
       64499   2.002656    
       64500   2.010235    
       64501   2.017602    
       64502   2.024716    
       64503   2.031564    
       64504   2.038170    
       64505   2.044595    
       64506   2.050906    
       64507   2.057152    
       64508   2.063364    
       64509   2.069557    
       64510   2.075741    
       64511   2.081919    
       64512   2.088093    
       64513   2.094263    
       64514   2.100427    
       64515   2.106568    
