      117881   1.640213    
      117882   1.632144    
      117883   1.624076    
      117884   1.616009    
      117885   1.607942    
      117886   1.599877    
      117887   1.591812    
      117888   1.583749    
      117889   1.575687    
      117890   1.567627    
      117891   1.559568    
      117892   1.551510    
      117893   1.543455    
      117894   1.535401    
      117895   1.527349    
      117896   1.519300    
      117897   1.511252    
      117898   1.503207    
      117899   1.495165    
      117900   1.487125    
      117901   1.479088    
      117902   1.471055    
      117903   1.463024    
      117904   1.454998    
      117905   1.446975    
      117906   1.438955    
      117907   1.430940    
      117908   1.422930    
      117909   1.414924    
      117910   1.406924    
      117911   1.398928    
      117912   1.390939    
      117913   1.382955    
      117914   1.374979    
      117915   1.367008    
      117916   1.359046    
      117917   1.351091    
      117918   1.343144    
      117919   1.335207    
      117920   1.327279    
      117921   1.319361    
      117922   1.311454    
      117923   1.303559    
      117924   1.295676    
      117925   1.287807    
      117926   1.279953    
      117927   1.272114    
      117928   1.264292    
      117929   1.256489    
      117930   1.248705    
      117931   1.240943    
      117932   1.233204    
      117933   1.225490    
      117934   1.217804    
      117935   1.210147    
      117936   1.202524    
      117937   1.194938    
      117938   1.187392    
      117939   1.179893    
      117940   1.172443    
      117941   1.165050    
      117942   1.157717    
      117943   1.150443    
      117944   1.143227    
      117945   1.136067    
      117946   1.128958    
      117947   1.121899    
      117948   1.114883    
      117949   1.107906    
      117950   1.100963    
      117951   1.094053    
      117952   1.087173    
      117953   1.080325    
      117954   1.073513    
      117955   1.066741    
      117956   1.060012    
      117957   1.053332    
      117958   1.046705    
      117959   1.040137    
      117960   1.033630    
      117961   1.027186    
      117962   1.020802    
      117963   1.014477    
      117964   1.008207    
      117965   1.001986    
      117966  0.9958032    
      117967  0.9896411    
      117968  0.9834673    
      117969  0.9772219    
      117970  0.9708040    
      117971  0.9640583    
      117972  0.9568504    
      117973  0.9492421    
      117974  0.9413977    
      117975  0.9334366    
      117976  0.9254217    
      117977  0.9173820    
      117978  0.9093310    
      117979  0.9012747    
      117980  0.8932157    
      117981  0.8851557    
      117982  0.8770955    
      117983  0.8690358    
      117984  0.8609771    
      117985  0.8529198    
      117986  0.8448644    
      117987  0.8368114    
      117988  0.8287611    
      117989  0.8207139    
      117990  0.8126704    
      117991  0.8046308    
      117992  0.7965958    
      117993  0.7885655    
      117994  0.7805406    
      117995  0.7725214    
      117996  0.7645082    
      117997  0.7565017    
      117998  0.7485024    
      117999  0.7405106    
      118000  0.7325270    
      118001  0.7245522    
      118002  0.7165867    
      118003  0.7086315    
      118004  0.7006871    
      118005  0.6927544    
      118006  0.6848345    
      118007  0.6769282    
      118008  0.6690366    
      118009  0.6611612    
      118010  0.6533031    
      118011  0.6454641    
      118012  0.6376457    
      118013  0.6298499    
      118014  0.6220787    
      118015  0.6143343    
      118016  0.6066195    
      118017  0.5989373    
      118018  0.5912911    
      118019  0.5836853    
      118020  0.5761245    
      118021  0.5686144    
      118022  0.5611608    
      118023  0.5537691    
      118024  0.5464408    
      118025  0.5391725    
      118026  0.5319543    
      118027  0.5247703    
      118028  0.5175948    
      118029  0.5103831    
      118030  0.5030646    
      118031  0.4955504    
      118032  0.4877748    
      118033  0.4797801    
      118034  0.4716558    
      118035  0.4634595    
      118036  0.4552257    
      118037  0.4469731    
      118038  0.4387114    
      118039  0.4304453    
      118040  0.4221771    
      118041  0.4139076    
      118042  0.4056375    
      118043  0.3973666    
      118044  0.3890948    
      118045  0.3808221    
      118046  0.3725483    
      118047  0.3642733    
      118048  0.3559971    
      118049  0.3477200    
      118050  0.3394420    
      118051  0.3311634    
      118052  0.3228844    
      118053  0.3146051    
      118054  0.3063255    
      118055  0.2980458    
      118056  0.2897659    
      118057  0.2814860    
      118058  0.2732059    
      118059  0.2649258    
      118060  0.2566457    
      118061  0.2483656    
      118062  0.2400855    
      118063  0.2318055    
      118064  0.2235254    
      118065  0.2152455    
      118066  0.2069656    
      118067  0.1986859    
      118068  0.1904064    
      118069  0.1821270    
      118070  0.1738480    
      118071  0.1655694    
      118072  0.1572914    
      118073  0.1490141    
      118074  0.1407379    
      118075  0.1324632    
      118076  0.1241904    
      118077  0.1159203    
      118078  0.1076539    
      118079  9.9391967E-02
      118080  9.1135323E-02
      118081  8.2884789E-02
      118082  7.4641377E-02
      118083  6.6407092E-02
      118084  5.8186337E-02
      118085  4.9989104E-02
      118086  4.1838434E-02
      118087  3.3789288E-02
      118088  2.5975123E-02
      118089  1.8722631E-02
      118090  1.2827738E-02
      118091  1.0131263E-02
      118092  1.2832135E-02
      118093  1.8733328E-02
      118094  2.5994519E-02
      118095  3.3819858E-02
      118096  4.1882552E-02
      118097  5.0048970E-02
      118098  5.8263727E-02
      118099  6.6503070E-02
      118100  7.4756250E-02
      118101  8.3017915E-02
      118102  9.1285184E-02
      118103  9.9556312E-02
      118104  0.1078302    
      118105  0.1161062    
      118106  0.1243836    
      118107  0.1326622    
      118108  0.1409415    
      118109  0.1492215    
      118110  0.1575018    
      118111  0.1657825    
      118112  0.1740633    
      118113  0.1823443    
      118114  0.1906253    
      118115  0.1989063    
      118116  0.2071874    
      118117  0.2154685    
      118118  0.2237495    
      118119  0.2320305    
      118120  0.2403115    
      118121  0.2485924    
      118122  0.2568732    
      118123  0.2651540    
      118124  0.2734348    
      118125  0.2817155    
      118126  0.2899961    
      118127  0.2982766    
      118128  0.3065570    
      118129  0.3148373    
      118130  0.3231176    
      118131  0.3313976    
      118132  0.3396775    
      118133  0.3479572    
      118134  0.3562367    
      118135  0.3645160    
      118136  0.3727951    
      118137  0.3810740    
      118138  0.3893527    
      118139  0.3976313    
      118140  0.4059097    
      118141  0.4141878    
      118142  0.4224659    
      118143  0.4307438    
      118144  0.4390216    
      118145  0.4472993    
      118146  0.4555768    
      118147  0.4638542    
      118148  0.4721314    
      118149  0.4804083    
      118150  0.4886845    
      118151  0.4969598    
      118152  0.5052330    
      118153  0.5135020    
      118154  0.5217623    
      118155  0.5300047    
      118156  0.5382105    
      118157  0.5463424    
      118158  0.5543339    
      118159  0.5620741    
      118160  0.5694534    
      118161  0.5765005    
      118162  0.5833404    
      118163  0.5900812    
      118164  0.5967923    
      118165  0.6035115    
      118166  0.6102610    
      118167  0.6170522    
      118168  0.6238897    
      118169  0.6307750    
      118170  0.6377086    
      118171  0.6446904    
      118172  0.6517204    
      118173  0.6587991    
      118174  0.6659269    
      118175  0.6731051    
      118176  0.6803344    
      118177  0.6876137    
      118178  0.6949380    
      118179  0.7023005    
      118180  0.7096952    
      118181  0.7171169    
      118182  0.7245604    
      118183  0.7320188    
      118184  0.7394834    
      118185  0.7469414    
      118186  0.7543757    
      118187  0.7617615    
      118188  0.7690625    
      118189  0.7762260    
      118190  0.7831752    
      118191  0.7898090    
      118192  0.7960341    
      118193  0.8018422    
      118194  0.8073280    
      118195  0.8126191    
      118196  0.8178316    
      118197  0.8230574    
      118198  0.8283627    
      118199  0.8337874    
      118200  0.8393515    
      118201  0.8450619    
      118202  0.8509179    
      118203  0.8569136    
      118204  0.8630384    
      118205  0.8692830    
      118206  0.8756405    
      118207  0.8821034    
      118208  0.8886640    
      118209  0.8953154    
      118210  0.9020526    
      118211  0.9088721    
      118212  0.9157709    
      118213  0.9227469    
      118214  0.9297987    
      118215  0.9369258    
      118216  0.9441283    
      118217  0.9514090    
      118218  0.9587716    
      118219  0.9662158    
      118220  0.9737358    
      118221  0.9813217    
      118222  0.9889656    
      118223  0.9966623    
      118224   1.004407    
      118225   1.012196    
      118226   1.020026    
      118227   1.027891    
      118228   1.035787    
      118229   1.043713    
      118230   1.051663    
      118231   1.059636    
      118232   1.067629    
      118233   1.075640    
      118234   1.083666    
      118235   1.091707    
      118236   1.099761    
      118237   1.107826    
      118238   1.115901    
      118239   1.123986    
      118240   1.132079    
      118241   1.140180    
      118242   1.148288    
      118243   1.156402    
      118244   1.164521    
      118245   1.172645    
      118246   1.180773    
      118247   1.188905    
      118248   1.197038    
      118249   1.205172    
      118250   1.213306    
      118251   1.221437    
      118252   1.229562    
      118253   1.237676    
      118254   1.245773    
      118255   1.253841    
      118256   1.261868    
      118257   1.269830    
      118258   1.277701    
      118259   1.285446    
      118260   1.293025    
      118261   1.300392    
      118262   1.307506    
      118263   1.314354    
      118264   1.320960    
      118265   1.327385    
      118266   1.333695    
      118267   1.339941    
      118268   1.346153    
      118269   1.352347    
      118270   1.358531    
      118271   1.364710    
      118272   1.370887    
      118273   1.377066    
      118274   1.383252    
      118275   1.389453    
      118276   1.395680    
      118277   1.401947    
      118278   1.408267    
      118279   1.414652    
      118280   1.421108    
      118281   1.427643    
      118282   1.434260    
      118283   1.440960    
      118284   1.447743    
      118285   1.454606    
      118286   1.461547    
      118287   1.468561    
      118288   1.475646    
      118289   1.482798    
      118290   1.490018    
      118291   1.497305    
      118292   1.504661    
      118293   1.512087    
      118294   1.519581    
      118295   1.527137    
      118296   1.534751    
      118297   1.542418    
      118298   1.550133    
      118299   1.557893    
      118300   1.565696    
      118301   1.573537    
      118302   1.581414    
      118303   1.589322    
      118304   1.597258    
      118305   1.605219    
      118306   1.613202    
      118307   1.621205    
      118308   1.629226    
      118309   1.637263    
      118310   1.645314    
      118311   1.653377    
      118312   1.661452    
      118313   1.669538    
      118314   1.677633    
      118315   1.685736    
      118316   1.693848    
      118317   1.701966    
      118318   1.710090    
      118319   1.718221    
      118320   1.726357    
      118321   1.734497    
      118322   1.742642    
      118323   1.750791    
      118324   1.758944    
      118325   1.767100    
      118326   1.775259    
      118327   1.783422    
      118328   1.791586    
      118329   1.799754    
      118330   1.807923    
      118331   1.816095    
      118332   1.824268    
      118333   1.832443    
      118334   1.840620    
      118335   1.848798    
      118336   1.856978    
      118337   1.865158    
      118338   1.873340    
      118339   1.881523    
      118340   1.889707    
      118341   1.897891    
      118342   1.906077    
      118343   1.914263    
      118344   1.922449    
      118345   1.930636    
      118346   1.938824    
      118347   1.947012    
      118348   1.955200    
      118349   1.963389    
      118350   1.971578    
      118351   1.979767    
      118352   1.987957    
      118353   1.996147    
      118354   2.004337    
      118355   2.012527    
      118356   2.020718    
      118357   2.028908    
      118358   2.037099    
      118359   2.045290    
      118360   2.053481    
      118361   2.061672    
      118362   2.069863    
      118363   2.078054    
      118364   2.086245    
      118365   2.094436    
      118366   2.102626    
      118367   2.110816    
      118368   2.119003    
      118369   2.127183    
      118370   2.135346    
      118371   2.143461    
