         841  1.2862684E-02
         842  1.0157422E-02
         843  1.2862682E-02
         844  1.8774645E-02
         845  2.6047925E-02
         846  3.3884618E-02
         847  4.1957177E-02
         848  5.0131768E-02
         849  5.8353044E-02
         850  6.6597372E-02
         851  7.4854173E-02
         852  8.3118409E-02
         853  9.1387480E-02
         854  9.9659875E-02
         855  0.1079347    
         856  0.1162113    
         857  0.1244893    
         858  0.1327684    
         859  0.1410481    
         860  0.1493285    
         861  0.1576092    
         862  0.1658901    
         863  0.1741712    
         864  0.1824525    
         865  0.1907337    
         866  0.1990150    
         867  0.2072963    
         868  0.2155775    
         869  0.2238588    
         870  0.2321400    
         871  0.2404211    
         872  0.2487021    
         873  0.2569832    
         874  0.2652641    
         875  0.2735450    
         876  0.2818258    
         877  0.2901065    
         878  0.2983871    
         879  0.3066677    
         880  0.3149481    
         881  0.3232285    
         882  0.3315089    
         883  0.3397891    
         884  0.3480693    
         885  0.3563493    
         886  0.3646292    
         887  0.3729090    
         888  0.3811887    
         889  0.3894683    
         890  0.3977478    
         891  0.4060272    
         892  0.4143064    
         893  0.4225855    
         894  0.4308645    
         895  0.4391433    
         896  0.4474220    
         897  0.4557006    
         898  0.4639790    
         899  0.4722572    
         900  0.4805352    
         901  0.4888132    
         902  0.4970909    
         903  0.5053685    
         904  0.5136458    
         905  0.5219229    
         906  0.5301998    
         907  0.5384761    
         908  0.5467515    
         909  0.5550249    
         910  0.5632957    
         911  0.5715641    
         912  0.5798301    
         913  0.5880939    
         914  0.5963557    
         915  0.6046156    
         916  0.6128735    
         917  0.6211296    
         918  0.6293839    
         919  0.6376363    
         920  0.6458870    
         921  0.6541358    
         922  0.6623830    
         923  0.6706283    
         924  0.6788719    
         925  0.6871136    
         926  0.6953534    
         927  0.7035912    
         928  0.7118268    
         929  0.7200599    
         930  0.7282902    
         931  0.7365165    
         932  0.7447366    
         933  0.7529451    
         934  0.7611301    
         935  0.7692646    
         936  0.7772919    
         937  0.7851001    
         938  0.7925050    
         939  0.7993637    
         940  0.8057808    
         941  0.8119524    
         942  0.8180171    
         943  0.8240539    
         944  0.8301072    
         945  0.8361982    
         946  0.8423378    
         947  0.8485329    
         948  0.8547882    
         949  0.8611066    
         950  0.8674892    
         951  0.8739375    
         952  0.8804534    
         953  0.8870380    
         954  0.8936915    
         955  0.9004138    
         956  0.9072050    
         957  0.9140655    
         958  0.9209956    
         959  0.9279952    
         960  0.9350639    
         961  0.9422013    
         962  0.9494082    
         963  0.9566868    
         964  0.9640367    
         965  0.9714519    
         966  0.9789237    
         967  0.9864451    
         968  0.9940108    
         969   1.001617    
         970   1.009259    
         971   1.016935    
         972   1.024642    
         973   1.032376    
         974   1.040137    
         975   1.047920    
         976   1.055726    
         977   1.063552    
         978   1.071396    
         979   1.079257    
         980   1.087134    
         981   1.095025    
         982   1.102930    
         983   1.110847    
         984   1.118776    
         985   1.126716    
         986   1.134665    
         987   1.142624    
         988   1.150592    
         989   1.158568    
         990   1.166551    
         991   1.174541    
         992   1.182538    
         993   1.190540    
         994   1.198548    
         995   1.206560    
         996   1.214575    
         997   1.222594    
         998   1.230615    
         999   1.238637    
        1000   1.246660    
        1001   1.254683    
        1002   1.262705    
        1003   1.270725    
        1004   1.278741    
        1005   1.286750    
        1006   1.294745    
        1007   1.302711    
        1008   1.310618    
        1009   1.318409    
        1010   1.325992    
        1011   1.333286    
        1012   1.340330    
        1013   1.347242    
        1014   1.354119    
        1015   1.361020    
        1016   1.367976    
        1017   1.375003    
        1018   1.382107    
        1019   1.389291    
        1020   1.396557    
        1021   1.403906    
        1022   1.411329    
        1023   1.418813    
        1024   1.426351    
        1025   1.433935    
        1026   1.441561    
        1027   1.449225    
        1028   1.456924    
        1029   1.464654    
        1030   1.472412    
        1031   1.480196    
        1032   1.488003    
        1033   1.495831    
        1034   1.503677    
        1035   1.511539    
        1036   1.519414    
        1037   1.527300    
        1038   1.535192    
        1039   1.543086    
        1040   1.550980    
        1041   1.558868    
        1042   1.566743    
        1043   1.574598    
        1044   1.582413    
        1045   1.590156    
        1046   1.597766    
        1047   1.605137    
        1048   1.612151    
        1049   1.618785    
        1050   1.625155    
        1051   1.631394    
        1052   1.637587    
        1053   1.643788    
        1054   1.650023    
        1055   1.656310    
        1056   1.662658    
        1057   1.669076    
        1058   1.675569    
        1059   1.682142    
        1060   1.688798    
        1061   1.695534    
        1062   1.702350    
        1063   1.709242    
        1064   1.716207    
        1065   1.723242    
        1066   1.730345    
        1067   1.737517    
        1068   1.744759    
        1069   1.752072    
        1070   1.759455    
        1071   1.766903    
        1072   1.774406    
        1073   1.781957    
        1074   1.789553    
        1075   1.797190    
        1076   1.804865    
        1077   1.812576    
        1078   1.820319    
        1079   1.828092    
        1080   1.835892    
        1081   1.843717    
        1082   1.851566    
        1083   1.859436    
        1084   1.867325    
        1085   1.875232    
        1086   1.883155    
        1087   1.891093    
        1088   1.899045    
        1089   1.907010    
        1090   1.914986    
        1091   1.922972    
        1092   1.930969    
        1093   1.938975    
        1094   1.946989    
        1095   1.955011    
        1096   1.963040    
        1097   1.971075    
        1098   1.979117    
        1099   1.987164    
        1100   1.995215    
        1101   2.003272    
        1102   2.011333    
        1103   2.019397    
        1104   2.027465    
        1105   2.035536    
        1106   2.043610    
        1107   2.051687    
        1108   2.059765    
        1109   2.067845    
        1110   2.075927    
        1111   2.084010    
        1112   2.092093    
        1113   2.100176    
        1114   2.108259    
        1115   2.116340    
        1116   2.124418    
        1117   2.132492    
        1118   2.140557    
        1119   2.148607    
        1120   2.156632    
        1121   2.164608    
        1122   2.172493    
