      173350   2.138829    
      173351   2.130811    
      173352   2.122798    
      173353   2.114791    
      173354   2.106789    
      173355   2.098794    
      173356   2.090806    
      173357   2.082825    
      173358   2.074851    
      173359   2.066885    
      173360   2.058929    
      173361   2.050981    
      173362   2.043044    
      173363   2.035117    
      173364   2.027201    
      173365   2.019298    
      173366   2.011408    
      173367   2.003532    
      173368   1.995672    
      173369   1.987827    
      173370   1.980001    
      173371   1.972194    
      173372   1.964407    
      173373   1.956643    
      173374   1.948903    
      173375   1.941188    
      173376   1.933502    
      173377   1.925845    
      173378   1.918221    
      173379   1.910630    
      173380   1.903076    
      173381   1.895560    
      173382   1.888083    
      173383   1.880651    
      173384   1.873264    
      173385   1.865926    
      173386   1.858637    
      173387   1.851398    
      173388   1.844207    
      173389   1.837062    
      173390   1.829964    
      173391   1.822912    
      173392   1.815906    
      173393   1.808946    
      173394   1.802034    
      173395   1.795171    
      173396   1.788359    
      173397   1.781600    
      173398   1.774898    
      173399   1.768252    
      173400   1.761665    
      173401   1.755134    
      173402   1.748657    
      173403   1.742229    
      173404   1.735842    
      173405   1.729490    
      173406   1.723160    
      173407   1.716826    
      173408   1.710439    
      173409   1.703914    
      173410   1.697117    
      173411   1.689914    
      173412   1.682326    
      173413   1.674495    
      173414   1.666540    
      173415   1.658527    
      173416   1.650486    
      173417   1.642432    
      173418   1.634371    
      173419   1.626307    
      173420   1.618242    
      173421   1.610176    
      173422   1.602109    
      173423   1.594043    
      173424   1.585979    
      173425   1.577915    
      173426   1.569854    
      173427   1.561795    
      173428   1.553738    
      173429   1.545685    
      173430   1.537635    
      173431   1.529588    
      173432   1.521547    
      173433   1.513510    
      173434   1.505478    
      173435   1.497452    
      173436   1.489431    
      173437   1.481417    
      173438   1.473410    
      173439   1.465410    
      173440   1.457419    
      173441   1.449436    
      173442   1.441462    
      173443   1.433498    
      173444   1.425545    
      173445   1.417603    
      173446   1.409673    
      173447   1.401757    
      173448   1.393856    
      173449   1.385970    
      173450   1.378102    
      173451   1.370252    
      173452   1.362422    
      173453   1.354616    
      173454   1.346833    
      173455   1.339077    
      173456   1.331351    
      173457   1.323657    
      173458   1.315999    
      173459   1.308381    
      173460   1.300807    
      173461   1.293285    
      173462   1.285818    
      173463   1.278414    
      173464   1.271077    
      173465   1.263806    
      173466   1.256600    
      173467   1.249455    
      173468   1.242363    
      173469   1.235305    
      173470   1.228246    
      173471   1.221126    
      173472   1.213854    
      173473   1.206348    
      173474   1.198617    
      173475   1.190743    
      173476   1.182793    
      173477   1.174806    
      173478   1.166800    
      173479   1.158787    
      173480   1.150771    
      173481   1.142754    
      173482   1.134740    
      173483   1.126728    
      173484   1.118719    
      173485   1.110716    
      173486   1.102718    
      173487   1.094726    
      173488   1.086742    
      173489   1.078768    
      173490   1.070804    
      173491   1.062852    
      173492   1.054914    
      173493   1.046991    
      173494   1.039084    
      173495   1.031196    
      173496   1.023329    
      173497   1.015484    
      173498   1.007664    
      173499  0.9998727    
      173500  0.9921123    
      173501  0.9843866    
      173502  0.9767003    
      173503  0.9690585    
      173504  0.9614677    
      173505  0.9539357    
      173506  0.9464713    
      173507  0.9390831    
      173508  0.9317772    
      173509  0.9245569    
      173510  0.9174257    
      173511  0.9103888    
      173512  0.9034520    
      173513  0.8966205    
      173514  0.8898981    
      173515  0.8832866    
      173516  0.8767849    
      173517  0.8703885    
      173518  0.8640925    
      173519  0.8578923    
      173520  0.8517804    
      173521  0.8457481    
      173522  0.8397871    
      173523  0.8338894    
      173524  0.8280443    
      173525  0.8222325    
      173526  0.8164114    
      173527  0.8104938    
      173528  0.8043358    
      173529  0.7977688    
      173530  0.7907577    
      173531  0.7834301    
      173532  0.7759222    
      173533  0.7683188    
      173534  0.7606657    
      173535  0.7529875    
      173536  0.7452984    
      173537  0.7376076    
      173538  0.7299212    
      173539  0.7222445    
      173540  0.7145813    
      173541  0.7069353    
      173542  0.6993101    
      173543  0.6917085    
      173544  0.6841338    
      173545  0.6765891    
      173546  0.6690782    
      173547  0.6616051    
      173548  0.6541746    
      173549  0.6467916    
      173550  0.6394608    
      173551  0.6321853    
      173552  0.6249676    
      173553  0.6178089    
      173554  0.6107116    
      173555  0.6036788    
      173556  0.5967140    
      173557  0.5898205    
      173558  0.5830015    
      173559  0.5762585    
      173560  0.5695896    
      173561  0.5629827    
      173562  0.5564096    
      173563  0.5498184    
      173564  0.5431153    
      173565  0.5361525    
      173566  0.5287856    
      173567  0.5210226    
      173568  0.5130080    
      173569  0.5048586    
      173570  0.4966423    
      173571  0.4883936    
      173572  0.4801295    
      173573  0.4718582    
      173574  0.4635836    
      173575  0.4553074    
      173576  0.4470305    
      173577  0.4387532    
      173578  0.4304757    
      173579  0.4221979    
      173580  0.4139201    
      173581  0.4056421    
      173582  0.3973638    
      173583  0.3890854    
      173584  0.3808069    
      173585  0.3725281    
      173586  0.3642492    
      173587  0.3559700    
      173588  0.3476906    
      173589  0.3394111    
      173590  0.3311315    
      173591  0.3228517    
      173592  0.3145717    
      173593  0.3062916    
      173594  0.2980115    
      173595  0.2897311    
      173596  0.2814507    
      173597  0.2731703    
      173598  0.2648897    
      173599  0.2566091    
      173600  0.2483284    
      173601  0.2400476    
      173602  0.2317669    
      173603  0.2234861    
      173604  0.2152053    
      173605  0.2069246    
      173606  0.1986438    
      173607  0.1903630    
      173608  0.1820824    
      173609  0.1738018    
      173610  0.1655214    
      173611  0.1572412    
      173612  0.1489613    
      173613  0.1406819    
      173614  0.1324030    
      173615  0.1241250    
      173616  0.1158482    
      173617  0.1075729    
      173618  9.9299870E-02
      173619  9.1029920E-02
      173620  8.2764298E-02
      173621  7.4504964E-02
      173622  6.6255227E-02
      173623  5.8021076E-02
      173624  4.9814343E-02
      173625  4.1660171E-02
      173626  3.3615414E-02
      173627  2.5814466E-02
      173628  1.8582530E-02
      173629  1.2707581E-02
      173630  1.0006239E-02
      173631  1.2635013E-02
      173632  1.8403206E-02
      173633  2.5478266E-02
      173634  3.3059891E-02
      173635  4.0814646E-02
      173636  4.8605941E-02
      173637  5.6381717E-02
      173638  6.4122602E-02
      173639  7.1814284E-02
      173640  7.9428956E-02
      173641  8.6927414E-02
      173642  9.4281435E-02
      173643  0.1014957    
      173644  0.1086023    
      173645  0.1156415    
      173646  0.1226507    
      173647  0.1296573    
      173648  0.1366798    
      173649  0.1437282    
      173650  0.1508076    
      173651  0.1579222    
      173652  0.1650757    
      173653  0.1722719    
      173654  0.1795144    
      173655  0.1868075    
      173656  0.1941565    
      173657  0.2015664    
      173658  0.2090397    
      173659  0.2165748    
      173660  0.2241667    
      173661  0.2318104    
      173662  0.2395025    
      173663  0.2472402    
      173664  0.2550201    
      173665  0.2628389    
      173666  0.2706931    
      173667  0.2785792    
      173668  0.2864938    
      173669  0.2944340    
      173670  0.3023972    
      173671  0.3103809    
      173672  0.3183830    
      173673  0.3264018    
      173674  0.3344354    
      173675  0.3424825    
      173676  0.3505417    
      173677  0.3586118    
      173678  0.3666918    
      173679  0.3747808    
      173680  0.3828778    
      173681  0.3909822    
      173682  0.3990931    
      173683  0.4072099    
      173684  0.4153320    
      173685  0.4234586    
      173686  0.4315892    
      173687  0.4397229    
      173688  0.4478587    
      173689  0.4559954    
      173690  0.4641315    
      173691  0.4722646    
      173692  0.4803916    
      173693  0.4885077    
      173694  0.4966063    
      173695  0.5046773    
      173696  0.5127059    
      173697  0.5206711    
      173698  0.5285450    
      173699  0.5362936    
      173700  0.5438762    
      173701  0.5512480    
      173702  0.5583683    
      173703  0.5652217    
      173704  0.5718322    
      173705  0.5782609    
      173706  0.5845738    
      173707  0.5908215    
      173708  0.5970347    
      173709  0.6032298    
      173710  0.6094149    
      173711  0.6155945    
      173712  0.6217721    
      173713  0.6279515    
      173714  0.6341380    
      173715  0.6403396    
      173716  0.6465671    
      173717  0.6528344    
      173718  0.6591551    
      173719  0.6655400    
      173720  0.6719971    
      173721  0.6785322    
      173722  0.6851496    
      173723  0.6918498    
      173724  0.6986322    
      173725  0.7054955    
      173726  0.7124364    
      173727  0.7194511    
      173728  0.7265355    
      173729  0.7336878    
      173730  0.7409075    
      173731  0.7481952    
      173732  0.7555519    
      173733  0.7629783    
      173734  0.7704723    
      173735  0.7780296    
      173736  0.7856443    
      173737  0.7933114    
      173738  0.8010272    
      173739  0.8087884    
      173740  0.8165919    
      173741  0.8244339    
      173742  0.8323110    
      173743  0.8402194    
      173744  0.8481557    
      173745  0.8561170    
      173746  0.8641006    
      173747  0.8721040    
      173748  0.8801252    
      173749  0.8881621    
      173750  0.8962134    
      173751  0.9042774    
      173752  0.9123529    
      173753  0.9204388    
      173754  0.9285340    
      173755  0.9366376    
      173756  0.9447491    
      173757  0.9528676    
      173758  0.9609923    
      173759  0.9691230    
      173760  0.9772589    
      173761  0.9853997    
      173762  0.9935448    
      173763   1.001694    
      173764   1.009847    
      173765   1.018004    
      173766   1.026163    
      173767   1.034325    
      173768   1.042490    
      173769   1.050658    
      173770   1.058827    
      173771   1.066999    
      173772   1.075173    
      173773   1.083348    
      173774   1.091525    
      173775   1.099703    
      173776   1.107883    
      173777   1.116063    
      173778   1.124245    
      173779   1.132428    
      173780   1.140612    
      173781   1.148797    
      173782   1.156982    
      173783   1.165168    
      173784   1.173355    
      173785   1.181542    
      173786   1.189730    
      173787   1.197918    
      173788   1.206106    
      173789   1.214295    
      173790   1.222484    
      173791   1.230674    
      173792   1.238864    
      173793   1.247054    
      173794   1.255244    
      173795   1.263434    
      173796   1.271625    
      173797   1.279816    
      173798   1.288006    
      173799   1.296197    
      173800   1.304388    
      173801   1.312579    
      173802   1.320770    
      173803   1.328961    
      173804   1.337153    
      173805   1.345344    
      173806   1.353535    
      173807   1.361726    
      173808   1.369917    
      173809   1.378109    
      173810   1.386300    
      173811   1.394491    
      173812   1.402683    
      173813   1.410874    
      173814   1.419065    
      173815   1.427257    
      173816   1.435448    
      173817   1.443639    
      173818   1.451831    
      173819   1.460022    
      173820   1.468213    
      173821   1.476404    
