      141961   1.955891    
      141962   1.947822    
      141963   1.939753    
      141964   1.931686    
      141965   1.923619    
      141966   1.915554    
      141967   1.907489    
      141968   1.899426    
      141969   1.891364    
      141970   1.883304    
      141971   1.875245    
      141972   1.867187    
      141973   1.859132    
      141974   1.851078    
      141975   1.843026    
      141976   1.834977    
      141977   1.826930    
      141978   1.818884    
      141979   1.810842    
      141980   1.802803    
      141981   1.794766    
      141982   1.786732    
      141983   1.778702    
      141984   1.770675    
      141985   1.762652    
      141986   1.754633    
      141987   1.746618    
      141988   1.738607    
      141989   1.730602    
      141990   1.722601    
      141991   1.714606    
      141992   1.706616    
      141993   1.698633    
      141994   1.690656    
      141995   1.682686    
      141996   1.674723    
      141997   1.666769    
      141998   1.658822    
      141999   1.650884    
      142000   1.642956    
      142001   1.635038    
      142002   1.627131    
      142003   1.619236    
      142004   1.611353    
      142005   1.603484    
      142006   1.595630    
      142007   1.587791    
      142008   1.579969    
      142009   1.572166    
      142010   1.564382    
      142011   1.556620    
      142012   1.548881    
      142013   1.541167    
      142014   1.533481    
      142015   1.525825    
      142016   1.518202    
      142017   1.510616    
      142018   1.503070    
      142019   1.495570    
      142020   1.488121    
      142021   1.480728    
      142022   1.473395    
      142023   1.466121    
      142024   1.458906    
      142025   1.451745    
      142026   1.444637    
      142027   1.437577    
      142028   1.430562    
      142029   1.423585    
      142030   1.416643    
      142031   1.409732    
      142032   1.402852    
      142033   1.396005    
      142034   1.389193    
      142035   1.382420    
      142036   1.375691    
      142037   1.369011    
      142038   1.362385    
      142039   1.355817    
      142040   1.349310    
      142041   1.342866    
      142042   1.336482    
      142043   1.330158    
      142044   1.323888    
      142045   1.317667    
      142046   1.311484    
      142047   1.305322    
      142048   1.299148    
      142049   1.292903    
      142050   1.286485    
      142051   1.279739    
      142052   1.272532    
      142053   1.264924    
      142054   1.257079    
      142055   1.249118    
      142056   1.241103    
      142057   1.233064    
      142058   1.225013    
      142059   1.216957    
      142060   1.208898    
      142061   1.200838    
      142062   1.192778    
      142063   1.184718    
      142064   1.176660    
      142065   1.168603    
      142066   1.160548    
      142067   1.152495    
      142068   1.144445    
      142069   1.136398    
      142070   1.128354    
      142071   1.120315    
      142072   1.112280    
      142073   1.104250    
      142074   1.096225    
      142075   1.088206    
      142076   1.080193    
      142077   1.072187    
      142078   1.064188    
      142079   1.056196    
      142080   1.048213    
      142081   1.040239    
      142082   1.032274    
      142083   1.024319    
      142084   1.016375    
      142085   1.008442    
      142086   1.000523    
      142087  0.9926166    
      142088  0.9847254    
      142089  0.9768503    
      142090  0.9689927    
      142091  0.9611540    
      142092  0.9533361    
      142093  0.9455408    
      142094  0.9377701    
      142095  0.9300262    
      142096  0.9223118    
      142097  0.9146299    
      142098  0.9069842    
      142099  0.8993787    
      142100  0.8918182    
      142101  0.8843081    
      142102  0.8768543    
      142103  0.8694623    
      142104  0.8621348    
      142105  0.8548715    
      142106  0.8476702    
      142107  0.8405265    
      142108  0.8334306    
      142109  0.8263627    
      142110  0.8192872    
      142111  0.8121418    
      142112  0.8048370    
      142113  0.7972978    
      142114  0.7895441    
      142115  0.7816571    
      142116  0.7736999    
      142117  0.7657081    
      142118  0.7577000    
      142119  0.7496846    
      142120  0.7416667    
      142121  0.7336489    
      142122  0.7256328    
      142123  0.7176194    
      142124  0.7096096    
      142125  0.7016045    
      142126  0.6936048    
      142127  0.6856118    
      142128  0.6776265    
      142129  0.6696503    
      142130  0.6616848    
      142131  0.6537312    
      142132  0.6457912    
      142133  0.6378661    
      142134  0.6299576    
      142135  0.6220676    
      142136  0.6141979    
      142137  0.6063507    
      142138  0.5985286    
      142139  0.5907342    
      142140  0.5829707    
      142141  0.5752417    
      142142  0.5675515    
      142143  0.5599053    
      142144  0.5523095    
      142145  0.5447716    
      142146  0.5373002    
      142147  0.5299039    
      142148  0.5225889    
      142149  0.5153587    
      142150  0.5082164    
      142151  0.5011668    
      142152  0.4942151    
      142153  0.4873660    
      142154  0.4806225    
      142155  0.4739849    
      142156  0.4674492    
      142157  0.4610044    
      142158  0.4546285    
      142159  0.4482820    
      142160  0.4418984    
      142161  0.4353641    
      142162  0.4285103    
      142163  0.4211934    
      142164  0.4134590    
      142165  0.4054691    
      142166  0.3973454    
      142167  0.3891560    
      142168  0.3809354    
      142169  0.3726996    
      142170  0.3644558    
      142171  0.3562070    
      142172  0.3479541    
      142173  0.3396975    
      142174  0.3314373    
      142175  0.3231737    
      142176  0.3149071    
      142177  0.3066375    
      142178  0.2983654    
      142179  0.2900910    
      142180  0.2818148    
      142181  0.2735371    
      142182  0.2652584    
      142183  0.2569789    
      142184  0.2486988    
      142185  0.2404184    
      142186  0.2321377    
      142187  0.2238568    
      142188  0.2155758    
      142189  0.2072947    
      142190  0.1990135    
      142191  0.1907323    
      142192  0.1824511    
      142193  0.1741699    
      142194  0.1658888    
      142195  0.1576078    
      142196  0.1493271    
      142197  0.1410468    
      142198  0.1327671    
      142199  0.1244880    
      142200  0.1162101    
      142201  0.1079334    
      142202  9.9658631E-02
      142203  9.1386221E-02
      142204  8.3117172E-02
      142205  7.4852958E-02
      142206  6.6596180E-02
      142207  5.8351886E-02
      142208  5.0130658E-02
      142209  4.1956127E-02
      142210  3.3883654E-02
      142211  2.6047077E-02
      142212  1.8773943E-02
      142213  1.2862121E-02
      142214  1.0156896E-02
      142215  1.2861928E-02
      142216  1.8773474E-02
      142217  2.6046231E-02
      142218  3.3882335E-02
      142219  4.1954257E-02
      142220  5.0128177E-02
      142221  5.8348775E-02
      142222  6.6592425E-02
      142223  7.4848548E-02
      142224  8.3112136E-02
      142225  9.1380596E-02
      142226  9.9652454E-02
      142227  0.1079268    
      142228  0.1162029    
      142229  0.1244805    
      142230  0.1327592    
      142231  0.1410387    
      142232  0.1493187    
      142233  0.1575991    
      142234  0.1658799    
      142235  0.1741608    
      142236  0.1824419    
      142237  0.1907230    
      142238  0.1990042    
      142239  0.2072854    
      142240  0.2155666    
      142241  0.2238477    
      142242  0.2321288    
      142243  0.2404099    
      142244  0.2486909    
      142245  0.2569718    
      142246  0.2652527    
      142247  0.2735335    
      142248  0.2818142    
      142249  0.2900949    
      142250  0.2983754    
      142251  0.3066558    
      142252  0.3149361    
      142253  0.3232163    
      142254  0.3314962    
      142255  0.3397758    
      142256  0.3480551    
      142257  0.3563339    
      142258  0.3646120    
      142259  0.3728890    
      142260  0.3811647    
      142261  0.3894382    
      142262  0.3977086    
      142263  0.4059745    
      142264  0.4142339    
      142265  0.4224839    
      142266  0.4307208    
      142267  0.4389402    
      142268  0.4471365    
      142269  0.4553013    
      142270  0.4634211    
      142271  0.4714716    
      142272  0.4794088    
      142273  0.4871573    
      142274  0.4945822    
      142275  0.5014912    
      142276  0.5077775    
      142277  0.5136091    
      142278  0.5192343    
      142279  0.5248271    
      142280  0.5304860    
      142281  0.5362554    
      142282  0.5421510    
      142283  0.5481749    
      142284  0.5543209    
      142285  0.5605826    
      142286  0.5669542    
      142287  0.5734286    
      142288  0.5799986    
      142289  0.5866580    
      142290  0.5934018    
      142291  0.6002268    
      142292  0.6071301    
      142293  0.6141099    
      142294  0.6211648    
      142295  0.6282940    
      142296  0.6354983    
      142297  0.6427811    
      142298  0.6501456    
      142299  0.6575916    
      142300  0.6651130    
      142301  0.6726999    
      142302  0.6803447    
      142303  0.6880422    
      142304  0.6957878    
      142305  0.7035776    
      142306  0.7114073    
      142307  0.7192727    
      142308  0.7271700    
      142309  0.7350955    
      142310  0.7430462    
      142311  0.7510192    
      142312  0.7590122    
      142313  0.7670230    
      142314  0.7750496    
      142315  0.7830905    
      142316  0.7911443    
      142317  0.7992094    
      142318  0.8072850    
      142319  0.8153698    
      142320  0.8234631    
      142321  0.8315641    
      142322  0.8396719    
      142323  0.8477859    
      142324  0.8559054    
      142325  0.8640296    
      142326  0.8721578    
      142327  0.8802892    
      142328  0.8884229    
      142329  0.8965576    
      142330  0.9046916    
      142331  0.9128228    
      142332  0.9209480    
      142333  0.9290622    
      142334  0.9371589    
      142335  0.9452281    
      142336  0.9532547    
      142337  0.9612176    
      142338  0.9690889    
      142339  0.9768344    
      142340  0.9844135    
      142341  0.9917811    
      142342  0.9988970    
      142343   1.005746    
      142344   1.012353    
      142345   1.018779    
      142346   1.025089    
      142347   1.031336    
      142348   1.037548    
      142349   1.043742    
      142350   1.049926    
      142351   1.056105    
      142352   1.062282    
      142353   1.068461    
      142354   1.074647    
      142355   1.080848    
      142356   1.087075    
      142357   1.093342    
      142358   1.099662    
      142359   1.106047    
      142360   1.112504    
      142361   1.119039    
      142362   1.125656    
      142363   1.132356    
      142364   1.139138    
      142365   1.146002    
      142366   1.152943    
      142367   1.159957    
      142368   1.167042    
      142369   1.174194    
      142370   1.181413    
      142371   1.188701    
      142372   1.196057    
      142373   1.203483    
      142374   1.210977    
      142375   1.218533    
      142376   1.226147    
      142377   1.233814    
      142378   1.241529    
      142379   1.249289    
      142380   1.257092    
      142381   1.264934    
      142382   1.272810    
      142383   1.280718    
      142384   1.288654    
      142385   1.296615    
      142386   1.304598    
      142387   1.312601    
      142388   1.320622    
      142389   1.328659    
      142390   1.336710    
      142391   1.344774    
      142392   1.352849    
      142393   1.360934    
      142394   1.369030    
      142395   1.377133    
      142396   1.385244    
      142397   1.393363    
      142398   1.401487    
      142399   1.409618    
      142400   1.417753    
      142401   1.425894    
      142402   1.434039    
      142403   1.442188    
      142404   1.450341    
      142405   1.458497    
      142406   1.466656    
      142407   1.474819    
      142408   1.482983    
      142409   1.491151    
      142410   1.499320    
      142411   1.507492    
      142412   1.515665    
      142413   1.523840    
      142414   1.532017    
      142415   1.540195    
      142416   1.548375    
      142417   1.556555    
      142418   1.564737    
      142419   1.572920    
      142420   1.581103    
      142421   1.589288    
      142422   1.597473    
      142423   1.605659    
      142424   1.613845    
      142425   1.622033    
      142426   1.630220    
      142427   1.638408    
      142428   1.646597    
      142429   1.654786    
      142430   1.662975    
      142431   1.671164    
      142432   1.679354    
      142433   1.687544    
      142434   1.695734    
      142435   1.703924    
      142436   1.712115    
      142437   1.720305    
      142438   1.728496    
      142439   1.736687    
      142440   1.744878    
      142441   1.753069    
      142442   1.761260    
      142443   1.769451    
      142444   1.777642    
      142445   1.785833    
      142446   1.794024    
      142447   1.802215    
      142448   1.810406    
      142449   1.818598    
      142450   1.826789    
      142451   1.834980    
      142452   1.843172    
      142453   1.851363    
      142454   1.859554    
      142455   1.867746    
      142456   1.875937    
      142457   1.884128    
      142458   1.892320    
      142459   1.900511    
      142460   1.908702    
      142461   1.916893    
