      110041   1.536143    
      110042   1.528074    
      110043   1.520006    
      110044   1.511939    
      110045   1.503872    
      110046   1.495807    
      110047   1.487743    
      110048   1.479680    
      110049   1.471618    
      110050   1.463557    
      110051   1.455499    
      110052   1.447441    
      110053   1.439386    
      110054   1.431332    
      110055   1.423280    
      110056   1.415231    
      110057   1.407184    
      110058   1.399139    
      110059   1.391097    
      110060   1.383057    
      110061   1.375020    
      110062   1.366987    
      110063   1.358956    
      110064   1.350930    
      110065   1.342907    
      110066   1.334888    
      110067   1.326872    
      110068   1.318862    
      110069   1.310856    
      110070   1.302856    
      110071   1.294861    
      110072   1.286871    
      110073   1.278887    
      110074   1.270910    
      110075   1.262940    
      110076   1.254977    
      110077   1.247023    
      110078   1.239076    
      110079   1.231138    
      110080   1.223210    
      110081   1.215292    
      110082   1.207385    
      110083   1.199490    
      110084   1.191607    
      110085   1.183738    
      110086   1.175884    
      110087   1.168045    
      110088   1.160224    
      110089   1.152420    
      110090   1.144636    
      110091   1.136874    
      110092   1.129135    
      110093   1.121421    
      110094   1.113735    
      110095   1.106079    
      110096   1.098455    
      110097   1.090869    
      110098   1.083324    
      110099   1.075824    
      110100   1.068374    
      110101   1.060981    
      110102   1.053648    
      110103   1.046373    
      110104   1.039158    
      110105   1.031997    
      110106   1.024889    
      110107   1.017829    
      110108   1.010813    
      110109   1.003836    
      110110  0.9968934    
      110111  0.9899825    
      110112  0.9831023    
      110113  0.9762546    
      110114  0.9694424    
      110115  0.9626694    
      110116  0.9559404    
      110117  0.9492602    
      110118  0.9426337    
      110119  0.9360653    
      110120  0.9295582    
      110121  0.9231135    
      110122  0.9167297    
      110123  0.9104044    
      110124  0.9041345    
      110125  0.8979131    
      110126  0.8917295    
      110127  0.8855662    
      110128  0.8793895    
      110129  0.8731384    
      110130  0.8667096    
      110131  0.8599455    
      110132  0.8527171    
      110133  0.8450938    
      110134  0.8372402    
      110135  0.8292733    
      110136  0.8212540    
      110137  0.8132107    
      110138  0.8051565    
      110139  0.7970970    
      110140  0.7890350    
      110141  0.7809719    
      110142  0.7729084    
      110143  0.7648455    
      110144  0.7567835    
      110145  0.7487229    
      110146  0.7406641    
      110147  0.7326076    
      110148  0.7245538    
      110149  0.7165029    
      110150  0.7084556    
      110151  0.7004122    
      110152  0.6923730    
      110153  0.6843386    
      110154  0.6763093    
      110155  0.6682857    
      110156  0.6602681    
      110157  0.6522568    
      110158  0.6442526    
      110159  0.6362557    
      110160  0.6282668    
      110161  0.6202865    
      110162  0.6123153    
      110163  0.6043539    
      110164  0.5964032    
      110165  0.5884640    
      110166  0.5805370    
      110167  0.5726232    
      110168  0.5647237    
      110169  0.5568396    
      110170  0.5489724    
      110171  0.5411230    
      110172  0.5332928    
      110173  0.5254821    
      110174  0.5176902    
      110175  0.5099158    
      110176  0.5021558    
      110177  0.4944045    
      110178  0.4866515    
      110179  0.4788795    
      110180  0.4710625    
      110181  0.4631655    
      110182  0.4551572    
      110183  0.4470473    
      110184  0.4388721    
      110185  0.4306572    
      110186  0.4224180    
      110187  0.4141638    
      110188  0.4059005    
      110189  0.3976314    
      110190  0.3893589    
      110191  0.3810842    
      110192  0.3728083    
      110193  0.3645318    
      110194  0.3562550    
      110195  0.3479783    
      110196  0.3397020    
      110197  0.3314261    
      110198  0.3231508    
      110199  0.3148760    
      110200  0.3066016    
      110201  0.2983276    
      110202  0.2900536    
      110203  0.2817796    
      110204  0.2735051    
      110205  0.2652299    
      110206  0.2569540    
      110207  0.2486769    
      110208  0.2403989    
      110209  0.2321199    
      110210  0.2238402    
      110211  0.2155600    
      110212  0.2072794    
      110213  0.1989986    
      110214  0.1907176    
      110215  0.1824366    
      110216  0.1741555    
      110217  0.1658745    
      110218  0.1575937    
      110219  0.1493130    
      110220  0.1410328    
      110221  0.1327530    
      110222  0.1244740    
      110223  0.1161961    
      110224  0.1079195    
      110225  9.9644758E-02
      110226  9.1372438E-02
      110227  8.3103493E-02
      110228  7.4839428E-02
      110229  6.6582859E-02
      110230  5.8338866E-02
      110231  5.0118066E-02
      110232  4.1944150E-02
      110233  3.3872530E-02
      110234  2.6037071E-02
      110235  1.8765245E-02
      110236  1.2854469E-02
      110237  1.0148538E-02
      110238  1.2848318E-02
      110239  1.8750360E-02
      110240  2.6010174E-02
      110241  3.3830300E-02
      110242  4.1883610E-02
      110243  5.0036695E-02
      110244  5.8234647E-02
      110245  6.6454358E-02
      110246  7.4685693E-02
      110247  8.2923867E-02
      110248  9.1166481E-02
      110249  9.9412210E-02
      110250  0.1076604    
      110251  0.1159109    
      110252  0.1241638    
      110253  0.1324192    
      110254  0.1406774    
      110255  0.1489382    
      110256  0.1572016    
      110257  0.1654672    
      110258  0.1737346    
      110259  0.1820033    
      110260  0.1902722    
      110261  0.1985401    
      110262  0.2068050    
      110263  0.2150643    
      110264  0.2233140    
      110265  0.2315480    
      110266  0.2397572    
      110267  0.2479268    
      110268  0.2560347    
      110269  0.2640475    
      110270  0.2719394    
      110271  0.2797359    
      110272  0.2874754    
      110273  0.2951891    
      110274  0.3028985    
      110275  0.3106168    
      110276  0.3183515    
      110277  0.3261065    
      110278  0.3338839    
      110279  0.3416844    
      110280  0.3495077    
      110281  0.3573526    
      110282  0.3652174    
      110283  0.3731009    
      110284  0.3810014    
      110285  0.3889176    
      110286  0.3968485    
      110287  0.4047928    
      110288  0.4127496    
      110289  0.4207180    
      110290  0.4286971    
      110291  0.4366860    
      110292  0.4446841    
      110293  0.4526907    
      110294  0.4607050    
      110295  0.4687265    
      110296  0.4767546    
      110297  0.4847888    
      110298  0.4928287    
      110299  0.5008737    
      110300  0.5089235    
      110301  0.5169775    
      110302  0.5250356    
      110303  0.5330973    
      110304  0.5411618    
      110305  0.5492287    
      110306  0.5572965    
      110307  0.5653623    
      110308  0.5734201    
      110309  0.5814555    
      110310  0.5894368    
      110311  0.5972965    
      110312  0.6049069    
      110313  0.6120979    
      110314  0.6188292    
      110315  0.6252646    
      110316  0.6315689    
      110317  0.6378407    
      110318  0.6441334    
      110319  0.6504704    
      110320  0.6568583    
      110321  0.6632999    
      110322  0.6697955    
      110323  0.6763449    
      110324  0.6829474    
      110325  0.6896026    
      110326  0.6963102    
      110327  0.7030699    
      110328  0.7098818    
      110329  0.7167453    
      110330  0.7236599    
      110331  0.7306250    
      110332  0.7376405    
      110333  0.7447067    
      110334  0.7518244    
      110335  0.7589943    
      110336  0.7662171    
      110337  0.7734916    
      110338  0.7808131    
      110339  0.7881748    
      110340  0.7955705    
      110341  0.8029950    
      110342  0.8104425    
      110343  0.8179064    
      110344  0.8253775    
      110345  0.8328435    
      110346  0.8402871    
      110347  0.8476839    
      110348  0.8549985    
      110349  0.8621783    
      110350  0.8691473    
      110351  0.8758044    
      110352  0.8820537    
      110353  0.8878818    
      110354  0.8933812    
      110355  0.8986813    
      110356  0.9038999    
      110357  0.9091307    
      110358  0.9144405    
      110359  0.9198678    
      110360  0.9254316    
      110361  0.9311408    
      110362  0.9369960    
      110363  0.9429916    
      110364  0.9491166    
      110365  0.9553614    
      110366  0.9617192    
      110367  0.9681823    
      110368  0.9747431    
      110369  0.9813946    
      110370  0.9881320    
      110371  0.9949516    
      110372   1.001851    
      110373   1.008827    
      110374   1.015879    
      110375   1.023006    
      110376   1.030208    
      110377   1.037489    
      110378   1.044852    
      110379   1.052296    
      110380   1.059816    
      110381   1.067402    
      110382   1.075046    
      110383   1.082742    
      110384   1.090487    
      110385   1.098277    
      110386   1.106106    
      110387   1.113971    
      110388   1.121868    
      110389   1.129793    
      110390   1.137743    
      110391   1.145716    
      110392   1.153709    
      110393   1.161720    
      110394   1.169746    
      110395   1.177787    
      110396   1.185841    
      110397   1.193906    
      110398   1.201982    
      110399   1.210067    
      110400   1.218160    
      110401   1.226261    
      110402   1.234368    
      110403   1.242482    
      110404   1.250602    
      110405   1.258726    
      110406   1.266854    
      110407   1.274985    
      110408   1.283118    
      110409   1.291253    
      110410   1.299387    
      110411   1.307518    
      110412   1.315642    
      110413   1.323756    
      110414   1.331853    
      110415   1.339922    
      110416   1.347948    
      110417   1.355910    
      110418   1.363781    
      110419   1.371526    
      110420   1.379105    
      110421   1.386472    
      110422   1.393586    
      110423   1.400434    
      110424   1.407040    
      110425   1.413465    
      110426   1.419776    
      110427   1.426021    
      110428   1.432233    
      110429   1.438427    
      110430   1.444611    
      110431   1.450790    
      110432   1.456967    
      110433   1.463146    
      110434   1.469332    
      110435   1.475533    
      110436   1.481760    
      110437   1.488027    
      110438   1.494348    
      110439   1.500732    
      110440   1.507189    
      110441   1.513724    
      110442   1.520341    
      110443   1.527041    
      110444   1.533823    
      110445   1.540686    
      110446   1.547627    
      110447   1.554642    
      110448   1.561726    
      110449   1.568878    
      110450   1.576098    
      110451   1.583385    
      110452   1.590742    
      110453   1.598168    
      110454   1.605661    
      110455   1.613218    
      110456   1.620831    
      110457   1.628498    
      110458   1.636213    
      110459   1.643974    
      110460   1.651776    
      110461   1.659617    
      110462   1.667494    
      110463   1.675402    
      110464   1.683338    
      110465   1.691299    
      110466   1.699282    
      110467   1.707285    
      110468   1.715306    
      110469   1.723343    
      110470   1.731394    
      110471   1.739457    
      110472   1.747533    
      110473   1.755618    
      110474   1.763713    
      110475   1.771817    
      110476   1.779928    
      110477   1.788046    
      110478   1.796171    
      110479   1.804301    
      110480   1.812437    
      110481   1.820578    
      110482   1.828723    
      110483   1.836872    
      110484   1.845025    
      110485   1.853181    
      110486   1.861340    
      110487   1.869502    
      110488   1.877667    
      110489   1.885834    
      110490   1.894004    
      110491   1.902175    
      110492   1.910349    
      110493   1.918524    
      110494   1.926701    
      110495   1.934879    
      110496   1.943058    
      110497   1.951239    
      110498   1.959421    
      110499   1.967604    
      110500   1.975787    
      110501   1.983972    
      110502   1.992157    
      110503   2.000343    
      110504   2.008530    
      110505   2.016717    
      110506   2.024904    
      110507   2.033092    
      110508   2.041281    
      110509   2.049470    
      110510   2.057659    
      110511   2.065848    
      110512   2.074037    
      110513   2.082225    
      110514   2.090412    
      110515   2.098591    
      110516   2.106754    
      110517   2.114867    
