        7561  0.1079347    
        7562  9.9659875E-02
        7563  9.1387466E-02
        7564  8.3118409E-02
        7565  7.4854165E-02
        7566  6.6597372E-02
        7567  5.8353044E-02
        7568  5.0131764E-02
        7569  4.1957177E-02
        7570  3.3884622E-02
        7571  2.6047930E-02
        7572  1.8774647E-02
        7573  1.2862684E-02
        7574  1.0157422E-02
        7575  1.2862682E-02
        7576  1.8774645E-02
        7577  2.6047925E-02
        7578  3.3884618E-02
        7579  4.1957177E-02
        7580  5.0131768E-02
        7581  5.8353044E-02
        7582  6.6597372E-02
        7583  7.4854173E-02
        7584  8.3118409E-02
        7585  9.1387480E-02
        7586  9.9659875E-02
        7587  0.1079347    
        7588  0.1162113    
        7589  0.1244893    
        7590  0.1327684    
        7591  0.1410481    
        7592  0.1493285    
        7593  0.1576092    
        7594  0.1658901    
        7595  0.1741712    
        7596  0.1824525    
        7597  0.1907337    
        7598  0.1990150    
        7599  0.2072963    
        7600  0.2155775    
        7601  0.2238588    
        7602  0.2321400    
        7603  0.2404211    
        7604  0.2487021    
        7605  0.2569832    
        7606  0.2652641    
        7607  0.2735450    
        7608  0.2818258    
        7609  0.2901065    
        7610  0.2983871    
        7611  0.3066677    
        7612  0.3149481    
        7613  0.3232285    
        7614  0.3315089    
        7615  0.3397891    
        7616  0.3480693    
        7617  0.3563493    
        7618  0.3646292    
        7619  0.3729090    
        7620  0.3811887    
        7621  0.3894683    
        7622  0.3977478    
        7623  0.4060272    
        7624  0.4143064    
        7625  0.4225855    
        7626  0.4308645    
        7627  0.4391433    
        7628  0.4474220    
        7629  0.4557005    
        7630  0.4639789    
        7631  0.4722571    
        7632  0.4805351    
        7633  0.4888129    
        7634  0.4970905    
        7635  0.5053679    
        7636  0.5136449    
        7637  0.5219216    
        7638  0.5301977    
        7639  0.5384732    
        7640  0.5467473    
        7641  0.5550191    
        7642  0.5632881    
        7643  0.5715544    
        7644  0.5798179    
        7645  0.5880789    
        7646  0.5963374    
        7647  0.6045935    
        7648  0.6128471    
        7649  0.6210983    
        7650  0.6293467    
        7651  0.6375918    
        7652  0.6458327    
        7653  0.6540667    
        7654  0.6622877    
        7655  0.6704820    
        7656  0.6786193    
        7657  0.6866366    
        7658  0.6944129    
        7659  0.7017599    
        7660  0.7085648    
        7661  0.7149642    
        7662  0.7211481    
        7663  0.7272428    
        7664  0.7333198    
        7665  0.7394197    
        7666  0.7455627    
        7667  0.7517592    
        7668  0.7580152    
        7669  0.7643340    
        7670  0.7707168    
        7671  0.7771653    
        7672  0.7836813    
        7673  0.7902662    
        7674  0.7969197    
        7675  0.8036420    
        7676  0.8104333    
        7677  0.8172938    
        7678  0.8242241    
        7679  0.8312239    
        7680  0.8382927    
        7681  0.8454300    
        7682  0.8526371    
        7683  0.8599157    
        7684  0.8672657    
        7685  0.8746809    
        7686  0.8821526    
        7687  0.8896741    
        7688  0.8972399    
        7689  0.9048458    
        7690  0.9124883    
        7691  0.9201644    
        7692  0.9278711    
        7693  0.9356056    
        7694  0.9433659    
        7695  0.9511497    
        7696  0.9589553    
        7697  0.9667809    
        7698  0.9746250    
        7699  0.9824861    
        7700  0.9903630    
        7701  0.9982544    
        7702   1.006159    
        7703   1.014077    
        7704   1.022006    
        7705   1.029945    
        7706   1.037895    
        7707   1.045854    
        7708   1.053822    
        7709   1.061797    
        7710   1.069781    
        7711   1.077771    
        7712   1.085768    
        7713   1.093770    
        7714   1.101777    
        7715   1.109789    
        7716   1.117805    
        7717   1.125823    
        7718   1.133844    
        7719   1.141867    
        7720   1.149889    
        7721   1.157912    
        7722   1.165935    
        7723   1.173955    
        7724   1.181971    
        7725   1.189979    
        7726   1.197974    
        7727   1.205940    
        7728   1.213847    
        7729   1.221638    
        7730   1.229220    
        7731   1.236514    
        7732   1.243559    
        7733   1.250470    
        7734   1.257347    
        7735   1.264248    
        7736   1.271204    
        7737   1.278231    
        7738   1.285335    
        7739   1.292519    
        7740   1.299786    
        7741   1.307134    
        7742   1.314557    
        7743   1.322041    
        7744   1.329579    
        7745   1.337163    
        7746   1.344790    
        7747   1.352454    
        7748   1.360152    
        7749   1.367882    
        7750   1.375640    
        7751   1.383424    
        7752   1.391232    
        7753   1.399060    
        7754   1.406906    
        7755   1.414768    
        7756   1.422643    
        7757   1.430528    
        7758   1.438420    
        7759   1.446315    
        7760   1.454209    
        7761   1.462096    
        7762   1.469972    
        7763   1.477826    
        7764   1.485642    
        7765   1.493385    
        7766   1.500995    
        7767   1.508366    
        7768   1.515380    
        7769   1.522014    
        7770   1.528384    
        7771   1.534623    
        7772   1.540816    
        7773   1.547017    
        7774   1.553252    
        7775   1.559539    
        7776   1.565887    
        7777   1.572305    
        7778   1.578798    
        7779   1.585371    
        7780   1.592027    
        7781   1.598763    
        7782   1.605579    
        7783   1.612471    
        7784   1.619436    
        7785   1.626471    
        7786   1.633574    
        7787   1.640746    
        7788   1.647988    
        7789   1.655301    
        7790   1.662685    
        7791   1.670133    
        7792   1.677635    
        7793   1.685187    
        7794   1.692783    
        7795   1.700420    
        7796   1.708095    
        7797   1.715805    
        7798   1.723548    
        7799   1.731321    
        7800   1.739121    
        7801   1.746947    
        7802   1.754795    
        7803   1.762665    
        7804   1.770555    
        7805   1.778461    
        7806   1.786385    
        7807   1.794322    
        7808   1.802274    
        7809   1.810239    
        7810   1.818215    
        7811   1.826202    
        7812   1.834198    
        7813   1.842204    
        7814   1.850218    
        7815   1.858240    
        7816   1.866269    
        7817   1.874305    
        7818   1.882346    
        7819   1.890393    
        7820   1.898444    
        7821   1.906501    
        7822   1.914562    
        7823   1.922626    
        7824   1.930694    
        7825   1.938766    
        7826   1.946839    
        7827   1.954916    
        7828   1.962994    
        7829   1.971074    
        7830   1.979156    
        7831   1.987239    
        7832   1.995322    
        7833   2.003405    
        7834   2.011487    
        7835   2.019569    
        7836   2.027647    
        7837   2.035722    
        7838   2.043788    
        7839   2.051843    
        7840   2.059878    
        7841   2.067881    
        7842   2.075839    
        7843   2.083743    
        7844   2.091600    
        7845   2.099425    
        7846   2.107233    
        7847   2.115035    
        7848   2.122837    
        7849   2.130645    
        7850   2.138460    
        7851   2.146284    
        7852   2.154112    
        7853   2.161934    
        7854   2.169721    
