      272647   2.143574    
      272648   2.137417    
      272649   2.130850    
      272650   2.123839    
      272651   2.116512    
      272652   2.109004    
      272653   2.101402    
      272654   2.093749    
      272655   2.086071    
      272656   2.078383    
      272657   2.070693    
      272658   2.063008    
      272659   2.055331    
      272660   2.047669    
      272661   2.040024    
      272662   2.032400    
      272663   2.024799    
      272664   2.017226    
      272665   2.009682    
      272666   2.002173    
      272667   1.994701    
      272668   1.987273    
      272669   1.979892    
      272670   1.972563    
      272671   1.965290    
      272672   1.958075    
      272673   1.950920    
      272674   1.943826    
      272675   1.936797    
      272676   1.929837    
      272677   1.922948    
      272678   1.916136    
      272679   1.909403    
      272680   1.902753    
      272681   1.896187    
      272682   1.889704    
      272683   1.883297    
      272684   1.876943    
      272685   1.870599    
      272686   1.864175    
      272687   1.857515    
      272688   1.850418    
      272689   1.842851    
      272690   1.834974    
      272691   1.826936    
      272692   1.818824    
      272693   1.810677    
      272694   1.802516    
      272695   1.794350    
      272696   1.786181    
      272697   1.778012    
      272698   1.769844    
      272699   1.761676    
      272700   1.753509    
      272701   1.745343    
      272702   1.737179    
      272703   1.729016    
      272704   1.720855    
      272705   1.712695    
      272706   1.704537    
      272707   1.696382    
      272708   1.688229    
      272709   1.680078    
      272710   1.671930    
      272711   1.663785    
      272712   1.655644    
      272713   1.647506    
      272714   1.639373    
      272715   1.631244    
      272716   1.623120    
      272717   1.615001    
      272718   1.606889    
      272719   1.598783    
      272720   1.590684    
      272721   1.582593    
      272722   1.574511    
      272723   1.566438    
      272724   1.558376    
      272725   1.550326    
      272726   1.542289    
      272727   1.534267    
      272728   1.526262    
      272729   1.518275    
      272730   1.510309    
      272731   1.502365    
      272732   1.494448    
      272733   1.486561    
      272734   1.478706    
      272735   1.470889    
      272736   1.463112    
      272737   1.455381    
      272738   1.447700    
      272739   1.440071    
      272740   1.432498    
      272741   1.424984    
      272742   1.417529    
      272743   1.410135    
      272744   1.402803    
      272745   1.395534    
      272746   1.388330    
      272747   1.381196    
      272748   1.374138    
      272749   1.367161    
      272750   1.360277    
      272751   1.353497    
      272752   1.346833    
      272753   1.340299    
      272754   1.333905    
      272755   1.327654    
      272756   1.321543    
      272757   1.315561    
      272758   1.309688    
      272759   1.303897    
      272760   1.298151    
      272761   1.292402    
      272762   1.286584    
      272763   1.280607    
      272764   1.274354    
      272765   1.267712    
      272766   1.260647    
      272767   1.253225    
      272768   1.245550    
      272769   1.237711    
      272770   1.229766    
      272771   1.221750    
      272772   1.213682    
      272773   1.205576    
      272774   1.197441    
      272775   1.189284    
      272776   1.181112    
      272777   1.172930    
      272778   1.164741    
      272779   1.156548    
      272780   1.148352    
      272781   1.140155    
      272782   1.131958    
      272783   1.123761    
      272784   1.115566    
      272785   1.107371    
      272786   1.099179    
      272787   1.090988    
      272788   1.082800    
      272789   1.074614    
      272790   1.066432    
      272791   1.058253    
      272792   1.050078    
      272793   1.041908    
      272794   1.033742    
      272795   1.025582    
      272796   1.017429    
      272797   1.009282    
      272798   1.001144    
      272799  0.9930143    
      272800  0.9848956    
      272801  0.9767888    
      272802  0.9686959    
      272803  0.9606190    
      272804  0.9525607    
      272805  0.9445239    
      272806  0.9365128    
      272807  0.9285318    
      272808  0.9205866    
      272809  0.9126844    
      272810  0.9048341    
      272811  0.8970466    
      272812  0.8893347    
      272813  0.8817129    
      272814  0.8741965    
      272815  0.8668001    
      272816  0.8595359    
      272817  0.8524133    
      272818  0.8454393    
      272819  0.8386158    
      272820  0.8319390    
      272821  0.8254007    
      272822  0.8189884    
      272823  0.8126864    
      272824  0.8064768    
      272825  0.8003424    
      272826  0.7942694    
      272827  0.7882483    
      272828  0.7822740    
      272829  0.7763455    
      272830  0.7704638    
      272831  0.7646323    
      272832  0.7588559    
      272833  0.7531407    
      272834  0.7474915    
      272835  0.7419086    
      272836  0.7363832    
      272837  0.7308919    
      272838  0.7253890    
      272839  0.7197915    
      272840  0.7139658    
      272841  0.7077262    
      272842  0.7009147    
      272843  0.6935832    
      272844  0.6859058    
      272845  0.6780264    
      272846  0.6700283    
      272847  0.6619561    
      272848  0.6538339    
      272849  0.6456759    
      272850  0.6374909    
      272851  0.6292850    
      272852  0.6210629    
      272853  0.6128289    
      272854  0.6045857    
      272855  0.5963358    
      272856  0.5880806    
      272857  0.5798212    
      272858  0.5715582    
      272859  0.5632919    
      272860  0.5550225    
      272861  0.5467500    
      272862  0.5384752    
      272863  0.5301991    
      272864  0.5219225    
      272865  0.5136455    
      272866  0.5053683    
      272867  0.4970908    
      272868  0.4888131    
      272869  0.4805352    
      272870  0.4722572    
      272871  0.4639789    
      272872  0.4557005    
      272873  0.4474220    
      272874  0.4391433    
      272875  0.4308645    
      272876  0.4225855    
      272877  0.4143064    
      272878  0.4060271    
      272879  0.3977478    
      272880  0.3894683    
      272881  0.3811887    
      272882  0.3729090    
      272883  0.3646291    
      272884  0.3563492    
      272885  0.3480692    
      272886  0.3397891    
      272887  0.3315089    
      272888  0.3232286    
      272889  0.3149482    
      272890  0.3066677    
      272891  0.2983871    
      272892  0.2901065    
      272893  0.2818258    
      272894  0.2735450    
      272895  0.2652641    
      272896  0.2569832    
      272897  0.2487022    
      272898  0.2404211    
      272899  0.2321399    
      272900  0.2238588    
      272901  0.2155776    
      272902  0.2072963    
      272903  0.1990150    
      272904  0.1907337    
      272905  0.1824525    
      272906  0.1741712    
      272907  0.1658901    
      272908  0.1576092    
      272909  0.1493285    
      272910  0.1410481    
      272911  0.1327683    
      272912  0.1244893    
      272913  0.1162113    
      272914  0.1079347    
      272915  9.9659875E-02
      272916  9.1387466E-02
      272917  8.3118409E-02
      272918  7.4854165E-02
      272919  6.6597372E-02
      272920  5.8353044E-02
      272921  5.0131764E-02
      272922  4.1957177E-02
      272923  3.3884622E-02
      272924  2.6047930E-02
      272925  1.8774647E-02
      272926  1.2862684E-02
      272927  1.0157422E-02
      272928  1.2862682E-02
      272929  1.8774645E-02
      272930  2.6047925E-02
      272931  3.3884618E-02
      272932  4.1957177E-02
      272933  5.0131768E-02
      272934  5.8353044E-02
      272935  6.6597372E-02
      272936  7.4854173E-02
      272937  8.3118409E-02
      272938  9.1387480E-02
      272939  9.9659875E-02
      272940  0.1079347    
      272941  0.1162113    
