       57961  0.8383076    
       57962  0.8302388    
       57963  0.8221710    
       57964  0.8141041    
       57965  0.8060382    
       57966  0.7979735    
       57967  0.7899099    
       57968  0.7818476    
       57969  0.7737867    
       57970  0.7657273    
       57971  0.7576694    
       57972  0.7496132    
       57973  0.7415588    
       57974  0.7335064    
       57975  0.7254560    
       57976  0.7174078    
       57977  0.7093621    
       57978  0.7013187    
       57979  0.6932781    
       57980  0.6852403    
       57981  0.6772054    
       57982  0.6691737    
       57983  0.6611454    
       57984  0.6531208    
       57985  0.6450998    
       57986  0.6370829    
       57987  0.6290704    
       57988  0.6210623    
       57989  0.6130592    
       57990  0.6050612    
       57991  0.5970687    
       57992  0.5890819    
       57993  0.5811014    
       57994  0.5731274    
       57995  0.5651604    
       57996  0.5572009    
       57997  0.5492492    
       57998  0.5413060    
       57999  0.5333717    
       58000  0.5254468    
       58001  0.5175315    
       58002  0.5096259    
       58003  0.5017291    
       58004  0.4938402    
       58005  0.4859576    
       58006  0.4780786    
       58007  0.4701985    
       58008  0.4623099    
       58009  0.4544017    
       58010  0.4464579    
       58011  0.4384578    
       58012  0.4303824    
       58013  0.4222358    
       58014  0.4140437    
       58015  0.4058227    
       58016  0.3975826    
       58017  0.3893298    
       58018  0.3810683    
       58019  0.3728010    
       58020  0.3645297    
       58021  0.3562557    
       58022  0.3479798    
       58023  0.3397025    
       58024  0.3314244    
       58025  0.3231456    
       58026  0.3148664    
       58027  0.3065867    
       58028  0.2983069    
       58029  0.2900268    
       58030  0.2817467    
       58031  0.2734663    
       58032  0.2651860    
       58033  0.2569056    
       58034  0.2486251    
       58035  0.2403447    
       58036  0.2320644    
       58037  0.2237841    
       58038  0.2155040    
       58039  0.2072241    
       58040  0.1989444    
       58041  0.1906648    
       58042  0.1823853    
       58043  0.1741061    
       58044  0.1658271    
       58045  0.1575485    
       58046  0.1492702    
       58047  0.1409926    
       58048  0.1327156    
       58049  0.1244397    
       58050  0.1161650    
       58051  0.1078918    
       58052  9.9620536E-02
       58053  9.1351792E-02
       58054  8.3086424E-02
       58055  7.4825905E-02
       58056  6.6572800E-02
       58057  5.8332108E-02
       58058  5.0114349E-02
       58059  4.1943103E-02
       58060  3.3873685E-02
       58061  2.6039861E-02
       58062  1.8769074E-02
       58063  1.2859059E-02
       58064  1.0154807E-02
       58065  1.2859745E-02
       58066  1.8770769E-02
       58067  2.6043003E-02
       58068  3.3878751E-02
       58069  4.1950554E-02
       58070  5.0124586E-02
       58071  5.8345456E-02
       58072  6.6589504E-02
       58073  7.4846104E-02
       58074  8.3110213E-02
       58075  9.1379181E-02
       58076  9.9651515E-02
       58077  0.1079263    
       58078  0.1162029    
       58079  0.1244808    
       58080  0.1327598    
       58081  0.1410396    
       58082  0.1493199    
       58083  0.1576006    
       58084  0.1658815    
       58085  0.1741626    
       58086  0.1824438    
       58087  0.1907250    
       58088  0.1990063    
       58089  0.2072875    
       58090  0.2155688    
       58091  0.2238500    
       58092  0.2321312    
       58093  0.2404123    
       58094  0.2486933    
       58095  0.2569743    
       58096  0.2652552    
       58097  0.2735361    
       58098  0.2818168    
       58099  0.2900975    
       58100  0.2983782    
       58101  0.3066587    
       58102  0.3149392    
       58103  0.3232196    
       58104  0.3314999    
       58105  0.3397801    
       58106  0.3480601    
       58107  0.3563401    
       58108  0.3646200    
       58109  0.3728996    
       58110  0.3811791    
       58111  0.3894583    
       58112  0.3977373    
       58113  0.4060159    
       58114  0.4142940    
       58115  0.4225714    
       58116  0.4308480    
       58117  0.4391237    
       58118  0.4473983    
       58119  0.4556719    
       58120  0.4639445    
       58121  0.4722162    
       58122  0.4804873    
       58123  0.4887577    
       58124  0.4970279    
       58125  0.5052979    
       58126  0.5135678    
       58127  0.5218374    
       58128  0.5301057    
       58129  0.5383705    
       58130  0.5466288    
       58131  0.5548769    
       58132  0.5631082    
       58133  0.5713102    
       58134  0.5794596    
       58135  0.5875157    
       58136  0.5954124    
       58137  0.6030977    
       58138  0.6106117    
       58139  0.6180360    
       58140  0.6254389    
       58141  0.6328636    
       58142  0.6403276    
       58143  0.6478345    
       58144  0.6553851    
       58145  0.6629789    
       58146  0.6706133    
       58147  0.6782853    
       58148  0.6859916    
       58149  0.6937293    
       58150  0.7014955    
       58151  0.7092875    
       58152  0.7171029    
       58153  0.7249392    
       58154  0.7327939    
       58155  0.7406645    
       58156  0.7485483    
       58157  0.7564422    
       58158  0.7643430    
       58159  0.7722470    
       58160  0.7801503    
       58161  0.7880484    
       58162  0.7959355    
       58163  0.8038026    
       58164  0.8116336    
       58165  0.8193978    
       58166  0.8270369    
       58167  0.8344498    
       58168  0.8415132    
       58169  0.8481896    
       58170  0.8545873    
       58171  0.8608412    
       58172  0.8670431    
       58173  0.8732485    
       58174  0.8794868    
       58175  0.8857759    
       58176  0.8921263    
       58177  0.8985453    
       58178  0.9050397    
       58179  0.9116141    
       58180  0.9182702    
       58181  0.9250076    
       58182  0.9318240    
       58183  0.9387164    
       58184  0.9456817    
       58185  0.9527172    
       58186  0.9598215    
       58187  0.9669941    
       58188  0.9742362    
       58189  0.9815497    
       58190  0.9889336    
       58191  0.9963816    
       58192   1.003885    
       58193   1.011436    
       58194   1.019033    
       58195   1.026670    
       58196   1.034345    
       58197   1.042056    
       58198   1.049798    
       58199   1.057571    
       58200   1.065372    
       58201   1.073197    
       58202   1.081046    
       58203   1.088916    
       58204   1.096805    
       58205   1.104712    
       58206   1.112635    
       58207   1.120573    
       58208   1.128525    
       58209   1.136490    
       58210   1.144466    
       58211   1.152453    
       58212   1.160449    
       58213   1.168455    
       58214   1.176469    
       58215   1.184491    
       58216   1.192520    
       58217   1.200556    
       58218   1.208597    
       58219   1.216644    
       58220   1.224696    
       58221   1.232753    
       58222   1.240814    
       58223   1.248878    
       58224   1.256946    
       58225   1.265018    
       58226   1.273091    
       58227   1.281167    
       58228   1.289243    
       58229   1.297317    
       58230   1.305383    
       58231   1.313429    
       58232   1.321426    
       58233   1.329315    
       58234   1.336982    
       58235   1.344271    
       58236   1.351129    
       58237   1.357695    
       58238   1.364127    
       58239   1.370522    
       58240   1.376932    
       58241   1.383381    
       58242   1.389879    
       58243   1.396429    
       58244   1.403031    
       58245   1.409686    
       58246   1.416393    
       58247   1.423152    
       58248   1.429963    
       58249   1.436826    
       58250   1.443739    
       58251   1.450704    
       58252   1.457719    
       58253   1.464784    
       58254   1.471902    
       58255   1.479071    
       58256   1.486294    
       58257   1.493568    
       58258   1.500889    
       58259   1.508250    
       58260   1.515645    
       58261   1.523069    
       58262   1.530517    
       58263   1.537980    
       58264   1.545451    
       58265   1.552917    
       58266   1.560361    
       58267   1.567757    
       58268   1.575072    
       58269   1.582252    
       58270   1.589221    
       58271   1.595879    
       58272   1.602129    
       58273   1.607957    
       58274   1.613457    
       58275   1.618757    
       58276   1.623976    
       58277   1.629207    
       58278   1.634516    
       58279   1.639943    
       58280   1.645507    
       58281   1.651216    
       58282   1.657071    
       58283   1.663067    
       58284   1.669191    
       58285   1.675436    
       58286   1.681794    
       58287   1.688257    
       58288   1.694818    
       58289   1.701469    
       58290   1.708206    
       58291   1.715026    
       58292   1.721925    
       58293   1.728901    
       58294   1.735953    
       58295   1.743080    
       58296   1.750283    
       58297   1.757563    
       58298   1.764926    
       58299   1.772370    
       58300   1.779890    
       58301   1.787476    
       58302   1.795120    
       58303   1.802817    
       58304   1.810562    
       58305   1.818351    
       58306   1.826180    
       58307   1.834045    
       58308   1.841942    
       58309   1.849867    
       58310   1.857818    
       58311   1.865791    
       58312   1.873783    
       58313   1.881794    
       58314   1.889821    
       58315   1.897861    
       58316   1.905915    
       58317   1.913980    
       58318   1.922056    
       58319   1.930141    
       58320   1.938234    
       58321   1.946335    
       58322   1.954443    
       58323   1.962557    
       58324   1.970676    
       58325   1.978800    
       58326   1.986928    
       58327   1.995059    
       58328   2.003193    
       58329   2.011327    
       58330   2.019461    
       58331   2.027592    
       58332   2.035717    
       58333   2.043831    
       58334   2.051928    
       58335   2.059996    
       58336   2.068022    
       58337   2.075985    
       58338   2.083855    
       58339   2.091600    
       58340   2.099178    
       58341   2.106541    
       58342   2.113648    
       58343   2.120474    
       58344   2.127022    
