       12601  0.1824525    
       12602  0.1741712    
       12603  0.1658901    
       12604  0.1576092    
       12605  0.1493285    
       12606  0.1410481    
       12607  0.1327683    
       12608  0.1244893    
       12609  0.1162113    
       12610  0.1079347    
       12611  9.9659875E-02
       12612  9.1387466E-02
       12613  8.3118409E-02
       12614  7.4854165E-02
       12615  6.6597372E-02
       12616  5.8353044E-02
       12617  5.0131764E-02
       12618  4.1957177E-02
       12619  3.3884622E-02
       12620  2.6047930E-02
       12621  1.8774647E-02
       12622  1.2862684E-02
       12623  1.0157422E-02
       12624  1.2862682E-02
       12625  1.8774645E-02
       12626  2.6047925E-02
       12627  3.3884618E-02
       12628  4.1957177E-02
       12629  5.0131768E-02
       12630  5.8353044E-02
       12631  6.6597372E-02
       12632  7.4854173E-02
       12633  8.3118409E-02
       12634  9.1387480E-02
       12635  9.9659875E-02
       12636  0.1079347    
       12637  0.1162113    
       12638  0.1244893    
       12639  0.1327684    
       12640  0.1410481    
       12641  0.1493285    
       12642  0.1576092    
       12643  0.1658901    
       12644  0.1741712    
       12645  0.1824525    
       12646  0.1907337    
       12647  0.1990150    
       12648  0.2072963    
       12649  0.2155775    
       12650  0.2238588    
       12651  0.2321400    
       12652  0.2404211    
       12653  0.2487021    
       12654  0.2569832    
       12655  0.2652641    
       12656  0.2735450    
       12657  0.2818258    
       12658  0.2901065    
       12659  0.2983871    
       12660  0.3066677    
       12661  0.3149481    
       12662  0.3232285    
       12663  0.3315088    
       12664  0.3397891    
       12665  0.3480692    
       12666  0.3563492    
       12667  0.3646292    
       12668  0.3729090    
       12669  0.3811887    
       12670  0.3894683    
       12671  0.3977478    
       12672  0.4060270    
       12673  0.4143062    
       12674  0.4225851    
       12675  0.4308639    
       12676  0.4391424    
       12677  0.4474206    
       12678  0.4556985    
       12679  0.4639760    
       12680  0.4722532    
       12681  0.4805300    
       12682  0.4888063    
       12683  0.4970823    
       12684  0.5053579    
       12685  0.5136330    
       12686  0.5219076    
       12687  0.5301813    
       12688  0.5384539    
       12689  0.5467246    
       12690  0.5549919    
       12691  0.5632555    
       12692  0.5715148    
       12693  0.5797687    
       12694  0.5880136    
       12695  0.5962425    
       12696  0.6044384    
       12697  0.6125655    
       12698  0.6205510    
       12699  0.6282604    
       12700  0.6355056    
       12701  0.6422338    
       12702  0.6486078    
       12703  0.6548015    
       12704  0.6609263    
       12705  0.6670456    
       12706  0.6731962    
       12707  0.6793957    
       12708  0.6856529    
       12709  0.6919724    
       12710  0.6983556    
       12711  0.7048043    
       12712  0.7113206    
       12713  0.7179055    
       12714  0.7245593    
       12715  0.7312819    
       12716  0.7380732    
       12717  0.7449338    
       12718  0.7518642    
       12719  0.7588641    
       12720  0.7659329    
       12721  0.7730703    
       12722  0.7802775    
       12723  0.7875563    
       12724  0.7949064    
       12725  0.8023216    
       12726  0.8097935    
       12727  0.8173150    
       12728  0.8248808    
       12729  0.8324869    
       12730  0.8401295    
       12731  0.8478055    
       12732  0.8555121    
       12733  0.8632467    
       12734  0.8710070    
       12735  0.8787907    
       12736  0.8865963    
       12737  0.8944220    
       12738  0.9022660    
       12739  0.9101272    
       12740  0.9180040    
       12741  0.9258955    
       12742  0.9338002    
       12743  0.9417174    
       12744  0.9496462    
       12745  0.9575859    
       12746  0.9655356    
       12747  0.9734948    
       12748  0.9814625    
       12749  0.9894383    
       12750  0.9974216    
       12751   1.005412    
       12752   1.013409    
       12753   1.021411    
       12754   1.029418    
       12755   1.037430    
       12756   1.045446    
       12757   1.053464    
       12758   1.061485    
       12759   1.069507    
       12760   1.077530    
       12761   1.085554    
       12762   1.093576    
       12763   1.101596    
       12764   1.109612    
       12765   1.117620    
       12766   1.125615    
       12767   1.133580    
       12768   1.141488    
       12769   1.149279    
       12770   1.156861    
       12771   1.164155    
       12772   1.171200    
       12773   1.178111    
       12774   1.184988    
       12775   1.191889    
       12776   1.198845    
       12777   1.205872    
       12778   1.212976    
       12779   1.220160    
       12780   1.227427    
       12781   1.234775    
       12782   1.242198    
       12783   1.249683    
       12784   1.257220    
       12785   1.264804    
       12786   1.272431    
       12787   1.280095    
       12788   1.287794    
       12789   1.295523    
       12790   1.303282    
       12791   1.311066    
       12792   1.318873    
       12793   1.326701    
       12794   1.334547    
       12795   1.342409    
       12796   1.350284    
       12797   1.358169    
       12798   1.366061    
       12799   1.373956    
       12800   1.381849    
       12801   1.389737    
       12802   1.397613    
       12803   1.405467    
       12804   1.413283    
       12805   1.421026    
       12806   1.428636    
       12807   1.436007    
       12808   1.443021    
       12809   1.449654    
       12810   1.456024    
       12811   1.462263    
       12812   1.468456    
       12813   1.474657    
       12814   1.480892    
       12815   1.487179    
       12816   1.493527    
       12817   1.499945    
       12818   1.506438    
       12819   1.513012    
       12820   1.519667    
       12821   1.526404    
       12822   1.533219    
       12823   1.540111    
       12824   1.547076    
       12825   1.554111    
       12826   1.561214    
       12827   1.568387    
       12828   1.575628    
       12829   1.582941    
       12830   1.590325    
       12831   1.597772    
       12832   1.605275    
       12833   1.612827    
       12834   1.620423    
       12835   1.628060    
       12836   1.635735    
       12837   1.643446    
       12838   1.651189    
       12839   1.658962    
       12840   1.666762    
       12841   1.674587    
       12842   1.682436    
       12843   1.690306    
       12844   1.698195    
       12845   1.706102    
       12846   1.714025    
       12847   1.721963    
       12848   1.729915    
       12849   1.737879    
       12850   1.745856    
       12851   1.753842    
       12852   1.761839    
       12853   1.769845    
       12854   1.777859    
       12855   1.785881    
       12856   1.793909    
       12857   1.801945    
       12858   1.809986    
       12859   1.818033    
       12860   1.826085    
       12861   1.834142    
       12862   1.842202    
       12863   1.850267    
       12864   1.858335    
       12865   1.866406    
       12866   1.874480    
       12867   1.882557    
       12868   1.890635    
       12869   1.898715    
       12870   1.906797    
       12871   1.914879    
       12872   1.922962    
       12873   1.931046    
       12874   1.939128    
       12875   1.947209    
       12876   1.955288    
       12877   1.963362    
       12878   1.971429    
       12879   1.979483    
       12880   1.987518    
       12881   1.995521    
       12882   2.003479    
       12883   2.011383    
       12884   2.019240    
       12885   2.027065    
       12886   2.034873    
       12887   2.042674    
       12888   2.050477    
       12889   2.058285    
       12890   2.066102    
       12891   2.073929    
       12892   2.081768    
       12893   2.089618    
       12894   2.097479    
       12895   2.105351    
       12896   2.113233    
       12897   2.121125    
       12898   2.129025    
       12899   2.136932    
       12900   2.144843    
       12901   2.152753    
       12902   2.160647    
       12903   2.168495    
