      135241   1.860392    
      135242   1.852322    
      135243   1.844254    
      135244   1.836186    
      135245   1.828120    
      135246   1.820055    
      135247   1.811990    
      135248   1.803927    
      135249   1.795865    
      135250   1.787804    
      135251   1.779745    
      135252   1.771688    
      135253   1.763632    
      135254   1.755579    
      135255   1.747527    
      135256   1.739477    
      135257   1.731430    
      135258   1.723385    
      135259   1.715343    
      135260   1.707303    
      135261   1.699266    
      135262   1.691233    
      135263   1.683203    
      135264   1.675176    
      135265   1.667152    
      135266   1.659133    
      135267   1.651119    
      135268   1.643108    
      135269   1.635102    
      135270   1.627102    
      135271   1.619106    
      135272   1.611117    
      135273   1.603133    
      135274   1.595157    
      135275   1.587187    
      135276   1.579224    
      135277   1.571269    
      135278   1.563322    
      135279   1.555385    
      135280   1.547457    
      135281   1.539539    
      135282   1.531632    
      135283   1.523737    
      135284   1.515854    
      135285   1.507985    
      135286   1.500131    
      135287   1.492292    
      135288   1.484470    
      135289   1.476666    
      135290   1.468883    
      135291   1.461120    
      135292   1.453381    
      135293   1.445668    
      135294   1.437981    
      135295   1.430325    
      135296   1.422702    
      135297   1.415116    
      135298   1.407571    
      135299   1.400071    
      135300   1.392622    
      135301   1.385229    
      135302   1.377895    
      135303   1.370621    
      135304   1.363406    
      135305   1.356245    
      135306   1.349137    
      135307   1.342078    
      135308   1.335062    
      135309   1.328085    
      135310   1.321143    
      135311   1.314232    
      135312   1.307353    
      135313   1.300505    
      135314   1.293693    
      135315   1.286920    
      135316   1.280191    
      135317   1.273511    
      135318   1.266885    
      135319   1.260317    
      135320   1.253810    
      135321   1.247366    
      135322   1.240982    
      135323   1.234657    
      135324   1.228388    
      135325   1.222167    
      135326   1.215984    
      135327   1.209822    
      135328   1.203648    
      135329   1.197403    
      135330   1.190985    
      135331   1.184240    
      135332   1.177033    
      135333   1.169425    
      135334   1.161581    
      135335   1.153620    
      135336   1.145605    
      135337   1.137566    
      135338   1.129515    
      135339   1.121459    
      135340   1.113400    
      135341   1.105340    
      135342   1.097281    
      135343   1.089221    
      135344   1.081162    
      135345   1.073105    
      135346   1.065050    
      135347   1.056997    
      135348   1.048947    
      135349   1.040900    
      135350   1.032857    
      135351   1.024817    
      135352   1.016783    
      135353   1.008753    
      135354   1.000728    
      135355  0.9927088    
      135356  0.9846960    
      135357  0.9766898    
      135358  0.9686908    
      135359  0.9606993    
      135360  0.9527161    
      135361  0.9447416    
      135362  0.9367766    
      135363  0.9288217    
      135364  0.9208778    
      135365  0.9129456    
      135366  0.9050260    
      135367  0.8971201    
      135368  0.8892291    
      135369  0.8813541    
      135370  0.8734967    
      135371  0.8656582    
      135372  0.8578404    
      135373  0.8500452    
      135374  0.8422747    
      135375  0.8345310    
      135376  0.8268170    
      135377  0.8191358    
      135378  0.8114907    
      135379  0.8038861    
      135380  0.7963268    
      135381  0.7888185    
      135382  0.7813674    
      135383  0.7739793    
      135384  0.7666573    
      135385  0.7594014    
      135386  0.7522101    
      135387  0.7450797    
      135388  0.7380016    
      135389  0.7309558    
      135390  0.7239060    
      135391  0.7167881    
      135392  0.7095087    
      135393  0.7019881    
      135394  0.6942440    
      135395  0.6863607    
      135396  0.6784041    
      135397  0.6704117    
      135398  0.6624024    
      135399  0.6543857    
      135400  0.6463666    
      135401  0.6383475    
      135402  0.6303301    
      135403  0.6223155    
      135404  0.6143046    
      135405  0.6062983    
      135406  0.5982976    
      135407  0.5903034    
      135408  0.5823170    
      135409  0.5743397    
      135410  0.5663730    
      135411  0.5584183    
      135412  0.5504770    
      135413  0.5425508    
      135414  0.5346411    
      135415  0.5267497    
      135416  0.5188786    
      135417  0.5110300    
      135418  0.5032063    
      135419  0.4954102    
      135420  0.4876448    
      135421  0.4799137    
      135422  0.4722212    
      135423  0.4645725    
      135424  0.4569737    
      135425  0.4494323    
      135426  0.4419569    
      135427  0.4345560    
      135428  0.4272359    
      135429  0.4200000    
      135430  0.4128514    
      135431  0.4057943    
      135432  0.3988337    
      135433  0.3919733    
      135434  0.3852144    
      135435  0.3785533    
      135436  0.3719760    
      135437  0.3654500    
      135438  0.3589194    
      135439  0.3522920    
      135440  0.3454277    
      135441  0.3381687    
      135442  0.3304983    
      135443  0.3225531    
      135444  0.3144560    
      135445  0.3062810    
      135446  0.2980676    
      135447  0.2898359    
      135448  0.2815949    
      135449  0.2733489    
      135450  0.2650995    
      135451  0.2568472    
      135452  0.2485918    
      135453  0.2403334    
      135454  0.2320717    
      135455  0.2238068    
      135456  0.2155390    
      135457  0.2072684    
      135458  0.1989954    
      135459  0.1907202    
      135460  0.1824433    
      135461  0.1741651    
      135462  0.1658860    
      135463  0.1576064    
      135464  0.1493266    
      135465  0.1410469    
      135466  0.1327675    
      135467  0.1244888    
      135468  0.1162109    
      135469  0.1079344    
      135470  9.9659696E-02
      135471  9.1387346E-02
      135472  8.3118320E-02
      135473  7.4854106E-02
      135474  6.6597320E-02
      135475  5.8353014E-02
      135476  5.0131746E-02
      135477  4.1957162E-02
      135478  3.3884607E-02
      135479  2.6047919E-02
      135480  1.8774640E-02
      135481  1.2862677E-02
      135482  1.0157415E-02
      135483  1.2862671E-02
      135484  1.8774625E-02
      135485  2.6047891E-02
      135486  3.3884563E-02
      135487  4.1957084E-02
      135488  5.0131626E-02
      135489  5.8352824E-02
      135490  6.6597037E-02
      135491  7.4853681E-02
      135492  8.3117679E-02
      135493  9.1386437E-02
      135494  9.9658445E-02
      135495  0.1079328    
      135496  0.1162088    
      135497  0.1244862    
      135498  0.1327645    
      135499  0.1410435    
      135500  0.1493230    
      135501  0.1576029    
      135502  0.1658830    
      135503  0.1741633    
      135504  0.1824437    
      135505  0.1907242    
      135506  0.1990048    
      135507  0.2072854    
      135508  0.2155661    
      135509  0.2238467    
      135510  0.2321274    
      135511  0.2404081    
      135512  0.2486888    
      135513  0.2569695    
      135514  0.2652502    
      135515  0.2735308    
      135516  0.2818114    
      135517  0.2900919    
      135518  0.2983724    
      135519  0.3066529    
      135520  0.3149332    
      135521  0.3232135    
      135522  0.3314937    
      135523  0.3397737    
      135524  0.3480537    
      135525  0.3563335    
      135526  0.3646132    
      135527  0.3728926    
      135528  0.3811718    
      135529  0.3894506    
      135530  0.3977288    
      135531  0.4060062    
      135532  0.4142823    
      135533  0.4225564    
      135534  0.4308273    
      135535  0.4390931    
      135536  0.4473505    
      135537  0.4555942    
      135538  0.4638151    
      135539  0.4719979    
      135540  0.4801169    
      135541  0.4881297    
      135542  0.4960011    
      135543  0.5037447    
      135544  0.5113915    
      135545  0.5189632    
      135546  0.5264674    
      135547  0.5338961    
      135548  0.5412233    
      135549  0.5484030    
      135550  0.5553635    
      135551  0.5620070    
      135552  0.5682408    
      135553  0.5740559    
      135554  0.5795463    
      135555  0.5848406    
      135556  0.5900553    
      135557  0.5952827    
      135558  0.6005891    
      135559  0.6060148    
      135560  0.6115795    
      135561  0.6172906    
      135562  0.6231471    
      135563  0.6291432    
      135564  0.6352683    
      135565  0.6415132    
      135566  0.6478710    
      135567  0.6543341    
      135568  0.6608948    
      135569  0.6675463    
      135570  0.6742837    
      135571  0.6811033    
      135572  0.6880022    
      135573  0.6949784    
      135574  0.7020302    
      135575  0.7091572    
      135576  0.7163599    
      135577  0.7236407    
      135578  0.7310033    
      135579  0.7384475    
      135580  0.7459676    
      135581  0.7535536    
      135582  0.7611976    
      135583  0.7688943    
      135584  0.7766393    
      135585  0.7844286    
      135586  0.7922578    
      135587  0.8001229    
      135588  0.8080199    
      135589  0.8159451    
      135590  0.8238956    
      135591  0.8318685    
      135592  0.8398614    
      135593  0.8478720    
      135594  0.8558986    
      135595  0.8639395    
      135596  0.8719931    
      135597  0.8800582    
      135598  0.8881338    
      135599  0.8962185    
      135600  0.9043119    
      135601  0.9124126    
      135602  0.9205203    
      135603  0.9286342    
      135604  0.9367534    
      135605  0.9448774    
      135606  0.9530054    
      135607  0.9611366    
      135608  0.9692700    
      135609  0.9774045    
      135610  0.9855382    
      135611  0.9936692    
      135612   1.001794    
      135613   1.009908    
      135614   1.018005    
      135615   1.026073    
      135616   1.034100    
      135617   1.042062    
      135618   1.049933    
      135619   1.057678    
      135620   1.065257    
      135621   1.072624    
      135622   1.079738    
      135623   1.086586    
      135624   1.093192    
      135625   1.099617    
      135626   1.105927    
      135627   1.112173    
      135628   1.118385    
      135629   1.124579    
      135630   1.130763    
      135631   1.136942    
      135632   1.143119    
      135633   1.149298    
      135634   1.155484    
      135635   1.161685    
      135636   1.167912    
      135637   1.174178    
      135638   1.180499    
      135639   1.186883    
      135640   1.193340    
      135641   1.199875    
      135642   1.206492    
      135643   1.213192    
      135644   1.219975    
      135645   1.226838    
      135646   1.233779    
      135647   1.240793    
      135648   1.247878    
      135649   1.255030    
      135650   1.262250    
      135651   1.269537    
      135652   1.276894    
      135653   1.284319    
      135654   1.291813    
      135655   1.299369    
      135656   1.306983    
      135657   1.314650    
      135658   1.322365    
      135659   1.330125    
      135660   1.337928    
      135661   1.345770    
      135662   1.353646    
      135663   1.361554    
      135664   1.369490    
      135665   1.377450    
      135666   1.385434    
      135667   1.393437    
      135668   1.401457    
      135669   1.409494    
      135670   1.417545    
      135671   1.425609    
      135672   1.433684    
      135673   1.441770    
      135674   1.449865    
      135675   1.457968    
      135676   1.466079    
      135677   1.474197    
      135678   1.482322    
      135679   1.490453    
      135680   1.498588    
      135681   1.506729    
      135682   1.514874    
      135683   1.523023    
      135684   1.531176    
      135685   1.539332    
      135686   1.547491    
      135687   1.555654    
      135688   1.563818    
      135689   1.571986    
      135690   1.580155    
      135691   1.588327    
      135692   1.596500    
      135693   1.604675    
      135694   1.612852    
      135695   1.621030    
      135696   1.629210    
      135697   1.637390    
      135698   1.645572    
      135699   1.653755    
      135700   1.661938    
      135701   1.670123    
      135702   1.678308    
      135703   1.686494    
      135704   1.694681    
      135705   1.702868    
      135706   1.711055    
      135707   1.719243    
      135708   1.727431    
      135709   1.735620    
      135710   1.743809    
      135711   1.751999    
      135712   1.760189    
      135713   1.768378    
      135714   1.776569    
      135715   1.784759    
      135716   1.792949    
      135717   1.801140    
      135718   1.809331    
      135719   1.817522    
      135720   1.825712    
      135721   1.833903    
      135722   1.842095    
      135723   1.850286    
      135724   1.858477    
      135725   1.866668    
      135726   1.874859    
      135727   1.883050    
      135728   1.891242    
      135729   1.899433    
      135730   1.907624    
      135731   1.915815    
      135732   1.924006    
      135733   1.932198    
      135734   1.940389    
      135735   1.948581    
      135736   1.956772    
      135737   1.964963    
      135738   1.973154    
      135739   1.981346    
      135740   1.989537    
      135741   1.997728    
