      145881   2.012215    
      145882   2.004146    
      145883   1.996078    
      145884   1.988010    
      145885   1.979944    
      145886   1.971878    
      145887   1.963814    
      145888   1.955750    
      145889   1.947688    
      145890   1.939628    
      145891   1.931569    
      145892   1.923511    
      145893   1.915456    
      145894   1.907402    
      145895   1.899350    
      145896   1.891301    
      145897   1.883253    
      145898   1.875209    
      145899   1.867166    
      145900   1.859127    
      145901   1.851090    
      145902   1.843056    
      145903   1.835026    
      145904   1.826999    
      145905   1.818976    
      145906   1.810957    
      145907   1.802942    
      145908   1.794932    
      145909   1.786926    
      145910   1.778925    
      145911   1.770930    
      145912   1.762940    
      145913   1.754957    
      145914   1.746980    
      145915   1.739010    
      145916   1.731047    
      145917   1.723093    
      145918   1.715146    
      145919   1.707209    
      145920   1.699280    
      145921   1.691362    
      145922   1.683455    
      145923   1.675560    
      145924   1.667678    
      145925   1.659808    
      145926   1.651954    
      145927   1.644115    
      145928   1.636293    
      145929   1.628490    
      145930   1.620706    
      145931   1.612944    
      145932   1.605205    
      145933   1.597491    
      145934   1.589805    
      145935   1.582149    
      145936   1.574526    
      145937   1.566940    
      145938   1.559394    
      145939   1.551894    
      145940   1.544445    
      145941   1.537052    
      145942   1.529719    
      145943   1.522445    
      145944   1.515229    
      145945   1.508069    
      145946   1.500961    
      145947   1.493901    
      145948   1.486886    
      145949   1.479909    
      145950   1.472966    
      145951   1.466056    
      145952   1.459176    
      145953   1.452328    
      145954   1.445516    
      145955   1.438744    
      145956   1.432015    
      145957   1.425335    
      145958   1.418709    
      145959   1.412141    
      145960   1.405634    
      145961   1.399190    
      145962   1.392807    
      145963   1.386482    
      145964   1.380212    
      145965   1.373991    
      145966   1.367808    
      145967   1.361646    
      145968   1.355473    
      145969   1.349227    
      145970   1.342810    
      145971   1.336064    
      145972   1.328856    
      145973   1.321248    
      145974   1.313403    
      145975   1.305443    
      145976   1.297428    
      145977   1.289388    
      145978   1.281337    
      145979   1.273281    
      145980   1.265222    
      145981   1.257162    
      145982   1.249102    
      145983   1.241042    
      145984   1.232984    
      145985   1.224926    
      145986   1.216871    
      145987   1.208818    
      145988   1.200768    
      145989   1.192721    
      145990   1.184678    
      145991   1.176638    
      145992   1.168603    
      145993   1.160573    
      145994   1.152548    
      145995   1.144529    
      145996   1.136516    
      145997   1.128510    
      145998   1.120511    
      145999   1.112519    
      146000   1.104535    
      146001   1.096560    
      146002   1.088595    
      146003   1.080640    
      146004   1.072695    
      146005   1.064762    
      146006   1.056842    
      146007   1.048936    
      146008   1.041044    
      146009   1.033168    
      146010   1.025310    
      146011   1.017470    
      146012   1.009651    
      146013   1.001855    
      146014  0.9940827    
      146015  0.9863372    
      146016  0.9786209    
      146017  0.9709367    
      146018  0.9632882    
      146019  0.9556793    
      146020  0.9481145    
      146021  0.9405993    
      146022  0.9331393    
      146023  0.9257399    
      146024  0.9184042    
      146025  0.9111323    
      146026  0.9039222    
      146027  0.8967701    
      146028  0.8896672    
      146029  0.8825940    
      146030  0.8755161    
      146031  0.8683722    
      146032  0.8610729    
      146033  0.8535410    
      146034  0.8457926    
      146035  0.8379085    
      146036  0.8299529    
      146037  0.8219619    
      146038  0.8139542    
      146039  0.8059392    
      146040  0.7979215    
      146041  0.7899038    
      146042  0.7818878    
      146043  0.7738744    
      146044  0.7658648    
      146045  0.7578598    
      146046  0.7498604    
      146047  0.7418675    
      146048  0.7338824    
      146049  0.7259064    
      146050  0.7179409    
      146051  0.7099875    
      146052  0.7020477    
      146053  0.6941229    
      146054  0.6862146    
      146055  0.6783248    
      146056  0.6704553    
      146057  0.6626084    
      146058  0.6547866    
      146059  0.6469926    
      146060  0.6392294    
      146061  0.6315009    
      146062  0.6238111    
      146063  0.6161655    
      146064  0.6085705    
      146065  0.6010333    
      146066  0.5935628    
      146067  0.5861676    
      146068  0.5788539    
      146069  0.5716251    
      146070  0.5644845    
      146071  0.5574367    
      146072  0.5504873    
      146073  0.5436411    
      146074  0.5369012    
      146075  0.5302685    
      146076  0.5237403    
      146077  0.5173085    
      146078  0.5109587    
      146079  0.5046654    
      146080  0.4983797    
      146081  0.4920213    
      146082  0.4854603    
      146083  0.4785197    
      146084  0.4710848    
      146085  0.4632616    
      146086  0.4552203    
      146087  0.4470700    
      146088  0.4388679    
      146089  0.4306412    
      146090  0.4224022    
      146091  0.4141562    
      146092  0.4059053    
      146093  0.3976501    
      146094  0.3893911    
      146095  0.3811286    
      146096  0.3728629    
      146097  0.3645941    
      146098  0.3563227    
      146099  0.3480491    
      146100  0.3397735    
      146101  0.3314964    
      146102  0.3232182    
      146103  0.3149393    
      146104  0.3066597    
      146105  0.2983798    
      146106  0.2900996    
      146107  0.2818192    
      146108  0.2735386    
      146109  0.2652579    
      146110  0.2569771    
      146111  0.2486961    
      146112  0.2404151    
      146113  0.2321341    
      146114  0.2238529    
      146115  0.2155717    
      146116  0.2072905    
      146117  0.1990093    
      146118  0.1907280    
      146119  0.1824467    
      146120  0.1741655    
      146121  0.1658845    
      146122  0.1576035    
      146123  0.1493229    
      146124  0.1410426    
      146125  0.1327628    
      146126  0.1244838    
      146127  0.1162059    
      146128  0.1079293    
      146129  9.9654570E-02
      146130  9.1382280E-02
      146131  8.3113372E-02
      146132  7.4849360E-02
      146133  6.6592850E-02
      146134  5.8348887E-02
      146135  5.0128043E-02
      146136  4.1953944E-02
      146137  3.3881921E-02
      146138  2.6045796E-02
      146139  1.8773071E-02
      146140  1.2861584E-02
      146141  1.0156554E-02
      146142  1.2861606E-02
      146143  1.8773124E-02
      146144  2.6045885E-02
      146145  3.3882063E-02
      146146  4.1954137E-02
      146147  5.0128289E-02
      146148  5.8349177E-02
      146149  6.6593163E-02
      146150  7.4849658E-02
      146151  8.3113633E-02
      146152  9.1382489E-02
      146153  9.9654719E-02
      146154  0.1079294    
      146155  0.1162059    
      146156  0.1244838    
      146157  0.1327628    
      146158  0.1410425    
      146159  0.1493227    
      146160  0.1576034    
      146161  0.1658843    
      146162  0.1741654    
      146163  0.1824466    
      146164  0.1907278    
      146165  0.1990091    
      146166  0.2072903    
      146167  0.2155716    
      146168  0.2238527    
      146169  0.2321338    
      146170  0.2404148    
      146171  0.2486958    
      146172  0.2569766    
      146173  0.2652573    
      146174  0.2735378    
      146175  0.2818180    
      146176  0.2900978    
      146177  0.2983772    
      146178  0.3066559    
      146179  0.3149337    
      146180  0.3232100    
      146181  0.3314843    
      146182  0.3397555    
      146183  0.3480223    
      146184  0.3562827    
      146185  0.3645338    
      146186  0.3727723    
      146187  0.3809937    
      146188  0.3891929    
      146189  0.3973626    
      146190  0.4054918    
      146191  0.4135621    
      146192  0.4215384    
      146193  0.4293512    
      146194  0.4368806    
      146195  0.4439435    
      146196  0.4503959    
      146197  0.4563456    
      146198  0.4620445    
      146199  0.4676812    
      146200  0.4733657    
      146201  0.4791518    
      146202  0.4850606    
      146203  0.4910954    
      146204  0.4972507    
      146205  0.5035205    
      146206  0.5098993    
      146207  0.5163798    
      146208  0.5229552    
      146209  0.5296192    
      146210  0.5363669    
      146211  0.5431951    
      146212  0.5501013    
      146213  0.5570835    
      146214  0.5641404    
      146215  0.5712712    
      146216  0.5784770    
      146217  0.5857609    
      146218  0.5931264    
      146219  0.6005732    
      146220  0.6080952    
      146221  0.6156827    
      146222  0.6233279    
      146223  0.6310258    
      146224  0.6387719    
      146225  0.6465620    
      146226  0.6543919    
      146227  0.6622576    
      146228  0.6701550    
      146229  0.6780807    
      146230  0.6860315    
      146231  0.6940047    
      146232  0.7019978    
      146233  0.7100086    
      146234  0.7180355    
      146235  0.7260764    
      146236  0.7341303    
      146237  0.7421955    
      146238  0.7502712    
      146239  0.7583562    
      146240  0.7664497    
      146241  0.7745508    
      146242  0.7826587    
      146243  0.7907727    
      146244  0.7988922    
      146245  0.8070165    
      146246  0.8151448    
      146247  0.8232763    
      146248  0.8314101    
      146249  0.8395448    
      146250  0.8476790    
      146251  0.8558103    
      146252  0.8639357    
      146253  0.8720502    
      146254  0.8801471    
      146255  0.8882165    
      146256  0.8962433    
      146257  0.9042067    
      146258  0.9120783    
      146259  0.9198242    
      146260  0.9274038    
      146261  0.9347720    
      146262  0.9418886    
      146263  0.9487385    
      146264  0.9553457    
      146265  0.9617721    
      146266  0.9680833    
      146267  0.9743296    
      146268  0.9805418    
      146269  0.9867361    
      146270  0.9929205    
      146271  0.9990996    
      146272   1.005277    
      146273   1.011456    
      146274   1.017642    
      146275   1.023843    
      146276   1.030070    
      146277   1.036337    
      146278   1.042657    
      146279   1.049042    
      146280   1.055499    
      146281   1.062034    
      146282   1.068651    
      146283   1.075351    
      146284   1.082133    
      146285   1.088997    
      146286   1.095938    
      146287   1.102952    
      146288   1.110037    
      146289   1.117189    
      146290   1.124409    
      146291   1.131696    
      146292   1.139052    
      146293   1.146478    
      146294   1.153972    
      146295   1.161528    
      146296   1.169142    
      146297   1.176809    
      146298   1.184524    
      146299   1.192284    
      146300   1.200087    
      146301   1.207929    
      146302   1.215806    
      146303   1.223714    
      146304   1.231650    
      146305   1.239611    
      146306   1.247594    
      146307   1.255597    
      146308   1.263618    
      146309   1.271655    
      146310   1.279706    
      146311   1.287770    
      146312   1.295845    
      146313   1.303930    
      146314   1.312025    
      146315   1.320129    
      146316   1.328240    
      146317   1.336358    
      146318   1.344483    
      146319   1.352613    
      146320   1.360749    
      146321   1.368890    
      146322   1.377035    
      146323   1.385184    
      146324   1.393337    
      146325   1.401493    
      146326   1.409652    
      146327   1.417815    
      146328   1.425979    
      146329   1.434147    
      146330   1.442316    
      146331   1.450488    
      146332   1.458661    
      146333   1.466836    
      146334   1.475013    
      146335   1.483191    
      146336   1.491371    
      146337   1.499551    
      146338   1.507733    
      146339   1.515916    
      146340   1.524099    
      146341   1.532284    
      146342   1.540469    
      146343   1.548655    
      146344   1.556841    
      146345   1.565029    
      146346   1.573216    
      146347   1.581404    
      146348   1.589593    
      146349   1.597781    
      146350   1.605971    
      146351   1.614160    
      146352   1.622350    
      146353   1.630540    
      146354   1.638730    
      146355   1.646920    
      146356   1.655111    
      146357   1.663301    
      146358   1.671492    
      146359   1.679683    
      146360   1.687874    
      146361   1.696064    
      146362   1.704256    
      146363   1.712446    
      146364   1.720638    
      146365   1.728829    
      146366   1.737020    
      146367   1.745211    
      146368   1.753402    
      146369   1.761594    
      146370   1.769785    
      146371   1.777976    
      146372   1.786167    
      146373   1.794358    
      146374   1.802550    
      146375   1.810741    
      146376   1.818933    
      146377   1.827124    
      146378   1.835315    
      146379   1.843506    
      146380   1.851697    
      146381   1.859889    
