      135801   1.868241    
      135802   1.860171    
      135803   1.852103    
      135804   1.844035    
      135805   1.835969    
      135806   1.827903    
      135807   1.819839    
      135808   1.811775    
      135809   1.803714    
      135810   1.795653    
      135811   1.787594    
      135812   1.779536    
      135813   1.771481    
      135814   1.763427    
      135815   1.755375    
      135816   1.747326    
      135817   1.739278    
      135818   1.731233    
      135819   1.723191    
      135820   1.715151    
      135821   1.707115    
      135822   1.699081    
      135823   1.691051    
      135824   1.683024    
      135825   1.675001    
      135826   1.666982    
      135827   1.658967    
      135828   1.650957    
      135829   1.642951    
      135830   1.634951    
      135831   1.626956    
      135832   1.618966    
      135833   1.610983    
      135834   1.603006    
      135835   1.595036    
      135836   1.587073    
      135837   1.579118    
      135838   1.571172    
      135839   1.563234    
      135840   1.555306    
      135841   1.547388    
      135842   1.539481    
      135843   1.531586    
      135844   1.523703    
      135845   1.515834    
      135846   1.507980    
      135847   1.500141    
      135848   1.492319    
      135849   1.484516    
      135850   1.476732    
      135851   1.468970    
      135852   1.461231    
      135853   1.453517    
      135854   1.445831    
      135855   1.438175    
      135856   1.430552    
      135857   1.422966    
      135858   1.415420    
      135859   1.407920    
      135860   1.400471    
      135861   1.393078    
      135862   1.385745    
      135863   1.378471    
      135864   1.371255    
      135865   1.364095    
      135866   1.356987    
      135867   1.349927    
      135868   1.342911    
      135869   1.335935    
      135870   1.328992    
      135871   1.322081    
      135872   1.315202    
      135873   1.308354    
      135874   1.301542    
      135875   1.294769    
      135876   1.288040    
      135877   1.281361    
      135878   1.274734    
      135879   1.268166    
      135880   1.261659    
      135881   1.255215    
      135882   1.248831    
      135883   1.242506    
      135884   1.236237    
      135885   1.230016    
      135886   1.223833    
      135887   1.217671    
      135888   1.211497    
      135889   1.205252    
      135890   1.198835    
      135891   1.192089    
      135892   1.184882    
      135893   1.177274    
      135894   1.169430    
      135895   1.161469    
      135896   1.153454    
      135897   1.145415    
      135898   1.137364    
      135899   1.129308    
      135900   1.121249    
      135901   1.113189    
      135902   1.105129    
      135903   1.097070    
      135904   1.089011    
      135905   1.080954    
      135906   1.072899    
      135907   1.064846    
      135908   1.056796    
      135909   1.048749    
      135910   1.040706    
      135911   1.032666    
      135912   1.024632    
      135913   1.016602    
      135914   1.008577    
      135915   1.000558    
      135916  0.9925452    
      135917  0.9845392    
      135918  0.9765401    
      135919  0.9685487    
      135920  0.9605655    
      135921  0.9525911    
      135922  0.9446260    
      135923  0.9366712    
      135924  0.9287271    
      135925  0.9207948    
      135926  0.9128753    
      135927  0.9049694    
      135928  0.8970783    
      135929  0.8892033    
      135930  0.8813457    
      135931  0.8735073    
      135932  0.8656895    
      135933  0.8578945    
      135934  0.8501241    
      135935  0.8423805    
      135936  0.8346665    
      135937  0.8269851    
      135938  0.8193401    
      135939  0.8117355    
      135940  0.8041761    
      135941  0.7966678    
      135942  0.7892167    
      135943  0.7818286    
      135944  0.7745066    
      135945  0.7672508    
      135946  0.7600595    
      135947  0.7529293    
      135948  0.7458514    
      135949  0.7388060    
      135950  0.7317569    
      135951  0.7246404    
      135952  0.7173630    
      135953  0.7098448    
      135954  0.7021024    
      135955  0.6942201    
      135956  0.6862642    
      135957  0.6782721    
      135958  0.6702631    
      135959  0.6622466    
      135960  0.6542276    
      135961  0.6462086    
      135962  0.6381913    
      135963  0.6301768    
      135964  0.6221660    
      135965  0.6141598    
      135966  0.6061592    
      135967  0.5981650    
      135968  0.5901787    
      135969  0.5822015    
      135970  0.5742349    
      135971  0.5662802    
      135972  0.5583391    
      135973  0.5504129    
      135974  0.5425032    
      135975  0.5346119    
      135976  0.5267409    
      135977  0.5188923    
      135978  0.5110687    
      135979  0.5032728    
      135980  0.4955075    
      135981  0.4877765    
      135982  0.4800842    
      135983  0.4724356    
      135984  0.4648370    
      135985  0.4572960    
      135986  0.4498208    
      135987  0.4424203    
      135988  0.4351007    
      135989  0.4278654    
      135990  0.4207175    
      135991  0.4136613    
      135992  0.4067017    
      135993  0.3998428    
      135994  0.3930861    
      135995  0.3864288    
      135996  0.3798588    
      135997  0.3733463    
      135998  0.3668405    
      135999  0.3602580    
      136000  0.3534639    
      136001  0.3462907    
      136002  0.3386942    
      136003  0.3307920    
      136004  0.3227164    
      136005  0.3145515    
      136006  0.3063433    
      136007  0.2981139    
      136008  0.2898742    
      136009  0.2816288    
      136010  0.2733798    
      136011  0.2651277    
      136012  0.2568725    
      136013  0.2486141    
      136014  0.2403525    
      136015  0.2320878    
      136016  0.2238200    
      136017  0.2155495    
      136018  0.2072766    
      136019  0.1990014    
      136020  0.1907245    
      136021  0.1824462    
      136022  0.1741670    
      136023  0.1658873    
      136024  0.1576073    
      136025  0.1493272    
      136026  0.1410473    
      136027  0.1327678    
      136028  0.1244889    
      136029  0.1162111    
      136030  0.1079345    
      136031  9.9659741E-02
      136032  9.1387376E-02
      136033  8.3118334E-02
      136034  7.4854121E-02
      136035  6.6597328E-02
      136036  5.8353014E-02
      136037  5.0131746E-02
      136038  4.1957155E-02
      136039  3.3884600E-02
      136040  2.6047913E-02
      136041  1.8774636E-02
      136042  1.2862674E-02
      136043  1.0157411E-02
      136044  1.2862665E-02
      136045  1.8774614E-02
      136046  2.6047871E-02
      136047  3.3884533E-02
      136048  4.1957039E-02
      136049  5.0131556E-02
      136050  5.8352716E-02
      136051  6.6596881E-02
      136052  7.4853450E-02
      136053  8.3117381E-02
      136054  9.1386050E-02
      136055  9.9657975E-02
      136056  0.1079322    
      136057  0.1162082    
      136058  0.1244855    
      136059  0.1327638    
      136060  0.1410428    
      136061  0.1493223    
      136062  0.1576021    
      136063  0.1658823    
      136064  0.1741626    
      136065  0.1824430    
      136066  0.1907236    
      136067  0.1990042    
      136068  0.2072849    
      136069  0.2155657    
      136070  0.2238464    
      136071  0.2321272    
      136072  0.2404079    
      136073  0.2486887    
      136074  0.2569694    
      136075  0.2652501    
      136076  0.2735307    
      136077  0.2818114    
      136078  0.2900919    
      136079  0.2983724    
      136080  0.3066529    
      136081  0.3149333    
      136082  0.3232136    
      136083  0.3314938    
      136084  0.3397739    
      136085  0.3480539    
      136086  0.3563337    
      136087  0.3646134    
      136088  0.3728930    
      136089  0.3811724    
      136090  0.3894514    
      136091  0.3977301    
      136092  0.4060082    
      136093  0.4142856    
      136094  0.4225617    
      136095  0.4308361    
      136096  0.4391077    
      136097  0.4473748    
      136098  0.4556350    
      136099  0.4638836    
      136100  0.4721133    
      136101  0.4803117    
      136102  0.4884571    
      136103  0.4965129    
      136104  0.5044302    
      136105  0.5121994    
      136106  0.5198376    
      136107  0.5273536    
      136108  0.5347369    
      136109  0.5419523    
      136110  0.5489348    
      136111  0.5555905    
      136112  0.5618302    
      136113  0.5676479    
      136114  0.5731397    
      136115  0.5784347    
      136116  0.5836497    
      136117  0.5888773    
      136118  0.5941839    
      136119  0.5996097    
      136120  0.6051745    
      136121  0.6108856    
      136122  0.6167423    
      136123  0.6227384    
      136124  0.6288636    
      136125  0.6351085    
      136126  0.6414664    
      136127  0.6479295    
      136128  0.6544902    
      136129  0.6611418    
      136130  0.6678791    
      136131  0.6746987    
      136132  0.6815977    
      136133  0.6885738    
      136134  0.6956257    
      136135  0.7027528    
      136136  0.7099555    
      136137  0.7172363    
      136138  0.7245988    
      136139  0.7320431    
      136140  0.7395631    
      136141  0.7471491    
      136142  0.7547931    
      136143  0.7624899    
      136144  0.7702349    
      136145  0.7780241    
      136146  0.7858534    
      136147  0.7937185    
      136148  0.8016155    
      136149  0.8095407    
      136150  0.8174912    
      136151  0.8254641    
      136152  0.8334569    
      136153  0.8414676    
      136154  0.8494942    
      136155  0.8575349    
      136156  0.8655885    
      136157  0.8736537    
      136158  0.8817292    
      136159  0.8898140    
      136160  0.8979073    
      136161  0.9060081    
      136162  0.9141158    
      136163  0.9222297    
      136164  0.9303489    
      136165  0.9384729    
      136166  0.9466010    
      136167  0.9547322    
      136168  0.9628657    
      136169  0.9710001    
      136170  0.9791340    
      136171  0.9872650    
      136172  0.9953898    
      136173   1.003504    
      136174   1.011600    
      136175   1.019669    
      136176   1.027695    
      136177   1.035658    
      136178   1.043529    
      136179   1.051274    
      136180   1.058853    
      136181   1.066219    
      136182   1.073334    
      136183   1.080181    
      136184   1.086787    
      136185   1.093212    
      136186   1.099522    
      136187   1.105768    
      136188   1.111980    
      136189   1.118174    
      136190   1.124358    
      136191   1.130537    
      136192   1.136714    
      136193   1.142893    
      136194   1.149079    
      136195   1.155280    
      136196   1.161507    
      136197   1.167774    
      136198   1.174094    
      136199   1.180479    
      136200   1.186936    
      136201   1.193471    
      136202   1.200088    
      136203   1.206788    
      136204   1.213570    
      136205   1.220433    
      136206   1.227374    
      136207   1.234389    
      136208   1.241473    
      136209   1.248626    
      136210   1.255845    
      136211   1.263132    
      136212   1.270489    
      136213   1.277915    
      136214   1.285408    
      136215   1.292965    
      136216   1.300579    
      136217   1.308245    
      136218   1.315960    
      136219   1.323720    
      136220   1.331523    
      136221   1.339365    
      136222   1.347241    
      136223   1.355149    
      136224   1.363085    
      136225   1.371046    
      136226   1.379029    
      136227   1.387032    
      136228   1.395053    
      136229   1.403090    
      136230   1.411141    
      136231   1.419204    
      136232   1.427279    
      136233   1.435365    
      136234   1.443460    
      136235   1.451564    
      136236   1.459675    
      136237   1.467793    
      136238   1.475917    
      136239   1.484048    
      136240   1.492184    
      136241   1.500324    
      136242   1.508469    
      136243   1.516618    
      136244   1.524771    
      136245   1.532928    
      136246   1.541087    
      136247   1.549249    
      136248   1.557414    
      136249   1.565581    
      136250   1.573751    
      136251   1.581923    
      136252   1.590096    
      136253   1.598271    
      136254   1.606447    
      136255   1.614626    
      136256   1.622805    
      136257   1.630986    
      136258   1.639168    
      136259   1.647351    
      136260   1.655534    
      136261   1.663719    
      136262   1.671904    
      136263   1.680090    
      136264   1.688276    
      136265   1.696463    
      136266   1.704651    
      136267   1.712839    
      136268   1.721028    
      136269   1.729216    
      136270   1.737405    
      136271   1.745595    
      136272   1.753784    
      136273   1.761974    
      136274   1.770164    
      136275   1.778355    
      136276   1.786545    
      136277   1.794736    
      136278   1.802927    
      136279   1.811117    
      136280   1.819308    
      136281   1.827499    
      136282   1.835690    
      136283   1.843881    
      136284   1.852072    
      136285   1.860264    
      136286   1.868455    
      136287   1.876646    
      136288   1.884838    
      136289   1.893029    
      136290   1.901220    
      136291   1.909411    
      136292   1.917603    
      136293   1.925794    
      136294   1.933985    
      136295   1.942177    
      136296   1.950368    
      136297   1.958559    
      136298   1.966750    
      136299   1.974942    
      136300   1.983133    
      136301   1.991324    
