      216547   2.118338    
      216548   2.110281    
      216549   2.102228    
      216550   2.094178    
      216551   2.086131    
      216552   2.078089    
      216553   2.070052    
      216554   2.062020    
      216555   2.053993    
      216556   2.045973    
      216557   2.037959    
      216558   2.029952    
      216559   2.021952    
      216560   2.013961    
      216561   2.005978    
      216562   1.998004    
      216563   1.990040    
      216564   1.982086    
      216565   1.974144    
      216566   1.966215    
      216567   1.958299    
      216568   1.950398    
      216569   1.942512    
      216570   1.934644    
      216571   1.926794    
      216572   1.918965    
      216573   1.911157    
      216574   1.903375    
      216575   1.895619    
      216576   1.887893    
      216577   1.880199    
      216578   1.872541    
      216579   1.864923    
      216580   1.857350    
      216581   1.849827    
      216582   1.842361    
      216583   1.834957    
      216584   1.827619    
      216585   1.820348    
      216586   1.813142    
      216587   1.805998    
      216588   1.798906    
      216589   1.791848    
      216590   1.784789    
      216591   1.777669    
      216592   1.770397    
      216593   1.762891    
      216594   1.755160    
      216595   1.747285    
      216596   1.739335    
      216597   1.731348    
      216598   1.723342    
      216599   1.715329    
      216600   1.707313    
      216601   1.699296    
      216602   1.691281    
      216603   1.683269    
      216604   1.675261    
      216605   1.667257    
      216606   1.659259    
      216607   1.651267    
      216608   1.643284    
      216609   1.635309    
      216610   1.627345    
      216611   1.619393    
      216612   1.611455    
      216613   1.603532    
      216614   1.595625    
      216615   1.587737    
      216616   1.579870    
      216617   1.572025    
      216618   1.564206    
      216619   1.556414    
      216620   1.548654    
      216621   1.540928    
      216622   1.533242    
      216623   1.525600    
      216624   1.518010    
      216625   1.510478    
      216626   1.503014    
      216627   1.495626    
      216628   1.488320    
      216629   1.481100    
      216630   1.473969    
      216631   1.466932    
      216632   1.459996    
      216633   1.453164    
      216634   1.446442    
      216635   1.439831    
      216636   1.433330    
      216637   1.426934    
      216638   1.420638    
      216639   1.414438    
      216640   1.408326    
      216641   1.402294    
      216642   1.396334    
      216643   1.390436    
      216644   1.384592    
      216645   1.378780    
      216646   1.372960    
      216647   1.367042    
      216648   1.360885    
      216649   1.354318    
      216650   1.347308    
      216651   1.339980    
      216652   1.332473    
      216653   1.324871    
      216654   1.317218    
      216655   1.309541    
      216656   1.301852    
      216657   1.294162    
      216658   1.286476    
      216659   1.278800    
      216660   1.271138    
      216661   1.263493    
      216662   1.255869    
      216663   1.248268    
      216664   1.240694    
      216665   1.233151    
      216666   1.225641    
      216667   1.218170    
      216668   1.210741    
      216669   1.203360    
      216670   1.196031    
      216671   1.188758    
      216672   1.181543    
      216673   1.174388    
      216674   1.167294    
      216675   1.160265    
      216676   1.153304    
      216677   1.146415    
      216678   1.139603    
      216679   1.132870    
      216680   1.126221    
      216681   1.119657    
      216682   1.113181    
      216683   1.106792    
      216684   1.100489    
      216685   1.094271    
      216686   1.088125    
      216687   1.082016    
      216688   1.075872    
      216689   1.069559    
      216690   1.062863    
      216691   1.055612    
      216692   1.047913    
      216693   1.039967    
      216694   1.031903    
      216695   1.023786    
      216696   1.015647    
      216697   1.007499    
      216698  0.9993485    
      216699  0.9911972    
      216700  0.9830466    
      216701  0.9748971    
      216702  0.9667492    
      216703  0.9586030    
      216704  0.9504586    
      216705  0.9423165    
      216706  0.9341768    
      216707  0.9260397    
      216708  0.9179053    
      216709  0.9097741    
      216710  0.9016464    
      216711  0.8935223    
      216712  0.8854024    
      216713  0.8772871    
      216714  0.8691767    
      216715  0.8610716    
      216716  0.8529723    
      216717  0.8448795    
      216718  0.8367937    
      216719  0.8287154    
      216720  0.8206456    
      216721  0.8125851    
      216722  0.8045346    
      216723  0.7964952    
      216724  0.7884681    
      216725  0.7804545    
      216726  0.7724557    
      216727  0.7644732    
      216728  0.7565088    
      216729  0.7485645    
      216730  0.7406421    
      216731  0.7327442    
      216732  0.7248731    
      216733  0.7170317    
      216734  0.7092227    
      216735  0.7014493    
      216736  0.6937143    
      216737  0.6860210    
      216738  0.6783729    
      216739  0.6707731    
      216740  0.6632254    
      216741  0.6557329    
      216742  0.6482981    
      216743  0.6409228    
      216744  0.6336083    
      216745  0.6263567    
      216746  0.6191710    
      216747  0.6120552    
      216748  0.6050150    
      216749  0.5980583    
      216750  0.5911950    
      216751  0.5844367    
      216752  0.5777963    
      216753  0.5712869    
      216754  0.5649193    
      216755  0.5586984    
      216756  0.5526211    
      216757  0.5466784    
      216758  0.5408517    
      216759  0.5351152    
      216760  0.5294353    
      216761  0.5237667    
      216762  0.5180470    
      216763  0.5121843    
      216764  0.5060522    
      216765  0.4995030    
      216766  0.4924709    
      216767  0.4850371    
      216768  0.4773352    
      216769  0.4694687    
      216770  0.4614993    
      216771  0.4534614    
      216772  0.4453750    
      216773  0.4372524    
      216774  0.4291021    
      216775  0.4209310    
      216776  0.4127450    
      216777  0.4045489    
      216778  0.3963461    
      216779  0.3881391    
      216780  0.3799296    
      216781  0.3717187    
      216782  0.3635073    
      216783  0.3552960    
      216784  0.3470852    
      216785  0.3388753    
      216786  0.3306666    
      216787  0.3224594    
      216788  0.3142540    
      216789  0.3060504    
      216790  0.2978491    
      216791  0.2896504    
      216792  0.2814545    
      216793  0.2732617    
      216794  0.2650724    
      216795  0.2568870    
      216796  0.2487061    
      216797  0.2405301    
      216798  0.2323596    
      216799  0.2241953    
      216800  0.2160381    
      216801  0.2078888    
      216802  0.1997484    
      216803  0.1916180    
      216804  0.1834991    
      216805  0.1753929    
      216806  0.1673010    
      216807  0.1592248    
      216808  0.1511658    
      216809  0.1431247    
      216810  0.1351022    
      216811  0.1270975    
      216812  0.1191088    
      216813  0.1111318    
      216814  0.1031602    
      216815  9.5186144E-02
      216816  8.7203853E-02
      216817  7.9215191E-02
      216818  7.1232654E-02
      216819  6.3277103E-02
      216820  5.5366203E-02
      216821  4.7511853E-02
      216822  3.9731324E-02
      216823  3.2067560E-02
      216824  2.4637200E-02
      216825  1.7744794E-02
      216826  1.2144881E-02
      216827  9.5806234E-03
      216828  1.2122473E-02
      216829  1.7687242E-02
      216830  2.4522508E-02
      216831  3.1863809E-02
      216832  3.9395362E-02
      216833  4.6987951E-02
      216834  5.4581173E-02
      216835  6.2127560E-02
      216836  6.9570765E-02
      216837  7.6872066E-02
      216838  8.4034003E-02
      216839  9.1091730E-02
      216840  9.8089702E-02
      216841  0.1050678    
      216842  0.1120563    
      216843  0.1190751    
      216844  0.1261344    
      216845  0.1332391    
      216846  0.1403918    
      216847  0.1475913    
      216848  0.1548356    
      216849  0.1621227    
      216850  0.1694526    
      216851  0.1768256    
      216852  0.1842422    
      216853  0.1917022    
      216854  0.1992049    
      216855  0.2067493    
      216856  0.2143337    
      216857  0.2219562    
      216858  0.2296163    
      216859  0.2373136    
      216860  0.2450474    
      216861  0.2528163    
      216862  0.2606185    
      216863  0.2684521    
      216864  0.2763147    
      216865  0.2842040    
      216866  0.2921177    
      216867  0.3000534    
      216868  0.3080094    
      216869  0.3159838    
      216870  0.3239750    
      216871  0.3319815    
      216872  0.3400020    
      216873  0.3480351    
      216874  0.3560798    
      216875  0.3641350    
      216876  0.3722000    
      216877  0.3802738    
      216878  0.3883556    
      216879  0.3964449    
      216880  0.4045410    
      216881  0.4126433    
      216882  0.4207515    
      216883  0.4288648    
      216884  0.4369830    
      216885  0.4451058    
      216886  0.4532326    
      216887  0.4613633    
      216888  0.4694975    
      216889  0.4776349    
      216890  0.4857753    
      216891  0.4939184    
      216892  0.5020642    
      216893  0.5102124    
      216894  0.5183626    
      216895  0.5265149    
      216896  0.5346690    
      216897  0.5428249    
      216898  0.5509823    
      216899  0.5591412    
      216900  0.5673014    
      216901  0.5754628    
      216902  0.5836254    
      216903  0.5917889    
      216904  0.5999535    
      216905  0.6081188    
      216906  0.6162848    
      216907  0.6244516    
      216908  0.6326190    
      216909  0.6407870    
      216910  0.6489555    
      216911  0.6571243    
      216912  0.6652936    
      216913  0.6734630    
      216914  0.6816329    
      216915  0.6898029    
      216916  0.6979731    
      216917  0.7061434    
      216918  0.7143137    
      216919  0.7224841    
      216920  0.7306545    
      216921  0.7388248    
      216922  0.7469952    
      216923  0.7551654    
      216924  0.7633353    
      216925  0.7715052    
      216926  0.7796748    
      216927  0.7878441    
      216928  0.7960132    
      216929  0.8041819    
      216930  0.8123503    
      216931  0.8205183    
      216932  0.8286856    
      216933  0.8368527    
      216934  0.8450193    
      216935  0.8531852    
      216936  0.8613506    
      216937  0.8695155    
      216938  0.8776797    
      216939  0.8858433    
      216940  0.8940061    
      216941  0.9021683    
