       14841  0.2155776    
       14842  0.2072963    
       14843  0.1990150    
       14844  0.1907337    
       14845  0.1824525    
       14846  0.1741712    
       14847  0.1658901    
       14848  0.1576092    
       14849  0.1493285    
       14850  0.1410481    
       14851  0.1327683    
       14852  0.1244893    
       14853  0.1162113    
       14854  0.1079347    
       14855  9.9659875E-02
       14856  9.1387466E-02
       14857  8.3118409E-02
       14858  7.4854165E-02
       14859  6.6597372E-02
       14860  5.8353044E-02
       14861  5.0131764E-02
       14862  4.1957177E-02
       14863  3.3884622E-02
       14864  2.6047930E-02
       14865  1.8774647E-02
       14866  1.2862684E-02
       14867  1.0157422E-02
       14868  1.2862682E-02
       14869  1.8774645E-02
       14870  2.6047925E-02
       14871  3.3884618E-02
       14872  4.1957177E-02
       14873  5.0131768E-02
       14874  5.8353044E-02
       14875  6.6597372E-02
       14876  7.4854173E-02
       14877  8.3118409E-02
       14878  9.1387480E-02
       14879  9.9659875E-02
       14880  0.1079347    
       14881  0.1162113    
       14882  0.1244893    
       14883  0.1327684    
       14884  0.1410481    
       14885  0.1493285    
       14886  0.1576092    
       14887  0.1658901    
       14888  0.1741712    
       14889  0.1824525    
       14890  0.1907337    
       14891  0.1990150    
       14892  0.2072963    
       14893  0.2155775    
       14894  0.2238588    
       14895  0.2321400    
       14896  0.2404211    
       14897  0.2487021    
       14898  0.2569832    
       14899  0.2652641    
       14900  0.2735449    
       14901  0.2818258    
       14902  0.2901065    
       14903  0.2983871    
       14904  0.3066677    
       14905  0.3149481    
       14906  0.3232285    
       14907  0.3315088    
       14908  0.3397891    
       14909  0.3480692    
       14910  0.3563492    
       14911  0.3646291    
       14912  0.3729089    
       14913  0.3811885    
       14914  0.3894680    
       14915  0.3977472    
       14916  0.4060263    
       14917  0.4143051    
       14918  0.4225835    
       14919  0.4308616    
       14920  0.4391393    
       14921  0.4474167    
       14922  0.4556937    
       14923  0.4639704    
       14924  0.4722468    
       14925  0.4805226    
       14926  0.4887980    
       14927  0.4970728    
       14928  0.5053471    
       14929  0.5136206    
       14930  0.5218932    
       14931  0.5301645    
       14932  0.5384338    
       14933  0.5466989    
       14934  0.5549563    
       14935  0.5632006    
       14936  0.5714196    
       14937  0.5795865    
       14938  0.5876464    
       14939  0.5954930    
       14940  0.6029522    
       14941  0.6098883    
       14942  0.6163986    
       14943  0.6226688    
       14944  0.6288332    
       14945  0.6349708    
       14946  0.6411285    
       14947  0.6473308    
       14948  0.6535892    
       14949  0.6599092    
       14950  0.6662928    
       14951  0.6727417    
       14952  0.6792580    
       14953  0.6858431    
       14954  0.6924970    
       14955  0.6992196    
       14956  0.7060111    
       14957  0.7128718    
       14958  0.7198023    
       14959  0.7268022    
       14960  0.7338711    
       14961  0.7410086    
       14962  0.7482158    
       14963  0.7554946    
       14964  0.7628447    
       14965  0.7702599    
       14966  0.7777318    
       14967  0.7852533    
       14968  0.7928192    
       14969  0.8004252    
       14970  0.8080678    
       14971  0.8157438    
       14972  0.8234503    
       14973  0.8311849    
       14974  0.8389452    
       14975  0.8467290    
       14976  0.8545346    
       14977  0.8623602    
       14978  0.8702043    
       14979  0.8780655    
       14980  0.8859423    
       14981  0.8938337    
       14982  0.9017385    
       14983  0.9096558    
       14984  0.9175848    
       14985  0.9255244    
       14986  0.9334740    
       14987  0.9414330    
       14988  0.9494007    
       14989  0.9573766    
       14990  0.9653599    
       14991  0.9733502    
       14992  0.9813467    
       14993  0.9893491    
       14994  0.9973567    
       14995   1.005368    
       14996   1.013384    
       14997   1.021403    
       14998   1.029423    
       14999   1.037446    
       15000   1.045469    
       15001   1.053492    
       15002   1.061514    
       15003   1.069534    
       15004   1.077550    
       15005   1.085559    
       15006   1.093553    
       15007   1.101519    
       15008   1.109426    
       15009   1.117218    
       15010   1.124799    
       15011   1.132093    
       15012   1.139138    
       15013   1.146049    
       15014   1.152926    
       15015   1.159827    
       15016   1.166783    
       15017   1.173810    
       15018   1.180914    
       15019   1.188098    
       15020   1.195365    
       15021   1.202713    
       15022   1.210136    
       15023   1.217621    
       15024   1.225158    
       15025   1.232743    
       15026   1.240369    
       15027   1.248033    
       15028   1.255732    
       15029   1.263461    
       15030   1.271220    
       15031   1.279004    
       15032   1.286811    
       15033   1.294639    
       15034   1.302485    
       15035   1.310347    
       15036   1.318223    
       15037   1.326108    
       15038   1.334000    
       15039   1.341894    
       15040   1.349788    
       15041   1.357676    
       15042   1.365551    
       15043   1.373406    
       15044   1.381221    
       15045   1.388964    
       15046   1.396574    
       15047   1.403945    
       15048   1.410959    
       15049   1.417593    
       15050   1.423963    
       15051   1.430201    
       15052   1.436394    
       15053   1.442595    
       15054   1.448830    
       15055   1.455117    
       15056   1.461466    
       15057   1.467883    
       15058   1.474376    
       15059   1.480950    
       15060   1.487605    
       15061   1.494342    
       15062   1.501158    
       15063   1.508050    
       15064   1.515014    
       15065   1.522049    
       15066   1.529153    
       15067   1.536325    
       15068   1.543567    
       15069   1.550880    
       15070   1.558263    
       15071   1.565711    
       15072   1.573214    
       15073   1.580765    
       15074   1.588361    
       15075   1.595999    
       15076   1.603674    
       15077   1.611384    
       15078   1.619127    
       15079   1.626900    
       15080   1.634700    
       15081   1.642526    
       15082   1.650374    
       15083   1.658244    
       15084   1.666133    
       15085   1.674040    
       15086   1.681964    
       15087   1.689902    
       15088   1.697853    
       15089   1.705818    
       15090   1.713794    
       15091   1.721781    
       15092   1.729778    
       15093   1.737784    
       15094   1.745798    
       15095   1.753820    
       15096   1.761849    
       15097   1.769884    
       15098   1.777925    
       15099   1.785972    
       15100   1.794024    
       15101   1.802081    
       15102   1.810141    
       15103   1.818206    
       15104   1.826274    
       15105   1.834345    
       15106   1.842419    
       15107   1.850495    
       15108   1.858574    
       15109   1.866654    
       15110   1.874736    
       15111   1.882818    
       15112   1.890901    
       15113   1.898985    
       15114   1.907067    
       15115   1.915148    
       15116   1.923227    
       15117   1.931301    
       15118   1.939368    
       15119   1.947422    
       15120   1.955457    
       15121   1.963460    
       15122   1.971418    
       15123   1.979322    
       15124   1.987178    
       15125   1.995003    
       15126   2.002811    
       15127   2.010613    
       15128   2.018416    
       15129   2.026224    
       15130   2.034041    
       15131   2.041868    
       15132   2.049706    
       15133   2.057556    
       15134   2.065417    
       15135   2.073288    
       15136   2.081171    
       15137   2.089063    
       15138   2.096963    
       15139   2.104872    
       15140   2.112787    
       15141   2.120707    
       15142   2.128628    
       15143   2.136548    
       15144   2.144459    
       15145   2.152350    
       15146   2.160203    
       15147   2.167977    
