       61881  0.8821471    
       61882  0.8740787    
       61883  0.8660113    
       61884  0.8579448    
       61885  0.8498794    
       61886  0.8418150    
       61887  0.8337518    
       61888  0.8256899    
       61889  0.8176293    
       61890  0.8095701    
       61891  0.8015126    
       61892  0.7934568    
       61893  0.7854028    
       61894  0.7773507    
       61895  0.7693006    
       61896  0.7612528    
       61897  0.7532074    
       61898  0.7451644    
       61899  0.7371241    
       61900  0.7290866    
       61901  0.7210521    
       61902  0.7130208    
       61903  0.7049929    
       61904  0.6969686    
       61905  0.6889482    
       61906  0.6809317    
       61907  0.6729196    
       61908  0.6649121    
       61909  0.6569095    
       61910  0.6489121    
       61911  0.6409201    
       61912  0.6329340    
       61913  0.6249541    
       61914  0.6169809    
       61915  0.6090146    
       61916  0.6010559    
       61917  0.5931051    
       61918  0.5851628    
       61919  0.5772296    
       61920  0.5693061    
       61921  0.5613930    
       61922  0.5534908    
       61923  0.5456005    
       61924  0.5377229    
       61925  0.5298590    
       61926  0.5220098    
       61927  0.5141765    
       61928  0.5063602    
       61929  0.4985623    
       61930  0.4907842    
       61931  0.4830274    
       61932  0.4752937    
       61933  0.4675851    
       61934  0.4599039    
       61935  0.4522524    
       61936  0.4446337    
       61937  0.4370508    
       61938  0.4295077    
       61939  0.4220085    
       61940  0.4145573    
       61941  0.4071562    
       61942  0.3998019    
       61943  0.3924841    
       61944  0.3851851    
       61945  0.3778750    
       61946  0.3705067    
       61947  0.3630164    
       61948  0.3553341    
       61949  0.3474395    
       61950  0.3393880    
       61951  0.3312399    
       61952  0.3230351    
       61953  0.3147976    
       61954  0.3065416    
       61955  0.2982753    
       61956  0.2900031    
       61957  0.2817277    
       61958  0.2734507    
       61959  0.2651727    
       61960  0.2568942    
       61961  0.2486156    
       61962  0.2403368    
       61963  0.2320580    
       61964  0.2237793    
       61965  0.2155007    
       61966  0.2072223    
       61967  0.1989441    
       61968  0.1906662    
       61969  0.1823886    
       61970  0.1741113    
       61971  0.1658343    
       61972  0.1575576    
       61973  0.1492812    
       61974  0.1410052    
       61975  0.1327298    
       61976  0.1244549    
       61977  0.1161810    
       61978  0.1079083    
       61979  9.9637181E-02
       61980  9.1368273E-02
       61981  8.3102413E-02
       61982  7.4841067E-02
       61983  6.6586852E-02
       61984  5.8344804E-02
       61985  5.0125487E-02
       61986  4.1952558E-02
       61987  3.3881381E-02
       61988  2.6045797E-02
       61989  1.8773351E-02
       61990  1.2861950E-02
       61991  1.0156979E-02
       61992  1.2862285E-02
       61993  1.8774193E-02
       61994  2.6047401E-02
       61995  3.3884030E-02
       61996  4.1956540E-02
       61997  5.0131097E-02
       61998  5.8352344E-02
       61999  6.6596650E-02
       62000  7.4853435E-02
       62001  8.3117664E-02
       62002  9.1386713E-02
       62003  9.9659115E-02
       62004  0.1079339    
       62005  0.1162106    
       62006  0.1244886    
       62007  0.1327676    
       62008  0.1410474    
       62009  0.1493277    
       62010  0.1576084    
       62011  0.1658893    
       62012  0.1741704    
       62013  0.1824517    
       62014  0.1907329    
       62015  0.1990142    
       62016  0.2072955    
       62017  0.2155767    
       62018  0.2238579    
       62019  0.2321391    
       62020  0.2404202    
       62021  0.2487013    
       62022  0.2569822    
       62023  0.2652631    
       62024  0.2735440    
       62025  0.2818247    
       62026  0.2901054    
       62027  0.2983860    
       62028  0.3066664    
       62029  0.3149467    
       62030  0.3232269    
       62031  0.3315068    
       62032  0.3397865    
       62033  0.3480659    
       62034  0.3563448    
       62035  0.3646231    
       62036  0.3729006    
       62037  0.3811772    
       62038  0.3894528    
       62039  0.3977273    
       62040  0.4060011    
       62041  0.4142740    
       62042  0.4225462    
       62043  0.4308180    
       62044  0.4390895    
       62045  0.4473612    
       62046  0.4556330    
       62047  0.4639050    
       62048  0.4721771    
       62049  0.4804486    
       62050  0.4887185    
       62051  0.4969849    
       62052  0.5052443    
       62053  0.5134906    
       62054  0.5217124    
       62055  0.5298895    
       62056  0.5379871    
       62057  0.5459505    
       62058  0.5537258    
       62059  0.5613422    
       62060  0.5688732    
       62061  0.5763782    
       62062  0.5838913    
       62063  0.5914277    
       62064  0.5989951    
       62065  0.6065973    
       62066  0.6142364    
       62067  0.6219114    
       62068  0.6296203    
       62069  0.6373603    
       62070  0.6451287    
       62071  0.6529229    
       62072  0.6607405    
       62073  0.6685791    
       62074  0.6764362    
       62075  0.6843091    
       62076  0.6921953    
       62077  0.7000917    
       62078  0.7079949    
       62079  0.7159014    
       62080  0.7238073    
       62081  0.7317081    
       62082  0.7395982    
       62083  0.7474686    
       62084  0.7553034    
       62085  0.7630726    
       62086  0.7707184    
       62087  0.7781405    
       62088  0.7852149    
       62089  0.7919012    
       62090  0.7983052    
       62091  0.8045629    
       62092  0.8107671    
       62093  0.8169736    
       62094  0.8232129    
       62095  0.8295025    
       62096  0.8358533    
       62097  0.8422726    
       62098  0.8487674    
       62099  0.8553421    
       62100  0.8619986    
       62101  0.8687361    
       62102  0.8755528    
       62103  0.8824455    
       62104  0.8894109    
       62105  0.8964465    
       62106  0.9035507    
       62107  0.9107233    
       62108  0.9179655    
       62109  0.9252791    
       62110  0.9326631    
       62111  0.9401112    
       62112  0.9476143    
       62113  0.9551660    
       62114  0.9627622    
       62115  0.9703996    
       62116  0.9780749    
       62117  0.9857854    
       62118  0.9935284    
       62119   1.001301    
       62120   1.009102    
       62121   1.016927    
       62122   1.024776    
       62123   1.032646    
       62124   1.040535    
       62125   1.048442    
       62126   1.056365    
       62127   1.064304    
       62128   1.072255    
       62129   1.080220    
       62130   1.088196    
       62131   1.096183    
       62132   1.104180    
       62133   1.112185    
       62134   1.120200    
       62135   1.128222    
       62136   1.136250    
       62137   1.144286    
       62138   1.152327    
       62139   1.160374    
       62140   1.168427    
       62141   1.176483    
       62142   1.184544    
       62143   1.192608    
       62144   1.200676    
       62145   1.208748    
       62146   1.216821    
       62147   1.224896    
       62148   1.232972    
       62149   1.241045    
       62150   1.249108    
       62151   1.257147    
       62152   1.265128    
       62153   1.272983    
       62154   1.280587    
       62155   1.287785    
       62156   1.294564    
       62157   1.301085    
       62158   1.307493    
       62159   1.313878    
       62160   1.320283    
       62161   1.326730    
       62162   1.333228    
       62163   1.339777    
       62164   1.346380    
       62165   1.353034    
       62166   1.359741    
       62167   1.366500    
       62168   1.373311    
       62169   1.380174    
       62170   1.387088    
       62171   1.394052    
       62172   1.401067    
       62173   1.408133    
       62174   1.415250    
       62175   1.422419    
       62176   1.429642    
       62177   1.436916    
       62178   1.444237    
       62179   1.451598    
       62180   1.458993    
       62181   1.466418    
       62182   1.473865    
       62183   1.481329    
       62184   1.488799    
       62185   1.496265    
       62186   1.503709    
       62187   1.511106    
       62188   1.518420    
       62189   1.525600    
       62190   1.532569    
       62191   1.539227    
       62192   1.545477    
       62193   1.551306    
       62194   1.556805    
       62195   1.562106    
       62196   1.567324    
       62197   1.572555    
       62198   1.577864    
       62199   1.583292    
       62200   1.588855    
       62201   1.594564    
       62202   1.600420    
       62203   1.606415    
       62204   1.612540    
       62205   1.618784    
       62206   1.625142    
       62207   1.631605    
       62208   1.638166    
       62209   1.644817    
       62210   1.651555    
       62211   1.658375    
       62212   1.665273    
       62213   1.672249    
       62214   1.679301    
       62215   1.686428    
       62216   1.693631    
       62217   1.700912    
       62218   1.708274    
       62219   1.715718    
       62220   1.723238    
       62221   1.730824    
       62222   1.738468    
       62223   1.746164    
       62224   1.753909    
       62225   1.761699    
       62226   1.769528    
       62227   1.777393    
       62228   1.785290    
       62229   1.793215    
       62230   1.801166    
       62231   1.809139    
       62232   1.817132    
       62233   1.825142    
       62234   1.833169    
       62235   1.841210    
       62236   1.849263    
       62237   1.857328    
       62238   1.865404    
       62239   1.873489    
       62240   1.881582    
       62241   1.889683    
       62242   1.897791    
       62243   1.905905    
       62244   1.914024    
       62245   1.922148    
       62246   1.930276    
       62247   1.938407    
       62248   1.946540    
       62249   1.954675    
       62250   1.962809    
       62251   1.970940    
       62252   1.979065    
       62253   1.987179    
       62254   1.995275    
       62255   2.003344    
       62256   2.011371    
       62257   2.019333    
       62258   2.027204    
       62259   2.034949    
       62260   2.042528    
       62261   2.049895    
       62262   2.057009    
       62263   2.063857    
       62264   2.070462    
       62265   2.076888    
       62266   2.083198    
       62267   2.089442    
       62268   2.095651    
       62269   2.101837    
       62270   2.108000    
       62271   2.114121    
