      165496   2.148237    
      165497   2.140172    
      165498   2.132108    
      165499   2.124047    
      165500   2.115988    
      165501   2.107932    
      165502   2.099878    
      165503   2.091828    
      165504   2.083781    
      165505   2.075738    
      165506   2.067698    
      165507   2.059662    
      165508   2.051630    
      165509   2.043602    
      165510   2.035579    
      165511   2.027561    
      165512   2.019548    
      165513   2.011541    
      165514   2.003540    
      165515   1.995545    
      165516   1.987556    
      165517   1.979575    
      165518   1.971602    
      165519   1.963636    
      165520   1.955680    
      165521   1.947732    
      165522   1.939795    
      165523   1.931868    
      165524   1.923952    
      165525   1.916049    
      165526   1.908159    
      165527   1.900283    
      165528   1.892422    
      165529   1.884578    
      165530   1.876752    
      165531   1.868944    
      165532   1.861158    
      165533   1.853394    
      165534   1.845654    
      165535   1.837939    
      165536   1.830253    
      165537   1.822596    
      165538   1.814971    
      165539   1.807381    
      165540   1.799826    
      165541   1.792310    
      165542   1.784834    
      165543   1.777400    
      165544   1.770014    
      165545   1.762676    
      165546   1.755387    
      165547   1.748148    
      165548   1.740957    
      165549   1.733812    
      165550   1.726714    
      165551   1.719662    
      165552   1.712656    
      165553   1.705696    
      165554   1.698784    
      165555   1.691921    
      165556   1.685109    
      165557   1.678350    
      165558   1.671647    
      165559   1.665002    
      165560   1.658414    
      165561   1.651883    
      165562   1.645406    
      165563   1.638977    
      165564   1.632591    
      165565   1.626238    
      165566   1.619908    
      165567   1.613575    
      165568   1.607188    
      165569   1.600662    
      165570   1.593865    
      165571   1.586662    
      165572   1.579073    
      165573   1.571242    
      165574   1.563287    
      165575   1.555274    
      165576   1.547233    
      165577   1.539179    
      165578   1.531119    
      165579   1.523055    
      165580   1.514990    
      165581   1.506924    
      165582   1.498857    
      165583   1.490792    
      165584   1.482727    
      165585   1.474663    
      165586   1.466602    
      165587   1.458543    
      165588   1.450486    
      165589   1.442433    
      165590   1.434382    
      165591   1.426336    
      165592   1.418295    
      165593   1.410258    
      165594   1.402225    
      165595   1.394199    
      165596   1.386179    
      165597   1.378165    
      165598   1.370158    
      165599   1.362158    
      165600   1.354166    
      165601   1.346183    
      165602   1.338209    
      165603   1.330245    
      165604   1.322292    
      165605   1.314350    
      165606   1.306421    
      165607   1.298505    
      165608   1.290603    
      165609   1.282717    
      165610   1.274849    
      165611   1.266999    
      165612   1.259170    
      165613   1.251363    
      165614   1.243581    
      165615   1.235825    
      165616   1.228099    
      165617   1.220405    
      165618   1.212746    
      165619   1.205128    
      165620   1.197555    
      165621   1.190032    
      165622   1.182566    
      165623   1.175162    
      165624   1.167824    
      165625   1.160553    
      165626   1.153347    
      165627   1.146202    
      165628   1.139110    
      165629   1.132052    
      165630   1.124993    
      165631   1.117873    
      165632   1.110601    
      165633   1.103096    
      165634   1.095365    
      165635   1.087491    
      165636   1.079541    
      165637   1.071553    
      165638   1.063547    
      165639   1.055534    
      165640   1.047518    
      165641   1.039502    
      165642   1.031487    
      165643   1.023475    
      165644   1.015467    
      165645   1.007463    
      165646  0.9994649    
      165647  0.9914733    
      165648  0.9834896    
      165649  0.9755150    
      165650  0.9675511    
      165651  0.9595993    
      165652  0.9516610    
      165653  0.9437377    
      165654  0.9358312    
      165655  0.9279432    
      165656  0.9200758    
      165657  0.9122310    
      165658  0.9044114    
      165659  0.8966198    
      165660  0.8888594    
      165661  0.8811338    
      165662  0.8734474    
      165663  0.8658056    
      165664  0.8582149    
      165665  0.8506830    
      165666  0.8432185    
      165667  0.8358302    
      165668  0.8285241    
      165669  0.8213037    
      165670  0.8141724    
      165671  0.8071355    
      165672  0.8001985    
      165673  0.7933668    
      165674  0.7866441    
      165675  0.7800324    
      165676  0.7735305    
      165677  0.7671340    
      165678  0.7608378    
      165679  0.7546374    
      165680  0.7485253    
      165681  0.7424927    
      165682  0.7365313    
      165683  0.7306330    
      165684  0.7247874    
      165685  0.7189747    
      165686  0.7131519    
      165687  0.7072315    
      165688  0.7010690    
      165689  0.6944957    
      165690  0.6874784    
      165691  0.6801460    
      165692  0.6726345    
      165693  0.6650280    
      165694  0.6573720    
      165695  0.6496911    
      165696  0.6419995    
      165697  0.6343060    
      165698  0.6266170    
      165699  0.6189375    
      165700  0.6112714    
      165701  0.6036224    
      165702  0.5959938    
      165703  0.5883887    
      165704  0.5808102    
      165705  0.5732614    
      165706  0.5657459    
      165707  0.5582677    
      165708  0.5508313    
      165709  0.5434417    
      165710  0.5361031    
      165711  0.5288184    
      165712  0.5215881    
      165713  0.5144094    
      165714  0.5072734    
      165715  0.5001656    
      165716  0.4930593    
      165717  0.4859059    
      165718  0.4786268    
      165719  0.4711258    
      165720  0.4633495    
      165721  0.4553553    
      165722  0.4472322    
      165723  0.4390359    
      165724  0.4308003    
      165725  0.4225438    
      165726  0.4142764    
      165727  0.4060032    
      165728  0.3977271    
      165729  0.3894494    
      165730  0.3811709    
      165731  0.3728919    
      165732  0.3646128    
      165733  0.3563335    
      165734  0.3480541    
      165735  0.3397748    
      165736  0.3314954    
      165737  0.3232159    
      165738  0.3149364    
      165739  0.3066568    
      165740  0.2983772    
      165741  0.2900975    
      165742  0.2818177    
      165743  0.2735378    
      165744  0.2652577    
      165745  0.2569775    
      165746  0.2486972    
      165747  0.2404167    
      165748  0.2321361    
      165749  0.2238554    
      165750  0.2155745    
      165751  0.2072936    
      165752  0.1990125    
      165753  0.1907314    
      165754  0.1824503    
      165755  0.1741692    
      165756  0.1658882    
      165757  0.1576073    
      165758  0.1493267    
      165759  0.1410464    
      165760  0.1327666    
      165761  0.1244876    
      165762  0.1162096    
      165763  0.1079330    
      165764  9.9658191E-02
      165765  9.1385797E-02
      165766  8.3116755E-02
      165767  7.4852541E-02
      165768  6.6595770E-02
      165769  5.8351487E-02
      165770  5.0130263E-02
      165771  4.1955747E-02
      165772  3.3883292E-02
      165773  2.6046734E-02
      165774  1.8773608E-02
      165775  1.2861756E-02
      165776  1.0156374E-02
      165777  1.2860908E-02
      165778  1.8771462E-02
      165779  2.6042528E-02
      165780  3.3875883E-02
      165781  4.1943427E-02
      165782  5.0110489E-02
      165783  5.8320414E-02
      165784  6.6547737E-02
      165785  7.4779257E-02
      165786  8.3006620E-02
      165787  9.1223285E-02
      165788  9.9423245E-02
      165789  0.1076005    
      165790  0.1157489    
      165791  0.1238617    
      165792  0.1319291    
      165793  0.1399374    
      165794  0.1478669    
      165795  0.1556851    
      165796  0.1633308    
      165797  0.1707104    
      165798  0.1777301    
      165799  0.1843680    
      165800  0.1907195    
      165801  0.1969328    
      165802  0.2031201    
      165803  0.2093488    
      165804  0.2156512    
      165805  0.2220391    
      165806  0.2285153    
      165807  0.2350782    
      165808  0.2417251    
      165809  0.2484521    
      165810  0.2552539    
      165811  0.2621271    
      165812  0.2690707    
      165813  0.2760846    
      165814  0.2831692    
      165815  0.2903251    
      165816  0.2975549    
      165817  0.3048618    
      165818  0.3122497    
      165819  0.3197180    
      165820  0.3272598    
      165821  0.3348660    
      165822  0.3425294    
      165823  0.3502451    
      165824  0.3580084    
      165825  0.3658150    
      165826  0.3736603    
      165827  0.3815401    
      165828  0.3894505    
      165829  0.3973880    
      165830  0.4053494    
      165831  0.4133323    
      165832  0.4213342    
      165833  0.4293532    
      165834  0.4373873    
      165835  0.4454352    
      165836  0.4534952    
      165837  0.4615663    
      165838  0.4696473    
      165839  0.4777373    
      165840  0.4858353    
      165841  0.4939407    
      165842  0.5020527    
      165843  0.5101705    
      165844  0.5182936    
      165845  0.5264212    
      165846  0.5345527    
      165847  0.5426872    
      165848  0.5508238    
      165849  0.5589613    
      165850  0.5670980    
      165851  0.5752317    
      165852  0.5833592    
      165853  0.5914760    
      165854  0.5995750    
      165855  0.6076463    
      165856  0.6156752    
      165857  0.6236407    
      165858  0.6315145    
      165859  0.6392629    
      165860  0.6468451    
      165861  0.6542161    
      165862  0.6613355    
      165863  0.6681877    
      165864  0.6747971    
      165865  0.6812249    
      165866  0.6875372    
      165867  0.6937842    
      165868  0.6999971    
      165869  0.7061918    
      165870  0.7123766    
      165871  0.7185560    
      165872  0.7247334    
      165873  0.7309127    
      165874  0.7370992    
      165875  0.7433006    
      165876  0.7495279    
      165877  0.7557950    
      165878  0.7621157    
      165879  0.7685004    
      165880  0.7749573    
      165881  0.7814925    
      165882  0.7881097    
      165883  0.7948098    
      165884  0.8015922    
      165885  0.8084553    
      165886  0.8153964    
      165887  0.8224111    
      165888  0.8294954    
      165889  0.8366476    
      165890  0.8438673    
      165891  0.8511549    
      165892  0.8585117    
      165893  0.8659379    
      165894  0.8734318    
      165895  0.8809887    
      165896  0.8886032    
      165897  0.8962700    
      165898  0.9039857    
      165899  0.9117468    
      165900  0.9195501    
      165901  0.9273920    
      165902  0.9352689    
      165903  0.9431772    
      165904  0.9511135    
      165905  0.9590747    
      165906  0.9670582    
      165907  0.9750616    
      165908  0.9830826    
      165909  0.9911195    
      165910  0.9991708    
      165911   1.007235    
      165912   1.015310    
      165913   1.023396    
      165914   1.031491    
      165915   1.039595    
      165916   1.047706    
      165917   1.055824    
      165918   1.063949    
      165919   1.072080    
      165920   1.080215    
      165921   1.088356    
      165922   1.096501    
      165923   1.104651    
      165924   1.112804    
      165925   1.120960    
      165926   1.129119    
      165927   1.137282    
      165928   1.145447    
      165929   1.153614    
      165930   1.161784    
      165931   1.169955    
      165932   1.178129    
      165933   1.186304    
      165934   1.194481    
      165935   1.202659    
      165936   1.210838    
      165937   1.219019    
      165938   1.227201    
      165939   1.235384    
      165940   1.243567    
      165941   1.251752    
      165942   1.259938    
      165943   1.268124    
      165944   1.276310    
      165945   1.284497    
      165946   1.292685    
      165947   1.300873    
      165948   1.309062    
      165949   1.317250    
      165950   1.325440    
      165951   1.333629    
      165952   1.341819    
      165953   1.350009    
      165954   1.358199    
      165955   1.366389    
      165956   1.374580    
      165957   1.382771    
      165958   1.390961    
      165959   1.399152    
      165960   1.407343    
      165961   1.415534    
      165962   1.423725    
      165963   1.431916    
      165964   1.440108    
      165965   1.448299    
      165966   1.456490    
      165967   1.464682    
      165968   1.472873    
      165969   1.481064    
      165970   1.489255    
      165971   1.497446    
      165972   1.505638    
      165973   1.513829    
      165974   1.522020    
      165975   1.530212    
      165976   1.538403    
      165977   1.546594    
      165978   1.554785    
      165979   1.562976    
      165980   1.571168    
      165981   1.579359    
