      191863   2.093448    
      191864   2.086061    
      191865   2.078723    
      191866   2.071435    
      191867   2.064195    
      191868   2.057004    
      191869   2.049860    
      191870   2.042761    
      191871   2.035709    
      191872   2.028703    
      191873   2.021743    
      191874   2.014831    
      191875   2.007968    
      191876   2.001156    
      191877   1.994398    
      191878   1.987695    
      191879   1.981050    
      191880   1.974463    
      191881   1.967932    
      191882   1.961454    
      191883   1.955026    
      191884   1.948640    
      191885   1.942288    
      191886   1.935958    
      191887   1.929625    
      191888   1.923238    
      191889   1.916712    
      191890   1.909915    
      191891   1.902712    
      191892   1.895124    
      191893   1.887293    
      191894   1.879338    
      191895   1.871325    
      191896   1.863284    
      191897   1.855230    
      191898   1.847169    
      191899   1.839105    
      191900   1.831040    
      191901   1.822974    
      191902   1.814907    
      191903   1.806841    
      191904   1.798777    
      191905   1.790713    
      191906   1.782652    
      191907   1.774593    
      191908   1.766536    
      191909   1.758483    
      191910   1.750433    
      191911   1.742387    
      191912   1.734345    
      191913   1.726308    
      191914   1.718276    
      191915   1.710249    
      191916   1.702229    
      191917   1.694215    
      191918   1.686208    
      191919   1.678208    
      191920   1.670216    
      191921   1.662233    
      191922   1.654259    
      191923   1.646295    
      191924   1.638342    
      191925   1.630400    
      191926   1.622471    
      191927   1.614555    
      191928   1.606653    
      191929   1.598767    
      191930   1.590899    
      191931   1.583049    
      191932   1.575220    
      191933   1.567413    
      191934   1.559631    
      191935   1.551875    
      191936   1.544148    
      191937   1.536454    
      191938   1.528796    
      191939   1.521178    
      191940   1.513605    
      191941   1.506083    
      191942   1.498616    
      191943   1.491213    
      191944   1.483875    
      191945   1.476604    
      191946   1.469398    
      191947   1.462254    
      191948   1.455162    
      191949   1.448104    
      191950   1.441045    
      191951   1.433925    
      191952   1.426653    
      191953   1.419147    
      191954   1.411416    
      191955   1.403541    
      191956   1.395591    
      191957   1.387604    
      191958   1.379598    
      191959   1.371585    
      191960   1.363569    
      191961   1.355552    
      191962   1.347538    
      191963   1.339525    
      191964   1.331517    
      191965   1.323514    
      191966   1.315515    
      191967   1.307524    
      191968   1.299540    
      191969   1.291566    
      191970   1.283602    
      191971   1.275650    
      191972   1.267711    
      191973   1.259788    
      191974   1.251882    
      191975   1.243994    
      191976   1.236126    
      191977   1.228281    
      191978   1.220462    
      191979   1.212670    
      191980   1.204910    
      191981   1.197184    
      191982   1.189498    
      191983   1.181856    
      191984   1.174266    
      191985   1.166734    
      191986   1.159269    
      191987   1.151881    
      191988   1.144575    
      191989   1.137355    
      191990   1.130224    
      191991   1.123187    
      191992   1.116251    
      191993   1.109420    
      191994   1.102697    
      191995   1.096086    
      191996   1.089585    
      191997   1.083188    
      191998   1.076893    
      191999   1.070693    
      192000   1.064581    
      192001   1.058549    
      192002   1.052588    
      192003   1.046691    
      192004   1.040846    
      192005   1.035035    
      192006   1.029214    
      192007   1.023297    
      192008   1.017140    
      192009   1.010574    
      192010   1.003564    
      192011  0.9962368    
      192012  0.9887298    
      192013  0.9811273    
      192014  0.9734749    
      192015  0.9657974    
      192016  0.9581090    
      192017  0.9504189    
      192018  0.9427334    
      192019  0.9350574    
      192020  0.9273950    
      192021  0.9197499    
      192022  0.9121253    
      192023  0.9045247    
      192024  0.8969510    
      192025  0.8894073    
      192026  0.8818977    
      192027  0.8744260    
      192028  0.8669972    
      192029  0.8596162    
      192030  0.8522874    
      192031  0.8450145    
      192032  0.8377994    
      192033  0.8306438    
      192034  0.8235496    
      192035  0.8165202    
      192036  0.8095592    
      192037  0.8026704    
      192038  0.7958575    
      192039  0.7891245    
      192040  0.7824748    
      192041  0.7759109    
      192042  0.7694344    
      192043  0.7630451    
      192044  0.7567422    
      192045  0.7505245    
      192046  0.7443806    
      192047  0.7382779    
      192048  0.7321479    
      192049  0.7258626    
      192050  0.7192124    
      192051  0.7120122    
      192052  0.7043486    
      192053  0.6964239    
      192054  0.6883744    
      192055  0.6802692    
      192056  0.6721404    
      192057  0.6640022    
      192058  0.6558608    
      192059  0.6477187    
      192060  0.6395773    
      192061  0.6314371    
      192062  0.6232983    
      192063  0.6151612    
      192064  0.6070260    
      192065  0.5988930    
      192066  0.5907624    
      192067  0.5826343    
      192068  0.5745091    
      192069  0.5663872    
      192070  0.5582686    
      192071  0.5501539    
      192072  0.5420432    
      192073  0.5339371    
      192074  0.5258359    
      192075  0.5177400    
      192076  0.5096500    
      192077  0.5015663    
      192078  0.4934895    
      192079  0.4854203    
      192080  0.4773592    
      192081  0.4693071    
      192082  0.4612648    
      192083  0.4532331    
      192084  0.4452131    
      192085  0.4372058    
      192086  0.4292125    
      192087  0.4212345    
      192088  0.4132734    
      192089  0.4053307    
      192090  0.3974082    
      192091  0.3895081    
      192092  0.3816327    
      192093  0.3737845    
      192094  0.3659663    
      192095  0.3581809    
      192096  0.3504313    
      192097  0.3427210    
      192098  0.3350533    
      192099  0.3274320    
      192100  0.3198611    
      192101  0.3123440    
      192102  0.3048842    
      192103  0.2974839    
      192104  0.2901449    
      192105  0.2828690    
      192106  0.2756585    
      192107  0.2685172    
      192108  0.2614498    
      192109  0.2544635    
      192110  0.2475676    
      192111  0.2407729    
      192112  0.2340914    
      192113  0.2275345    
      192114  0.2211109    
      192115  0.2148223    
      192116  0.2086582    
      192117  0.2025931    
      192118  0.1965799    
      192119  0.1905349    
      192120  0.1843300    
      192121  0.1777952    
      192122  0.1708065    
      192123  0.1633999    
      192124  0.1557089    
      192125  0.1478519    
      192126  0.1398953    
      192127  0.1318716    
      192128  0.1237988    
      192129  0.1156875    
      192130  0.1075450    
      192131  9.9376470E-02
      192132  9.1186419E-02
      192133  8.2979336E-02
      192134  7.4760079E-02
      192135  6.6534683E-02
      192136  5.8311753E-02
      192137  5.0104864E-02
      192138  4.1939847E-02
      192139  3.3873670E-02
      192140  2.6041217E-02
      192141  1.8770728E-02
      192142  1.2860519E-02
      192143  1.0156138E-02
      192144  1.2861541E-02
      192145  1.8773355E-02
      192146  2.6046431E-02
      192147  3.3882942E-02
      192148  4.1955363E-02
      192149  5.0129849E-02
      192150  5.8351051E-02
      192151  6.6595323E-02
      192152  7.4852087E-02
      192153  8.3116286E-02
      192154  9.1385312E-02
      192155  9.9657692E-02
      192156  0.1079325    
      192157  0.1162090    
      192158  0.1244870    
      192159  0.1327659    
      192160  0.1410455    
      192161  0.1493256    
      192162  0.1576060    
      192163  0.1658864    
      192164  0.1741668    
      192165  0.1824469    
      192166  0.1907265    
      192167  0.1990053    
      192168  0.2072828    
      192169  0.2155584    
      192170  0.2238313    
      192171  0.2321001    
      192172  0.2403629    
      192173  0.2486169    
      192174  0.2568578    
      192175  0.2650795    
      192176  0.2732732    
      192177  0.2814268    
      192178  0.2895255    
      192179  0.2975534    
      192180  0.3054904    
      192181  0.3133013    
      192182  0.3209236    
      192183  0.3282822    
      192184  0.3353268    
      192185  0.3420687    
      192186  0.3485764    
      192187  0.3549342    
      192188  0.3612074    
      192189  0.3674378    
      192190  0.3736461    
      192191  0.3798414    
      192192  0.3860298    
      192193  0.3922168    
      192194  0.3984095    
      192195  0.4046176    
      192196  0.4108532    
      192197  0.4171313    
      192198  0.4234672    
      192199  0.4298736    
      192200  0.4363597    
      192201  0.4429311    
      192202  0.4495882    
      192203  0.4563299    
      192204  0.4631546    
      192205  0.4700601    
      192206  0.4770433    
      192207  0.4841011    
      192208  0.4912314    
      192209  0.4984313    
      192210  0.5056975    
      192211  0.5130250    
      192212  0.5204079    
      192213  0.5278382    
      192214  0.5353104    
      192215  0.5428224    
      192216  0.5503744    
      192217  0.5579661    
      192218  0.5655974    
      192219  0.5732685    
      192220  0.5809792    
      192221  0.5887280    
      192222  0.5965130    
      192223  0.6043320    
      192224  0.6121820    
      192225  0.6200605    
      192226  0.6279649    
      192227  0.6358925    
      192228  0.6438414    
      192229  0.6518096    
      192230  0.6597952    
      192231  0.6677967    
      192232  0.6758127    
      192233  0.6838418    
      192234  0.6918830    
      192235  0.6999350    
      192236  0.7079968    
      192237  0.7160678    
      192238  0.7241472    
      192239  0.7322342    
      192240  0.7403282    
      192241  0.7484286    
      192242  0.7565348    
      192243  0.7646464    
      192244  0.7727630    
      192245  0.7808843    
      192246  0.7890097    
      192247  0.7971390    
      192248  0.8052719    
      192249  0.8134081    
      192250  0.8215474    
      192251  0.8296896    
      192252  0.8378342    
      192253  0.8459814    
      192254  0.8541307    
      192255  0.8622821    
      192256  0.8704354    
      192257  0.8785905    
      192258  0.8867471    
      192259  0.8949052    
      192260  0.9030647    
      192261  0.9112254    
      192262  0.9193872    
      192263  0.9275501    
      192264  0.9357140    
      192265  0.9438787    
      192266  0.9520441    
      192267  0.9602103    
      192268  0.9683771    
      192269  0.9765444    
      192270  0.9847122    
      192271  0.9928805    
      192272   1.001049    
      192273   1.009218    
      192274   1.017387    
      192275   1.025557    
      192276   1.033726    
      192277   1.041896    
      192278   1.050066    
      192279   1.058236    
      192280   1.066405    
      192281   1.074575    
      192282   1.082745    
      192283   1.090914    
      192284   1.099084    
      192285   1.107253    
      192286   1.115422    
      192287   1.123591    
      192288   1.131759    
      192289   1.139928    
      192290   1.148096    
      192291   1.156263    
      192292   1.164430    
      192293   1.172597    
      192294   1.180763    
      192295   1.188928    
      192296   1.197093    
      192297   1.205258    
      192298   1.213422    
      192299   1.221585    
      192300   1.229747    
      192301   1.237909    
