       38361  0.5632957    
       38362  0.5550249    
       38363  0.5467515    
       38364  0.5384761    
       38365  0.5301997    
       38366  0.5219229    
       38367  0.5136458    
       38368  0.5053684    
       38369  0.4970908    
       38370  0.4888131    
       38371  0.4805352    
       38372  0.4722571    
       38373  0.4639789    
       38374  0.4557005    
       38375  0.4474219    
       38376  0.4391432    
       38377  0.4308644    
       38378  0.4225854    
       38379  0.4143063    
       38380  0.4060271    
       38381  0.3977477    
       38382  0.3894683    
       38383  0.3811886    
       38384  0.3729089    
       38385  0.3646291    
       38386  0.3563492    
       38387  0.3480691    
       38388  0.3397890    
       38389  0.3315088    
       38390  0.3232285    
       38391  0.3149481    
       38392  0.3066676    
       38393  0.2983871    
       38394  0.2901064    
       38395  0.2818257    
       38396  0.2735449    
       38397  0.2652640    
       38398  0.2569831    
       38399  0.2487021    
       38400  0.2404210    
       38401  0.2321399    
       38402  0.2238587    
       38403  0.2155775    
       38404  0.2072963    
       38405  0.1990150    
       38406  0.1907337    
       38407  0.1824524    
       38408  0.1741712    
       38409  0.1658900    
       38410  0.1576091    
       38411  0.1493284    
       38412  0.1410481    
       38413  0.1327683    
       38414  0.1244893    
       38415  0.1162113    
       38416  0.1079347    
       38417  9.9659823E-02
       38418  9.1387421E-02
       38419  8.3118357E-02
       38420  7.4854121E-02
       38421  6.6597320E-02
       38422  5.8352999E-02
       38423  5.0131727E-02
       38424  4.1957140E-02
       38425  3.3884585E-02
       38426  2.6047897E-02
       38427  1.8774621E-02
       38428  1.2862662E-02
       38429  1.0157396E-02
       38430  1.2862639E-02
       38431  1.8774567E-02
       38432  2.6047794E-02
       38433  3.3884402E-02
       38434  4.1956838E-02
       38435  5.0131243E-02
       38436  5.8352251E-02
       38437  6.6596180E-02
       38438  7.4852422E-02
       38439  8.3115920E-02
       38440  9.1384068E-02
       38441  9.9655390E-02
       38442  0.1079290    
       38443  0.1162042    
       38444  0.1244806    
       38445  0.1327578    
       38446  0.1410355    
       38447  0.1493134    
       38448  0.1575913    
       38449  0.1658691    
       38450  0.1741467    
       38451  0.1824241    
       38452  0.1907012    
       38453  0.1989780    
       38454  0.2072548    
       38455  0.2155313    
       38456  0.2238077    
       38457  0.2320840    
       38458  0.2403602    
       38459  0.2486364    
       38460  0.2569126    
       38461  0.2651887    
       38462  0.2734645    
       38463  0.2817397    
       38464  0.2900134    
       38465  0.2982839    
       38466  0.3065481    
       38467  0.3147992    
       38468  0.3230255    
       38469  0.3312039    
       38470  0.3392938    
       38471  0.3472274    
       38472  0.3549087    
       38473  0.3622724    
       38474  0.3693873    
       38475  0.3763660    
       38476  0.3832951    
       38477  0.3902293    
       38478  0.3971994    
       38479  0.4042233    
       38480  0.4113095    
       38481  0.4184612    
       38482  0.4256805    
       38483  0.4329700    
       38484  0.4403296    
       38485  0.4477525    
       38486  0.4552308    
       38487  0.4627576    
       38488  0.4703280    
       38489  0.4779381    
       38490  0.4855843    
       38491  0.4932634    
       38492  0.5009728    
       38493  0.5087099    
       38494  0.5164723    
       38495  0.5242583    
       38496  0.5320657    
       38497  0.5398930    
       38498  0.5477387    
       38499  0.5556013    
       38500  0.5634795    
       38501  0.5713722    
       38502  0.5792782    
       38503  0.5871966    
       38504  0.5951266    
       38505  0.6030674    
       38506  0.6110181    
       38507  0.6189781    
       38508  0.6269468    
       38509  0.6349235    
       38510  0.6429077    
       38511  0.6508988    
       38512  0.6588962    
       38513  0.6668994    
       38514  0.6749077    
       38515  0.6829203    
       38516  0.6909368    
       38517  0.6989563    
       38518  0.7069778    
       38519  0.7150010    
       38520  0.7230249    
       38521  0.7310488    
       38522  0.7390720    
       38523  0.7470932    
       38524  0.7551105    
       38525  0.7631207    
       38526  0.7711171    
       38527  0.7790856    
       38528  0.7869976    
       38529  0.7947967    
       38530  0.8023903    
       38531  0.8096974    
       38532  0.8167518    
       38533  0.8236699    
       38534  0.8305507    
       38535  0.8374541    
       38536  0.8444123    
       38537  0.8514405    
       38538  0.8585448    
       38539  0.8657284    
       38540  0.8729945    
       38541  0.8803428    
       38542  0.8877653    
       38543  0.8952498    
       38544  0.9027873    
       38545  0.9103718    
       38546  0.9179980    
       38547  0.9256622    
       38548  0.9333609    
       38549  0.9410908    
       38550  0.9488491    
       38551  0.9566332    
       38552  0.9644404    
       38553  0.9722684    
       38554  0.9801148    
       38555  0.9879769    
       38556  0.9958521    
       38557   1.003737    
       38558   1.011629    
       38559   1.019524    
       38560   1.027417    
       38561   1.035305    
       38562   1.043181    
       38563   1.051035    
       38564   1.058851    
       38565   1.066594    
       38566   1.074203    
       38567   1.081574    
       38568   1.088588    
       38569   1.095221    
       38570   1.101591    
       38571   1.107829    
       38572   1.114022    
       38573   1.120223    
       38574   1.126459    
       38575   1.132746    
       38576   1.139094    
       38577   1.145512    
       38578   1.152005    
       38579   1.158579    
       38580   1.165234    
       38581   1.171971    
       38582   1.178787    
       38583   1.185679    
       38584   1.192643    
       38585   1.199678    
       38586   1.206782    
       38587   1.213954    
       38588   1.221196    
       38589   1.228509    
       38590   1.235893    
       38591   1.243340    
       38592   1.250843    
       38593   1.258395    
       38594   1.265991    
       38595   1.273628    
       38596   1.281303    
       38597   1.289014    
       38598   1.296757    
       38599   1.304529    
       38600   1.312330    
       38601   1.320155    
       38602   1.328004    
       38603   1.335874    
       38604   1.343763    
       38605   1.351670    
       38606   1.359593    
       38607   1.367531    
       38608   1.375483    
       38609   1.383447    
       38610   1.391423    
       38611   1.399410    
       38612   1.407407    
       38613   1.415412    
       38614   1.423427    
       38615   1.431448    
       38616   1.439477    
       38617   1.447513    
       38618   1.455554    
       38619   1.463601    
       38620   1.471653    
       38621   1.479709    
       38622   1.487770    
       38623   1.495835    
       38624   1.503903    
       38625   1.511974    
       38626   1.520048    
       38627   1.528124    
       38628   1.536202    
       38629   1.544283    
       38630   1.552364    
       38631   1.560447    
       38632   1.568530    
       38633   1.576613    
       38634   1.584696    
       38635   1.592777    
       38636   1.600856    
       38637   1.608930    
       38638   1.616997    
       38639   1.625051    
       38640   1.633086    
       38641   1.641090    
       38642   1.649047    
       38643   1.656951    
       38644   1.664807    
       38645   1.672631    
       38646   1.680437    
       38647   1.688233    
       38648   1.696022    
       38649   1.703801    
       38650   1.711555    
       38651   1.719249    
       38652   1.726833    
       38653   1.734269    
       38654   1.741595    
       38655   1.748870    
       38656   1.756142    
       38657   1.763437    
       38658   1.770766    
       38659   1.778130    
       38660   1.785527    
       38661   1.792951    
       38662   1.800399    
       38663   1.807863    
       38664   1.815334    
       38665   1.822799    
       38666   1.830242    
       38667   1.837639    
       38668   1.844954    
       38669   1.852134    
       38670   1.859103    
       38671   1.865761    
       38672   1.872011    
       38673   1.877840    
       38674   1.883340    
       38675   1.888640    
       38676   1.893859    
       38677   1.899089    
       38678   1.904399    
       38679   1.909826    
       38680   1.915389    
       38681   1.921098    
       38682   1.926954    
       38683   1.932949    
       38684   1.939074    
       38685   1.945318    
       38686   1.951676    
       38687   1.958139    
       38688   1.964700    
       38689   1.971351    
       38690   1.978089    
       38691   1.984908    
       38692   1.991807    
       38693   1.998783    
       38694   2.005835    
       38695   2.012962    
       38696   2.020164    
       38697   2.027445    
       38698   2.034807    
       38699   2.042252    
       38700   2.049772    
       38701   2.057357    
       38702   2.065001    
       38703   2.072698    
       38704   2.080442    
       38705   2.088230    
       38706   2.096056    
       38707   2.103910    
       38708   2.111779    
       38709   2.119629    
