      185131   2.096995    
      185132   2.089209    
      185133   2.081445    
      185134   2.073705    
      185135   2.065990    
      185136   2.058303    
      185137   2.050647    
      185138   2.043022    
      185139   2.035432    
      185140   2.027877    
      185141   2.020361    
      185142   2.012885    
      185143   2.005452    
      185144   1.998065    
      185145   1.990728    
      185146   1.983439    
      185147   1.976200    
      185148   1.969009    
      185149   1.961864    
      185150   1.954766    
      185151   1.947714    
      185152   1.940707    
      185153   1.933748    
      185154   1.926836    
      185155   1.919973    
      185156   1.913161    
      185157   1.906402    
      185158   1.899700    
      185159   1.893054    
      185160   1.886467    
      185161   1.879936    
      185162   1.873459    
      185163   1.867031    
      185164   1.860645    
      185165   1.854293    
      185166   1.847963    
      185167   1.841629    
      185168   1.835242    
      185169   1.828717    
      185170   1.821920    
      185171   1.814717    
      185172   1.807128    
      185173   1.799297    
      185174   1.791342    
      185175   1.783329    
      185176   1.775288    
      185177   1.767234    
      185178   1.759174    
      185179   1.751110    
      185180   1.743044    
      185181   1.734978    
      185182   1.726912    
      185183   1.718846    
      185184   1.710781    
      185185   1.702718    
      185186   1.694656    
      185187   1.686597    
      185188   1.678540    
      185189   1.670487    
      185190   1.662437    
      185191   1.654391    
      185192   1.646349    
      185193   1.638312    
      185194   1.630280    
      185195   1.622254    
      185196   1.614233    
      185197   1.606219    
      185198   1.598212    
      185199   1.590212    
      185200   1.582221    
      185201   1.574238    
      185202   1.566264    
      185203   1.558300    
      185204   1.550346    
      185205   1.542405    
      185206   1.534475    
      185207   1.526559    
      185208   1.518658    
      185209   1.510772    
      185210   1.502903    
      185211   1.495054    
      185212   1.487225    
      185213   1.479418    
      185214   1.471635    
      185215   1.463879    
      185216   1.456153    
      185217   1.448459    
      185218   1.440801    
      185219   1.433183    
      185220   1.425610    
      185221   1.418087    
      185222   1.410620    
      185223   1.403217    
      185224   1.395879    
      185225   1.388608    
      185226   1.381402    
      185227   1.374258    
      185228   1.367166    
      185229   1.360108    
      185230   1.353049    
      185231   1.345929    
      185232   1.338657    
      185233   1.331151    
      185234   1.323420    
      185235   1.315546    
      185236   1.307595    
      185237   1.299608    
      185238   1.291602    
      185239   1.283589    
      185240   1.275573    
      185241   1.267556    
      185242   1.259542    
      185243   1.251530    
      185244   1.243521    
      185245   1.235518    
      185246   1.227520    
      185247   1.219528    
      185248   1.211544    
      185249   1.203570    
      185250   1.195606    
      185251   1.187654    
      185252   1.179716    
      185253   1.171793    
      185254   1.163886    
      185255   1.155998    
      185256   1.148131    
      185257   1.140286    
      185258   1.132466    
      185259   1.124675    
      185260   1.116914    
      185261   1.109189    
      185262   1.101502    
      185263   1.093861    
      185264   1.086270    
      185265   1.078738    
      185266   1.071274    
      185267   1.063886    
      185268   1.056580    
      185269   1.049360    
      185270   1.042228    
      185271   1.035192    
      185272   1.028255    
      185273   1.021424    
      185274   1.014702    
      185275   1.008090    
      185276   1.001589    
      185277  0.9951925    
      185278  0.9888967    
      185279  0.9826967    
      185280  0.9765849    
      185281  0.9705529    
      185282  0.9645921    
      185283  0.9586945    
      185284  0.9528497    
      185285  0.9470383    
      185286  0.9412177    
      185287  0.9353007    
      185288  0.9291437    
      185289  0.9225780    
      185290  0.9155680    
      185291  0.9082415    
      185292  0.9007344    
      185293  0.8931319    
      185294  0.8854793    
      185295  0.8778018    
      185296  0.8701135    
      185297  0.8624232    
      185298  0.8547376    
      185299  0.8470616    
      185300  0.8393992    
      185301  0.8317541    
      185302  0.8241297    
      185303  0.8165290    
      185304  0.8089553    
      185305  0.8014119    
      185306  0.7939021    
      185307  0.7864304    
      185308  0.7790015    
      185309  0.7716204    
      185310  0.7642916    
      185311  0.7570187    
      185312  0.7498035    
      185313  0.7426478    
      185314  0.7355534    
      185315  0.7285240    
      185316  0.7215629    
      185317  0.7146739    
      185318  0.7078608    
      185319  0.7011275    
      185320  0.6944774    
      185321  0.6879133    
      185322  0.6814365    
      185323  0.6750469    
      185324  0.6687438    
      185325  0.6625255    
      185326  0.6563807    
      185327  0.6502765    
      185328  0.6441433    
      185329  0.6378521    
      185330  0.6311918    
      185331  0.6239799    
      185332  0.6163090    
      185333  0.6083804    
      185334  0.6003286    
      185335  0.5922219    
      185336  0.5840918    
      185337  0.5759525    
      185338  0.5678101    
      185339  0.5596671    
      185340  0.5515246    
      185341  0.5433832    
      185342  0.5352432    
      185343  0.5271049    
      185344  0.5189683    
      185345  0.5108340    
      185346  0.5027019    
      185347  0.4945724    
      185348  0.4864456    
      185349  0.4783220    
      185350  0.4702017    
      185351  0.4620851    
      185352  0.4539725    
      185353  0.4458643    
      185354  0.4377609    
      185355  0.4296626    
      185356  0.4215701    
      185357  0.4134837    
      185358  0.4054040    
      185359  0.3973316    
      185360  0.3892671    
      185361  0.3812113    
      185362  0.3731649    
      185363  0.3651288    
      185364  0.3571039    
      185365  0.3490913    
      185366  0.3410921    
      185367  0.3331074    
      185368  0.3251389    
      185369  0.3171878    
      185370  0.3092559    
      185371  0.3013450    
      185372  0.2934571    
      185373  0.2855943    
      185374  0.2777591    
      185375  0.2699537    
      185376  0.2621805    
      185377  0.2544421    
      185378  0.2467409    
      185379  0.2390795    
      185380  0.2314607    
      185381  0.2238868    
      185382  0.2163603    
      185383  0.2088831    
      185384  0.2014573    
      185385  0.1940848    
      185386  0.1867679    
      185387  0.1795092    
      185388  0.1723126    
      185389  0.1651827    
      185390  0.1581251    
      185391  0.1511454    
      185392  0.1442477    
      185393  0.1374300    
      185394  0.1306774    
      185395  0.1239520    
      185396  0.1171882    
      185397  0.1102950    
      185398  0.1031910    
      185399  9.5847294E-02
      185400  8.8299632E-02
      185401  8.0611333E-02
      185402  7.2832160E-02
      185403  6.4987086E-02
      185404  5.7091944E-02
      185405  4.9163580E-02
      185406  4.1230936E-02
      185407  3.3356130E-02
      185408  2.5679413E-02
      185409  1.8532680E-02
      185410  1.2713508E-02
      185411  1.0057103E-02
      185412  1.2759035E-02
      185413  1.8645866E-02
      185414  2.5891803E-02
      185415  3.3705756E-02
      185416  4.1761231E-02
      185417  4.9923532E-02
      185418  5.8136106E-02
      185419  6.6374324E-02
      185420  7.4626863E-02
      185421  8.2888126E-02
      185422  9.1155097E-02
      185423  9.9426001E-02
      185424  0.1076997    
      185425  0.1159755    
      185426  0.1242529    
      185427  0.1325313    
      185428  0.1408106    
      185429  0.1490904    
      185430  0.1573707    
      185431  0.1656512    
      185432  0.1739320    
      185433  0.1822128    
      185434  0.1904938    
      185435  0.1987748    
      185436  0.2070557    
      185437  0.2153367    
      185438  0.2236176    
      185439  0.2318985    
      185440  0.2401793    
      185441  0.2484599    
      185442  0.2567405    
      185443  0.2650208    
      185444  0.2733007    
      185445  0.2815803    
      185446  0.2898592    
      185447  0.2981372    
      185448  0.3064140    
      185449  0.3146889    
      185450  0.3229610    
      185451  0.3312289    
      185452  0.3394908    
      185453  0.3477437    
      185454  0.3559831    
      185455  0.3642028    
      185456  0.3723934    
      185457  0.3805421    
      185458  0.3886324    
      185459  0.3966444    
      185460  0.4045487    
      185461  0.4122971    
      185462  0.4198273    
      185463  0.4270752    
      185464  0.4340106    
      185465  0.4406606    
      185466  0.4470980    
      185467  0.4533998    
      185468  0.4596259    
      185469  0.4658145    
      185470  0.4719857    
      185471  0.4781498    
      185472  0.4843133    
      185473  0.4904817    
      185474  0.4966614    
      185475  0.5028605    
      185476  0.5090904    
      185477  0.5153648    
      185478  0.5216979    
      185479  0.5281014    
      185480  0.5345837    
      185481  0.5411485    
      185482  0.5477965    
      185483  0.5545279    
      185484  0.5613422    
      185485  0.5682381    
      185486  0.5752128    
      185487  0.5822631    
      185488  0.5893857    
      185489  0.5965789    
      185490  0.6038405    
      185491  0.6111680    
      185492  0.6185576    
      185493  0.6260018    
      185494  0.6334922    
      185495  0.6410221    
      185496  0.6485881    
      185497  0.6561893    
      185498  0.6638265    
      185499  0.6715010    
      185500  0.6792135    
      185501  0.6869633    
      185502  0.6947488    
      185503  0.7025678    
      185504  0.7104179    
      185505  0.7182963    
      185506  0.7262005    
      185507  0.7341281    
      185508  0.7420770    
      185509  0.7500451    
      185510  0.7580308    
      185511  0.7660323    
      185512  0.7740483    
      185513  0.7820773    
      185514  0.7901184    
      185515  0.7981703    
      185516  0.8062322    
      185517  0.8143033    
      185518  0.8223826    
      185519  0.8304696    
      185520  0.8385635    
      185521  0.8466640    
      185522  0.8547702    
      185523  0.8628818    
      185524  0.8709984    
      185525  0.8791196    
      185526  0.8872452    
      185527  0.8953744    
      185528  0.9035073    
      185529  0.9116436    
      185530  0.9197828    
      185531  0.9279249    
      185532  0.9360696    
      185533  0.9442168    
      185534  0.9523661    
      185535  0.9605175    
      185536  0.9686707    
      185537  0.9768258    
      185538  0.9849825    
      185539  0.9931406    
      185540   1.001300    
      185541   1.009461    
      185542   1.017623    
      185543   1.025786    
      185544   1.033950    
      185545   1.042114    
      185546   1.050280    
      185547   1.058446    
      185548   1.066612    
      185549   1.074780    
      185550   1.082948    
      185551   1.091116    
      185552   1.099285    
      185553   1.107453    
      185554   1.115623    
      185555   1.123792    
      185556   1.131962    
      185557   1.140131    
      185558   1.148301    
      185559   1.156471    
      185560   1.164641    
      185561   1.172810    
      185562   1.180980    
      185563   1.189150    
      185564   1.197319    
      185565   1.205488    
      185566   1.213657    
      185567   1.221826    
      185568   1.229995    
      185569   1.238163    
      185570   1.246331    
      185571   1.254498    
      185572   1.262665    
      185573   1.270832    
      185574   1.278998    
      185575   1.287163    
      185576   1.295328    
      185577   1.303493    
      185578   1.311657    
      185579   1.319820    
      185580   1.327982    
      185581   1.336144    
