      223279   2.096506    
      223280   2.088514    
      223281   2.080531    
      223282   2.072557    
      223283   2.064593    
      223284   2.056639    
      223285   2.048697    
      223286   2.040768    
      223287   2.032852    
      223288   2.024951    
      223289   2.017065    
      223290   2.009196    
      223291   2.001347    
      223292   1.993517    
      223293   1.985710    
      223294   1.977928    
      223295   1.970172    
      223296   1.962446    
      223297   1.954752    
      223298   1.947094    
      223299   1.939476    
      223300   1.931902    
      223301   1.924379    
      223302   1.916913    
      223303   1.909509    
      223304   1.902172    
      223305   1.894901    
      223306   1.887695    
      223307   1.880550    
      223308   1.873458    
      223309   1.866400    
      223310   1.859342    
      223311   1.852222    
      223312   1.844949    
      223313   1.837443    
      223314   1.829712    
      223315   1.821838    
      223316   1.813888    
      223317   1.805900    
      223318   1.797895    
      223319   1.789881    
      223320   1.781865    
      223321   1.773849    
      223322   1.765834    
      223323   1.757822    
      223324   1.749814    
      223325   1.741810    
      223326   1.733812    
      223327   1.725820    
      223328   1.717837    
      223329   1.709862    
      223330   1.701898    
      223331   1.693946    
      223332   1.686008    
      223333   1.678085    
      223334   1.670178    
      223335   1.662290    
      223336   1.654423    
      223337   1.646578    
      223338   1.638759    
      223339   1.630967    
      223340   1.623207    
      223341   1.615481    
      223342   1.607795    
      223343   1.600153    
      223344   1.592562    
      223345   1.585031    
      223346   1.577566    
      223347   1.570178    
      223348   1.562872    
      223349   1.555652    
      223350   1.548522    
      223351   1.541485    
      223352   1.534549    
      223353   1.527717    
      223354   1.520995    
      223355   1.514384    
      223356   1.507883    
      223357   1.501487    
      223358   1.495191    
      223359   1.488991    
      223360   1.482879    
      223361   1.476847    
      223362   1.470887    
      223363   1.464990    
      223364   1.459145    
      223365   1.453334    
      223366   1.447513    
      223367   1.441596    
      223368   1.435438    
      223369   1.428871    
      223370   1.421861    
      223371   1.414534    
      223372   1.407027    
      223373   1.399424    
      223374   1.391772    
      223375   1.384094    
      223376   1.376405    
      223377   1.368715    
      223378   1.361030    
      223379   1.353354    
      223380   1.345691    
      223381   1.338046    
      223382   1.330421    
      223383   1.322821    
      223384   1.315247    
      223385   1.307704    
      223386   1.300194    
      223387   1.292723    
      223388   1.285294    
      223389   1.277913    
      223390   1.270585    
      223391   1.263312    
      223392   1.256097    
      223393   1.248941    
      223394   1.241847    
      223395   1.234818    
      223396   1.227858    
      223397   1.220969    
      223398   1.214157    
      223399   1.207424    
      223400   1.200774    
      223401   1.194211    
      223402   1.187735    
      223403   1.181346    
      223404   1.175044    
      223405   1.168825    
      223406   1.162678    
      223407   1.156568    
      223408   1.150422    
      223409   1.144104    
      223410   1.137399    
      223411   1.130138    
      223412   1.122433    
      223413   1.114485    
      223414   1.106419    
      223415   1.098302    
      223416   1.090163    
      223417   1.082015    
      223418   1.073864    
      223419   1.065713    
      223420   1.057562    
      223421   1.049413    
      223422   1.041265    
      223423   1.033119    
      223424   1.024975    
      223425   1.016833    
      223426   1.008694    
      223427   1.000557    
      223428  0.9924228    
      223429  0.9842920    
      223430  0.9761645    
      223431  0.9680408    
      223432  0.9599212    
      223433  0.9518062    
      223434  0.9436961    
      223435  0.9355913    
      223436  0.9274925    
      223437  0.9194000    
      223438  0.9113145    
      223439  0.9032367    
      223440  0.8951672    
      223441  0.8871070    
      223442  0.8790569    
      223443  0.8710179    
      223444  0.8629912    
      223445  0.8549779    
      223446  0.8469794    
      223447  0.8389972    
      223448  0.8310331    
      223449  0.8230890    
      223450  0.8151669    
      223451  0.8072691    
      223452  0.7993983    
      223453  0.7915570    
      223454  0.7837484    
      223455  0.7759752    
      223456  0.7682406    
      223457  0.7605476    
      223458  0.7528996    
      223459  0.7453002    
      223460  0.7377526    
      223461  0.7302603    
      223462  0.7228258    
      223463  0.7154506    
      223464  0.7081363    
      223465  0.7008849    
      223466  0.6936994    
      223467  0.6865839    
      223468  0.6795439    
      223469  0.6725874    
      223470  0.6657244    
      223471  0.6589664    
      223472  0.6523265    
      223473  0.6458176    
      223474  0.6394504    
      223475  0.6332300    
      223476  0.6271533    
      223477  0.6212115    
      223478  0.6153859    
      223479  0.6096510    
      223480  0.6039734    
      223481  0.5983091    
      223482  0.5925979    
      223483  0.5867519    
      223484  0.5806500    
      223485  0.5741467    
      223486  0.5671663    
      223487  0.5597769    
      223488  0.5521078    
      223489  0.5442647    
      223490  0.5363126    
      223491  0.5282885    
      223492  0.5202140    
      223493  0.5121021    
      223494  0.5039618    
      223495  0.4958003    
      223496  0.4876238    
      223497  0.4794372    
      223498  0.4712440    
      223499  0.4630468    
      223500  0.4548474    
      223501  0.4466469    
      223502  0.4384463    
      223503  0.4302462    
      223504  0.4220471    
      223505  0.4138493    
      223506  0.4056534    
      223507  0.3974595    
      223508  0.3892681    
      223509  0.3810794    
      223510  0.3728937    
      223511  0.3647115    
      223512  0.3565332    
      223513  0.3483591    
      223514  0.3401900    
      223515  0.3320262    
      223516  0.3238686    
      223517  0.3157179    
      223518  0.3075750    
      223519  0.2994409    
      223520  0.2913170    
      223521  0.2832046    
      223522  0.2751054    
      223523  0.2670215    
      223524  0.2589554    
      223525  0.2509100    
      223526  0.2428887    
      223527  0.2348960    
      223528  0.2269370    
      223529  0.2190183    
      223530  0.2111477    
      223531  0.2033350    
      223532  0.1955915    
      223533  0.1879302    
      223534  0.1803642    
      223535  0.1729065    
      223536  0.1655678    
      223537  0.1583555    
      223538  0.1512729    
      223539  0.1443170    
      223540  0.1374791    
      223541  0.1307449    
      223542  0.1240948    
      223543  0.1175033    
      223544  0.1109401    
      223545  0.1043701    
      223546  9.7752519E-02
      223547  9.1040909E-02
      223548  8.4184989E-02
      223549  7.7143088E-02
      223550  6.9897711E-02
      223551  6.2473506E-02
      223552  5.4930653E-02
      223553  4.7331452E-02
      223554  3.9721899E-02
      223555  3.2161970E-02
      223556  2.4781995E-02
      223557  1.7900931E-02
      223558  1.2293298E-02
      223559  9.7431773E-03
      223560  1.2388654E-02
      223561  1.8137325E-02
      223562  2.5222965E-02
      223563  3.2878734E-02
      223564  4.0787876E-02
      223565  4.8818998E-02
      223566  5.6916073E-02
      223567  6.5054148E-02
      223568  7.3221341E-02
      223569  8.1411228E-02
      223570  8.9619726E-02
      223571  9.7843647E-02
      223572  0.1060801    
      223573  0.1143263    
      223574  0.1225798    
      223575  0.1308384    
      223576  0.1391008    
      223577  0.1473658    
      223578  0.1556324    
      223579  0.1639000    
      223580  0.1721679    
      223581  0.1804356    
      223582  0.1887025    
      223583  0.1969682    
      223584  0.2052320    
      223585  0.2134933    
      223586  0.2217512    
      223587  0.2300044    
      223588  0.2382502    
      223589  0.2464826    
      223590  0.2546962    
      223591  0.2628900    
      223592  0.2710658    
      223593  0.2792271    
      223594  0.2873774    
      223595  0.2955201    
      223596  0.3036578    
      223597  0.3117927    
      223598  0.3199264    
      223599  0.3280600    
      223600  0.3361945    
      223601  0.3443303    
      223602  0.3524680    
      223603  0.3606076    
      223604  0.3687496    
      223605  0.3768939    
      223606  0.3850406    
      223607  0.3931897    
      223608  0.4013410    
      223609  0.4094945    
      223610  0.4176500    
      223611  0.4258075    
      223612  0.4339667    
      223613  0.4421275    
      223614  0.4502899    
      223615  0.4584537    
      223616  0.4666188    
      223617  0.4747851    
      223618  0.4829525    
      223619  0.4911210    
      223620  0.4992904    
      223621  0.5074607    
      223622  0.5156317    
      223623  0.5238035    
      223624  0.5319758    
      223625  0.5401488    
      223626  0.5483223    
      223627  0.5564962    
      223628  0.5646706    
      223629  0.5728452    
      223630  0.5810202    
      223631  0.5891955    
      223632  0.5973709    
      223633  0.6055465    
      223634  0.6137223    
      223635  0.6218981    
      223636  0.6300740    
      223637  0.6382499    
      223638  0.6464257    
      223639  0.6546015    
      223640  0.6627772    
      223641  0.6709528    
      223642  0.6791283    
      223643  0.6873037    
      223644  0.6954787    
      223645  0.7036535    
      223646  0.7118280    
      223647  0.7200023    
      223648  0.7281762    
      223649  0.7363497    
      223650  0.7445228    
      223651  0.7526954    
      223652  0.7608677    
      223653  0.7690393    
      223654  0.7772104    
      223655  0.7853808    
      223656  0.7935507    
      223657  0.8017198    
      223658  0.8098882    
      223659  0.8180559    
      223660  0.8262227    
      223661  0.8343887    
