      147001   2.028357    
      147002   2.020288    
      147003   2.012220    
      147004   2.004152    
      147005   1.996085    
      147006   1.988019    
      147007   1.979955    
      147008   1.971892    
      147009   1.963830    
      147010   1.955770    
      147011   1.947710    
      147012   1.939653    
      147013   1.931597    
      147014   1.923543    
      147015   1.915492    
      147016   1.907442    
      147017   1.899395    
      147018   1.891350    
      147019   1.883308    
      147020   1.875268    
      147021   1.867232    
      147022   1.859198    
      147023   1.851168    
      147024   1.843141    
      147025   1.835118    
      147026   1.827099    
      147027   1.819084    
      147028   1.811074    
      147029   1.803068    
      147030   1.795067    
      147031   1.787072    
      147032   1.779082    
      147033   1.771099    
      147034   1.763122    
      147035   1.755152    
      147036   1.747189    
      147037   1.739234    
      147038   1.731288    
      147039   1.723350    
      147040   1.715422    
      147041   1.707505    
      147042   1.699598    
      147043   1.691702    
      147044   1.683820    
      147045   1.675951    
      147046   1.668096    
      147047   1.660257    
      147048   1.652436    
      147049   1.644632    
      147050   1.636848    
      147051   1.629086    
      147052   1.621347    
      147053   1.613633    
      147054   1.605947    
      147055   1.598291    
      147056   1.590668    
      147057   1.583082    
      147058   1.575536    
      147059   1.568036    
      147060   1.560587    
      147061   1.553194    
      147062   1.545861    
      147063   1.538587    
      147064   1.531371    
      147065   1.524211    
      147066   1.517103    
      147067   1.510043    
      147068   1.503028    
      147069   1.496051    
      147070   1.489109    
      147071   1.482198    
      147072   1.475318    
      147073   1.468471    
      147074   1.461659    
      147075   1.454886    
      147076   1.448157    
      147077   1.441477    
      147078   1.434851    
      147079   1.428283    
      147080   1.421777    
      147081   1.415332    
      147082   1.408949    
      147083   1.402624    
      147084   1.396354    
      147085   1.390133    
      147086   1.383950    
      147087   1.377789    
      147088   1.371615    
      147089   1.365369    
      147090   1.358951    
      147091   1.352206    
      147092   1.344998    
      147093   1.337389    
      147094   1.329545    
      147095   1.321584    
      147096   1.313569    
      147097   1.305529    
      147098   1.297478    
      147099   1.289422    
      147100   1.281363    
      147101   1.273304    
      147102   1.265244    
      147103   1.257184    
      147104   1.249125    
      147105   1.241068    
      147106   1.233013    
      147107   1.224960    
      147108   1.216910    
      147109   1.208863    
      147110   1.200819    
      147111   1.192780    
      147112   1.184745    
      147113   1.176715    
      147114   1.168690    
      147115   1.160671    
      147116   1.152658    
      147117   1.144651    
      147118   1.136652    
      147119   1.128660    
      147120   1.120677    
      147121   1.112702    
      147122   1.104737    
      147123   1.096781    
      147124   1.088837    
      147125   1.080904    
      147126   1.072984    
      147127   1.065077    
      147128   1.057186    
      147129   1.049310    
      147130   1.041451    
      147131   1.033612    
      147132   1.025793    
      147133   1.017996    
      147134   1.010224    
      147135   1.002478    
      147136  0.9947615    
      147137  0.9870771    
      147138  0.9794282    
      147139  0.9718187    
      147140  0.9642533    
      147141  0.9567372    
      147142  0.9492759    
      147143  0.9418750    
      147144  0.9345372    
      147145  0.9272625    
      147146  0.9200495    
      147147  0.9128944    
      147148  0.9057881    
      147149  0.8987123    
      147150  0.8916326    
      147151  0.8844880    
      147152  0.8771898    
      147153  0.8696600    
      147154  0.8619131    
      147155  0.8540300    
      147156  0.8460749    
      147157  0.8380842    
      147158  0.8300767    
      147159  0.8220617    
      147160  0.8140440    
      147161  0.8060265    
      147162  0.7980104    
      147163  0.7899971    
      147164  0.7819875    
      147165  0.7739825    
      147166  0.7659830    
      147167  0.7579901    
      147168  0.7500050    
      147169  0.7420290    
      147170  0.7340635    
      147171  0.7261102    
      147172  0.7181703    
      147173  0.7102455    
      147174  0.7023373    
      147175  0.6944476    
      147176  0.6865782    
      147177  0.6787313    
      147178  0.6709095    
      147179  0.6631155    
      147180  0.6553525    
      147181  0.6476239    
      147182  0.6399343    
      147183  0.6322889    
      147184  0.6246939    
      147185  0.6171569    
      147186  0.6096867    
      147187  0.6022918    
      147188  0.5949782    
      147189  0.5877497    
      147190  0.5806093    
      147191  0.5735620    
      147192  0.5666131    
      147193  0.5597674    
      147194  0.5530282    
      147195  0.5463965    
      147196  0.5398696    
      147197  0.5334400    
      147198  0.5270947    
      147199  0.5208111    
      147200  0.5145448    
      147201  0.5082231    
      147202  0.5017252    
      147203  0.4948732    
      147204  0.4875262    
      147205  0.4797601    
      147206  0.4717483    
      147207  0.4636126    
      147208  0.4554173    
      147209  0.4471939    
      147210  0.4389566    
      147211  0.4307116    
      147212  0.4224613    
      147213  0.4142067    
      147214  0.4059481    
      147215  0.3976859    
      147216  0.3894204    
      147217  0.3811520    
      147218  0.3728809    
      147219  0.3646074    
      147220  0.3563320    
      147221  0.3480551    
      147222  0.3397771    
      147223  0.3314983    
      147224  0.3232190    
      147225  0.3149393    
      147226  0.3066592    
      147227  0.2983789    
      147228  0.2900985    
      147229  0.2818179    
      147230  0.2735372    
      147231  0.2652565    
      147232  0.2569756    
      147233  0.2486947    
      147234  0.2404136    
      147235  0.2321325    
      147236  0.2238514    
      147237  0.2155702    
      147238  0.2072890    
      147239  0.1990078    
      147240  0.1907265    
      147241  0.1824453    
      147242  0.1741641    
      147243  0.1658830    
      147244  0.1576021    
      147245  0.1493215    
      147246  0.1410412    
      147247  0.1327615    
      147248  0.1244825    
      147249  0.1162046    
      147250  0.1079281    
      147251  9.9653430E-02
      147252  9.1381252E-02
      147253  8.3112493E-02
      147254  7.4848637E-02
      147255  6.6592291E-02
      147256  5.8348473E-02
      147257  5.0127760E-02
      147258  4.1953765E-02
      147259  3.3881832E-02
      147260  2.6045766E-02
      147261  1.8773083E-02
      147262  1.2861618E-02
      147263  1.0156609E-02
      147264  1.2861712E-02
      147265  1.8773310E-02
      147266  2.6046172E-02
      147267  3.3882458E-02
      147268  4.1954644E-02
      147269  5.0128903E-02
      147270  5.8349892E-02
      147271  6.6593975E-02
      147272  7.4850567E-02
      147273  8.3114631E-02
      147274  9.1383561E-02
      147275  9.9655867E-02
      147276  0.1079306    
      147277  0.1162072    
      147278  0.1244851    
      147279  0.1327641    
      147280  0.1410438    
      147281  0.1493241    
      147282  0.1576048    
      147283  0.1658857    
      147284  0.1741668    
      147285  0.1824480    
      147286  0.1907293    
      147287  0.1990105    
      147288  0.2072918    
      147289  0.2155730    
      147290  0.2238541    
      147291  0.2321351    
      147292  0.2404161    
      147293  0.2486968    
      147294  0.2569775    
      147295  0.2652578    
      147296  0.2735379    
      147297  0.2818174    
      147298  0.2900963    
      147299  0.2983742    
      147300  0.3066507    
      147301  0.3149251    
      147302  0.3231965    
      147303  0.3314635    
      147304  0.3397241    
      147305  0.3479756    
      147306  0.3562143    
      147307  0.3644363    
      147308  0.3726361    
      147309  0.3808069    
      147310  0.3889381    
      147311  0.3970123    
      147312  0.4049971    
      147313  0.4128273    
      147314  0.4203866    
      147315  0.4274959    
      147316  0.4340022    
      147317  0.4399902    
      147318  0.4457095    
      147319  0.4513560    
      147320  0.4570463    
      147321  0.4628370    
      147322  0.4687488    
      147323  0.4747857    
      147324  0.4809425    
      147325  0.4872137    
      147326  0.4935938    
      147327  0.5000755    
      147328  0.5066521    
      147329  0.5133170    
      147330  0.5200658    
      147331  0.5268949    
      147332  0.5338019    
      147333  0.5407849    
      147334  0.5478424    
      147335  0.5549738    
      147336  0.5621800    
      147337  0.5694643    
      147338  0.5768302    
      147339  0.5842774    
      147340  0.5917997    
      147341  0.5993875    
      147342  0.6070331    
      147343  0.6147312    
      147344  0.6224776    
      147345  0.6302682    
      147346  0.6380986    
      147347  0.6459649    
      147348  0.6538631    
      147349  0.6617898    
      147350  0.6697416    
      147351  0.6777159    
      147352  0.6857101    
      147353  0.6937221    
      147354  0.7017502    
      147355  0.7097924    
      147356  0.7178475    
      147357  0.7259139    
      147358  0.7339908    
      147359  0.7420770    
      147360  0.7501717    
      147361  0.7582737    
      147362  0.7663826    
      147363  0.7744976    
      147364  0.7826179    
      147365  0.7907430    
      147366  0.7988720    
      147367  0.8070041    
      147368  0.8151385    
      147369  0.8232738    
      147370  0.8314084    
      147371  0.8395401    
      147372  0.8476657    
      147373  0.8557804    
      147374  0.8638775    
      147375  0.8719467    
      147376  0.8799734    
      147377  0.8879365    
      147378  0.8958077    
      147379  0.9035532    
      147380  0.9111323    
      147381  0.9184990    
      147382  0.9256134    
      147383  0.9324609    
      147384  0.9390664    
      147385  0.9454913    
      147386  0.9518015    
      147387  0.9580472    
      147388  0.9642589    
      147389  0.9704528    
      147390  0.9766370    
      147391  0.9828159    
      147392  0.9889928    
      147393  0.9951715    
      147394   1.001358    
      147395   1.007559    
      147396   1.013786    
      147397   1.020053    
      147398   1.026373    
      147399   1.032758    
      147400   1.039214    
      147401   1.045749    
      147402   1.052366    
      147403   1.059066    
      147404   1.065849    
      147405   1.072712    
      147406   1.079653    
      147407   1.086667    
      147408   1.093752    
      147409   1.100904    
      147410   1.108124    
      147411   1.115411    
      147412   1.122767    
      147413   1.130193    
      147414   1.137687    
      147415   1.145243    
      147416   1.152857    
      147417   1.160523    
      147418   1.168238    
      147419   1.175999    
      147420   1.183802    
      147421   1.191643    
      147422   1.199520    
      147423   1.207427    
      147424   1.215363    
      147425   1.223324    
      147426   1.231307    
      147427   1.239310    
      147428   1.247331    
      147429   1.255368    
      147430   1.263419    
      147431   1.271482    
      147432   1.279558    
      147433   1.287643    
      147434   1.295738    
      147435   1.303842    
      147436   1.311953    
      147437   1.320071    
      147438   1.328196    
      147439   1.336326    
      147440   1.344462    
      147441   1.352602    
      147442   1.360747    
      147443   1.368896    
      147444   1.377049    
      147445   1.385206    
      147446   1.393365    
      147447   1.401527    
      147448   1.409692    
      147449   1.417859    
      147450   1.426029    
      147451   1.434200    
      147452   1.442374    
      147453   1.450549    
      147454   1.458725    
      147455   1.466903    
      147456   1.475083    
      147457   1.483263    
      147458   1.491445    
      147459   1.499628    
      147460   1.507812    
      147461   1.515996    
      147462   1.524181    
      147463   1.532367    
      147464   1.540554    
      147465   1.548741    
      147466   1.556928    
      147467   1.565116    
      147468   1.573305    
      147469   1.581494    
      147470   1.589683    
      147471   1.597872    
      147472   1.606062    
      147473   1.614252    
      147474   1.622442    
      147475   1.630633    
      147476   1.638823    
      147477   1.647014    
      147478   1.655204    
      147479   1.663395    
      147480   1.671586    
      147481   1.679777    
      147482   1.687968    
      147483   1.696159    
      147484   1.704350    
      147485   1.712541    
      147486   1.720732    
      147487   1.728924    
      147488   1.737115    
      147489   1.745306    
      147490   1.753497    
      147491   1.761688    
      147492   1.769880    
      147493   1.778071    
      147494   1.786262    
      147495   1.794454    
      147496   1.802645    
      147497   1.810836    
      147498   1.819027    
      147499   1.827219    
      147500   1.835410    
      147501   1.843601    
