      199717   2.105540    
      199718   2.098837    
      199719   2.092192    
      199720   2.085605    
      199721   2.079074    
      199722   2.072597    
      199723   2.066168    
      199724   2.059782    
      199725   2.053430    
      199726   2.047100    
      199727   2.040766    
      199728   2.034379    
      199729   2.027854    
      199730   2.021057    
      199731   2.013854    
      199732   2.006265    
      199733   1.998434    
      199734   1.990480    
      199735   1.982466    
      199736   1.974425    
      199737   1.966371    
      199738   1.958311    
      199739   1.950247    
      199740   1.942181    
      199741   1.934115    
      199742   1.926049    
      199743   1.917983    
      199744   1.909918    
      199745   1.901855    
      199746   1.893794    
      199747   1.885734    
      199748   1.877678    
      199749   1.869624    
      199750   1.861574    
      199751   1.853528    
      199752   1.845486    
      199753   1.837449    
      199754   1.829417    
      199755   1.821391    
      199756   1.813370    
      199757   1.805356    
      199758   1.797349    
      199759   1.789350    
      199760   1.781358    
      199761   1.773375    
      199762   1.765401    
      199763   1.757437    
      199764   1.749484    
      199765   1.741542    
      199766   1.733612    
      199767   1.725696    
      199768   1.717795    
      199769   1.709909    
      199770   1.702041    
      199771   1.694191    
      199772   1.686362    
      199773   1.678555    
      199774   1.670772    
      199775   1.663016    
      199776   1.655290    
      199777   1.647596    
      199778   1.639938    
      199779   1.632320    
      199780   1.624746    
      199781   1.617224    
      199782   1.609758    
      199783   1.602354    
      199784   1.595016    
      199785   1.587745    
      199786   1.580540    
      199787   1.573395    
      199788   1.566303    
      199789   1.559245    
      199790   1.552186    
      199791   1.545066    
      199792   1.537794    
      199793   1.530288    
      199794   1.522557    
      199795   1.514682    
      199796   1.506732    
      199797   1.498744    
      199798   1.490739    
      199799   1.482726    
      199800   1.474710    
      199801   1.466693    
      199802   1.458678    
      199803   1.450666    
      199804   1.442658    
      199805   1.434654    
      199806   1.426656    
      199807   1.418665    
      199808   1.410681    
      199809   1.402706    
      199810   1.394742    
      199811   1.386791    
      199812   1.378852    
      199813   1.370929    
      199814   1.363023    
      199815   1.355135    
      199816   1.347267    
      199817   1.339422    
      199818   1.331603    
      199819   1.323812    
      199820   1.316051    
      199821   1.308326    
      199822   1.300639    
      199823   1.292997    
      199824   1.285407    
      199825   1.277875    
      199826   1.270411    
      199827   1.263022    
      199828   1.255717    
      199829   1.248496    
      199830   1.241365    
      199831   1.234329    
      199832   1.227392    
      199833   1.220561    
      199834   1.213839    
      199835   1.207227    
      199836   1.200726    
      199837   1.194330    
      199838   1.188034    
      199839   1.181834    
      199840   1.175722    
      199841   1.169690    
      199842   1.163730    
      199843   1.157832    
      199844   1.151988    
      199845   1.146176    
      199846   1.140356    
      199847   1.134439    
      199848   1.128281    
      199849   1.121715    
      199850   1.114705    
      199851   1.107378    
      199852   1.099871    
      199853   1.092268    
      199854   1.084616    
      199855   1.076938    
      199856   1.069250    
      199857   1.061560    
      199858   1.053874    
      199859   1.046198    
      199860   1.038536    
      199861   1.030891    
      199862   1.023266    
      199863   1.015666    
      199864   1.008092    
      199865   1.000548    
      199866  0.9930388    
      199867  0.9855672    
      199868  0.9781383    
      199869  0.9707572    
      199870  0.9634286    
      199871  0.9561558    
      199872  0.9489406    
      199873  0.9417850    
      199874  0.9346910    
      199875  0.9276615    
      199876  0.9207007    
      199877  0.9138119    
      199878  0.9069991    
      199879  0.9002663    
      199880  0.8936166    
      199881  0.8870527    
      199882  0.8805764    
      199883  0.8741872    
      199884  0.8678847    
      199885  0.8616670    
      199886  0.8555231    
      199887  0.8494203    
      199888  0.8432897    
      199889  0.8370029    
      199890  0.8303500    
      199891  0.8231466    
      199892  0.8154809    
      199893  0.8075552    
      199894  0.7995050    
      199895  0.7913993    
      199896  0.7832700    
      199897  0.7751315    
      199898  0.7669896    
      199899  0.7588472    
      199900  0.7507053    
      199901  0.7425645    
      199902  0.7344252    
      199903  0.7262875    
      199904  0.7181517    
      199905  0.7100180    
      199906  0.7018866    
      199907  0.6937577    
      199908  0.6856316    
      199909  0.6775086    
      199910  0.6693890    
      199911  0.6612730    
      199912  0.6531610    
      199913  0.6450533    
      199914  0.6369505    
      199915  0.6288528    
      199916  0.6207608    
      199917  0.6126750    
      199918  0.6045958    
      199919  0.5965239    
      199920  0.5884599    
      199921  0.5804048    
      199922  0.5723591    
      199923  0.5643238    
      199924  0.5563000    
      199925  0.5482887    
      199926  0.5402911    
      199927  0.5323088    
      199928  0.5243433    
      199929  0.5163963    
      199930  0.5084699    
      199931  0.5005664    
      199932  0.4926884    
      199933  0.4848386    
      199934  0.4770205    
      199935  0.4692373    
      199936  0.4614925    
      199937  0.4537895    
      199938  0.4461321    
      199939  0.4385235    
      199940  0.4309672    
      199941  0.4234661    
      199942  0.4160228    
      199943  0.4086390    
      199944  0.4013162    
      199945  0.3940561    
      199946  0.3868619    
      199947  0.3797372    
      199948  0.3726877    
      199949  0.3657211    
      199950  0.3588472    
      199951  0.3520774    
      199952  0.3454243    
      199953  0.3389006    
      199954  0.3325166    
      199955  0.3262763    
      199956  0.3201749    
      199957  0.3142001    
      199958  0.3083276    
      199959  0.3025191    
      199960  0.2967112    
      199961  0.2908033    
      199962  0.2846515    
      199963  0.2780766    
      199964  0.2709784    
      199965  0.2634471    
      199966  0.2556458    
      199967  0.2476950    
      199968  0.2396571    
      199969  0.2315627    
      199970  0.2234278    
      199971  0.2152616    
      199972  0.2070697    
      199973  0.1988564    
      199974  0.1906250    
      199975  0.1823790    
      199976  0.1741219    
      199977  0.1658572    
      199978  0.1575872    
      199979  0.1493138    
      199980  0.1410384    
      199981  0.1327618    
      199982  0.1244850    
      199983  0.1162084    
      199984  0.1079327    
      199985  9.9658534E-02
      199986  9.1386549E-02
      199987  8.3117768E-02
      199988  7.4853718E-02
      199989  6.6597037E-02
      199990  5.8352798E-02
      199991  5.0131578E-02
      199992  4.1957028E-02
      199993  3.3884503E-02
      199994  2.6047835E-02
      199995  1.8774575E-02
      199996  1.2862625E-02
      199997  1.0157359E-02
      199998  1.2862580E-02
      199999  1.8774463E-02
      200000  2.6047619E-02
      200001  3.3884127E-02
      200002  4.1956402E-02
      200003  5.0130568E-02
      200004  5.8351211E-02
      200005  6.6594578E-02
      200006  7.4849941E-02
      200007  8.3112001E-02
      200008  9.1377757E-02
      200009  9.9645138E-02
      200010  0.1079123    
      200011  0.1161774    
      200012  0.1244378    
      200013  0.1326903    
      200014  0.1409301    
      200015  0.1491510    
      200016  0.1573449    
      200017  0.1655013    
      200018  0.1736070    
      200019  0.1816490    
      200020  0.1896133    
      200021  0.1974792    
      200022  0.2052073    
      200023  0.2127302    
      200024  0.2199783    
      200025  0.2269235    
      200026  0.2335992    
      200027  0.2400809    
      200028  0.2464411    
      200029  0.2527302    
      200030  0.2589789    
      200031  0.2652046    
      200032  0.2714192    
      200033  0.2776323    
      200034  0.2838525    
      200035  0.2900887    
      200036  0.2963517    
      200037  0.3026544    
      200038  0.3090107    
      200039  0.3154330    
      200040  0.3219315    
      200041  0.3285134    
      200042  0.3351813    
      200043  0.3419336    
      200044  0.3487686    
      200045  0.3556842    
      200046  0.3626782    
      200047  0.3697465    
      200048  0.3768826    
      200049  0.3840799    
      200050  0.3913335    
      200051  0.3986388    
      200052  0.4059922    
      200053  0.4133919    
      200054  0.4208381    
      200055  0.4283313    
      200056  0.4358713    
      200057  0.4434562    
      200058  0.4510838    
      200059  0.4587533    
      200060  0.4664633    
      200061  0.4742119    
      200062  0.4819970    
      200063  0.4898159    
      200064  0.4976661    
      200065  0.5055445    
      200066  0.5134490    
      200067  0.5213767    
      200068  0.5293257    
      200069  0.5372939    
      200070  0.5452796    
      200071  0.5532812    
      200072  0.5612972    
      200073  0.5693263    
      200074  0.5773674    
      200075  0.5854194    
      200076  0.5934814    
      200077  0.6015525    
      200078  0.6096318    
      200079  0.6177188    
      200080  0.6258128    
      200081  0.6339130    
      200082  0.6420193    
      200083  0.6501309    
      200084  0.6582476    
      200085  0.6663687    
      200086  0.6744941    
      200087  0.6826235    
      200088  0.6907565    
      200089  0.6988927    
      200090  0.7070320    
      200091  0.7151741    
      200092  0.7233188    
      200093  0.7314659    
      200094  0.7396153    
      200095  0.7477667    
      200096  0.7559201    
      200097  0.7640751    
      200098  0.7722318    
      200099  0.7803899    
      200100  0.7885494    
      200101  0.7967100    
      200102  0.8048718    
      200103  0.8130348    
      200104  0.8211986    
      200105  0.8293633    
      200106  0.8375288    
      200107  0.8456950    
      200108  0.8538617    
      200109  0.8620291    
      200110  0.8701968    
      200111  0.8783652    
      200112  0.8865337    
      200113  0.8947027    
      200114  0.9028720    
      200115  0.9110414    
      200116  0.9192109    
      200117  0.9273805    
      200118  0.9355503    
      200119  0.9437202    
      200120  0.9518899    
      200121  0.9600598    
      200122  0.9682294    
      200123  0.9763991    
      200124  0.9845685    
      200125  0.9927378    
      200126   1.000907    
      200127   1.009076    
      200128   1.017244    
      200129   1.025412    
      200130   1.033580    
      200131   1.041748    
      200132   1.049915    
      200133   1.058081    
      200134   1.066247    
      200135   1.074413    
      200136   1.082578    
      200137   1.090743    
      200138   1.098906    
      200139   1.107069    
      200140   1.115232    
      200141   1.123394    
