      258061   2.103786    
      258062   2.096100    
      258063   2.088458    
      258064   2.080868    
      258065   2.073336    
      258066   2.065871    
      258067   2.058483    
      258068   2.051178    
      258069   2.043957    
      258070   2.036826    
      258071   2.029790    
      258072   2.022853    
      258073   2.016022    
      258074   2.009300    
      258075   2.002689    
      258076   1.996188    
      258077   1.989792    
      258078   1.983496    
      258079   1.977296    
      258080   1.971184    
      258081   1.965153    
      258082   1.959192    
      258083   1.953295    
      258084   1.947451    
      258085   1.941639    
      258086   1.935818    
      258087   1.929901    
      258088   1.923743    
      258089   1.917176    
      258090   1.910165    
      258091   1.902838    
      258092   1.895331    
      258093   1.887728    
      258094   1.880075    
      258095   1.872398    
      258096   1.864710    
      258097   1.857020    
      258098   1.849334    
      258099   1.841658    
      258100   1.833996    
      258101   1.826351    
      258102   1.818727    
      258103   1.811126    
      258104   1.803552    
      258105   1.796009    
      258106   1.788499    
      258107   1.781028    
      258108   1.773599    
      258109   1.766218    
      258110   1.758890    
      258111   1.751617    
      258112   1.744402    
      258113   1.737247    
      258114   1.730153    
      258115   1.723124    
      258116   1.716163    
      258117   1.709275    
      258118   1.702463    
      258119   1.695730    
      258120   1.689080    
      258121   1.682516    
      258122   1.676036    
      258123   1.669637    
      258124   1.663306    
      258125   1.657014    
      258126   1.650696    
      258127   1.644230    
      258128   1.637423    
      258129   1.630115    
      258130   1.622390    
      258131   1.614427    
      258132   1.606348    
      258133   1.598217    
      258134   1.590063    
      258135   1.581899    
      258136   1.573731    
      258137   1.565563    
      258138   1.557394    
      258139   1.549227    
      258140   1.541060    
      258141   1.532894    
      258142   1.524730    
      258143   1.516567    
      258144   1.508405    
      258145   1.500246    
      258146   1.492088    
      258147   1.483932    
      258148   1.475779    
      258149   1.467628    
      258150   1.459481    
      258151   1.451336    
      258152   1.443195    
      258153   1.435057    
      258154   1.426924    
      258155   1.418794    
      258156   1.410670    
      258157   1.402552    
      258158   1.394439    
      258159   1.386333    
      258160   1.378234    
      258161   1.370142    
      258162   1.362060    
      258163   1.353987    
      258164   1.345925    
      258165   1.337875    
      258166   1.329839    
      258167   1.321817    
      258168   1.313811    
      258169   1.305824    
      258170   1.297858    
      258171   1.289915    
      258172   1.281998    
      258173   1.274110    
      258174   1.266255    
      258175   1.258438    
      258176   1.250661    
      258177   1.242930    
      258178   1.235248    
      258179   1.227619    
      258180   1.220047    
      258181   1.212532    
      258182   1.205077    
      258183   1.197683    
      258184   1.190351    
      258185   1.183082    
      258186   1.175878    
      258187   1.168744    
      258188   1.161685    
      258189   1.154709    
      258190   1.147825    
      258191   1.141045    
      258192   1.134381    
      258193   1.127847    
      258194   1.121452    
      258195   1.115201    
      258196   1.109091    
      258197   1.103109    
      258198   1.097236    
      258199   1.091444    
      258200   1.085698    
      258201   1.079949    
      258202   1.074131    
      258203   1.068153    
      258204   1.061900    
      258205   1.055258    
      258206   1.048193    
      258207   1.040771    
      258208   1.033096    
      258209   1.025257    
      258210   1.017313    
      258211   1.009296    
      258212   1.001228    
      258213  0.9931219    
      258214  0.9849870    
      258215  0.9768304    
      258216  0.9686584    
      258217  0.9604762    
      258218  0.9522871    
      258219  0.9440938    
      258220  0.9358981    
      258221  0.9277012    
      258222  0.9195042    
      258223  0.9113075    
      258224  0.9031116    
      258225  0.8949172    
      258226  0.8867246    
      258227  0.8785340    
      258228  0.8703458    
      258229  0.8621603    
      258230  0.8539779    
      258231  0.8457991    
      258232  0.8376242    
      258233  0.8294537    
      258234  0.8212882    
      258235  0.8131282    
      258236  0.8049747    
      258237  0.7968282    
      258238  0.7886897    
      258239  0.7805605    
      258240  0.7724416    
      258241  0.7643349    
      258242  0.7562420    
      258243  0.7481651    
      258244  0.7401068    
      258245  0.7320701    
      258246  0.7240589    
      258247  0.7160778    
      258248  0.7081326    
      258249  0.7002304    
      258250  0.6923800    
      258251  0.6845922    
      258252  0.6768802    
      258253  0.6692582    
      258254  0.6617417    
      258255  0.6543452    
      258256  0.6470807    
      258257  0.6399578    
      258258  0.6329833    
      258259  0.6261594    
      258260  0.6194820    
      258261  0.6129429    
      258262  0.6065299    
      258263  0.6002269    
      258264  0.5940163    
      258265  0.5878806    
      258266  0.5818061    
      258267  0.5757831    
      258268  0.5698065    
      258269  0.5638751    
      258270  0.5579899    
      258271  0.5521541    
      258272  0.5463724    
      258273  0.5406501    
      258274  0.5349913    
      258275  0.5293941    
      258276  0.5238452    
      258277  0.5183100    
      258278  0.5127170    
      258279  0.5069460    
      258280  0.5008159    
      258281  0.4941299    
      258282  0.4868752    
      258283  0.4792243    
      258284  0.4713416    
      258285  0.4633237    
      258286  0.4552248    
      258287  0.4470763    
      258288  0.4388943    
      258289  0.4306877    
      258290  0.4224622    
      258291  0.4142218    
      258292  0.4059697    
      258293  0.3977091    
      258294  0.3894423    
      258295  0.3811712    
      258296  0.3728972    
      258297  0.3646213    
      258298  0.3563439    
      258299  0.3480656    
      258300  0.3397866    
      258301  0.3315072    
      258302  0.3232274    
      258303  0.3149474    
      258304  0.3066671    
      258305  0.2983867    
      258306  0.2901062    
      258307  0.2818255    
      258308  0.2735448    
      258309  0.2652639    
      258310  0.2569830    
      258311  0.2487020    
      258312  0.2404210    
      258313  0.2321399    
      258314  0.2238587    
      258315  0.2155775    
      258316  0.2072963    
      258317  0.1990150    
      258318  0.1907337    
      258319  0.1824524    
      258320  0.1741712    
      258321  0.1658901    
      258322  0.1576091    
      258323  0.1493285    
      258324  0.1410481    
      258325  0.1327683    
      258326  0.1244893    
      258327  0.1162113    
      258328  0.1079347    
      258329  9.9659875E-02
      258330  9.1387466E-02
      258331  8.3118409E-02
      258332  7.4854165E-02
      258333  6.6597372E-02
      258334  5.8353044E-02
      258335  5.0131764E-02
      258336  4.1957177E-02
      258337  3.3884622E-02
      258338  2.6047930E-02
      258339  1.8774647E-02
      258340  1.2862684E-02
      258341  1.0157422E-02
      258342  1.2862682E-02
      258343  1.8774645E-02
      258344  2.6047925E-02
      258345  3.3884618E-02
      258346  4.1957177E-02
      258347  5.0131768E-02
      258348  5.8353044E-02
      258349  6.6597372E-02
      258350  7.4854173E-02
      258351  8.3118409E-02
      258352  9.1387480E-02
      258353  9.9659875E-02
      258354  0.1079347    
      258355  0.1162113    
      258356  0.1244893    
      258357  0.1327684    
      258358  0.1410481    
      258359  0.1493285    
      258360  0.1576092    
      258361  0.1658901    
      258362  0.1741712    
      258363  0.1824525    
      258364  0.1907337    
      258365  0.1990150    
      258366  0.2072963    
      258367  0.2155775    
      258368  0.2238588    
      258369  0.2321400    
      258370  0.2404211    
      258371  0.2487021    
      258372  0.2569832    
      258373  0.2652641    
      258374  0.2735450    
      258375  0.2818258    
      258376  0.2901065    
      258377  0.2983871    
      258378  0.3066677    
      258379  0.3149481    
      258380  0.3232285    
      258381  0.3315089    
