       84281   1.183026    
       84282   1.174958    
       84283   1.166891    
       84284   1.158825    
       84285   1.150760    
       84286   1.142695    
       84287   1.134632    
       84288   1.126571    
       84289   1.118510    
       84290   1.110451    
       84291   1.102394    
       84292   1.094338    
       84293   1.086284    
       84294   1.078233    
       84295   1.070183    
       84296   1.062135    
       84297   1.054090    
       84298   1.046047    
       84299   1.038007    
       84300   1.029969    
       84301   1.021935    
       84302   1.013904    
       84303   1.005876    
       84304  0.9978520    
       84305  0.9898317    
       84306  0.9818155    
       84307  0.9738035    
       84308  0.9657962    
       84309  0.9577938    
       84310  0.9497966    
       84311  0.9418048    
       84312  0.9338189    
       84313  0.9258393    
       84314  0.9178663    
       84315  0.9099004    
       84316  0.9019419    
       84317  0.8939915    
       84318  0.8860496    
       84319  0.8781168    
       84320  0.8701937    
       84321  0.8622809    
       84322  0.8543794    
       84323  0.8464897    
       84324  0.8386128    
       84325  0.8307495    
       84326  0.8229010    
       84327  0.8150685    
       84328  0.8072532    
       84329  0.7994564    
       84330  0.7916794    
       84331  0.7839240    
       84332  0.7761918    
       84333  0.7684850    
       84334  0.7608055    
       84335  0.7531562    
       84336  0.7455399    
       84337  0.7379601    
       84338  0.7304207    
       84339  0.7229263    
       84340  0.7154821    
       84341  0.7080930    
       84342  0.7007620    
       84343  0.6934892    
       84344  0.6862729    
       84345  0.6791104    
       84346  0.6719985    
       84347  0.6649336    
       84348  0.6579114    
       84349  0.6509272    
       84350  0.6439770    
       84351  0.6370587    
       84352  0.6301717    
       84353  0.6233175    
       84354  0.6164991    
       84355  0.6097200    
       84356  0.6029845    
       84357  0.5962973    
       84358  0.5896624    
       84359  0.5830830    
       84360  0.5765590    
       84361  0.5700839    
       84362  0.5636366    
       84363  0.5571786    
       84364  0.5506430    
       84365  0.5439156    
       84366  0.5368447    
       84367  0.5293287    
       84368  0.5214571    
       84369  0.5133833    
       84370  0.5052066    
       84371  0.4969793    
       84372  0.4887277    
       84373  0.4804649    
       84374  0.4721967    
       84375  0.4639260    
       84376  0.4556539    
       84377  0.4473811    
       84378  0.4391077    
       84379  0.4308338    
       84380  0.4225593    
       84381  0.4142844    
       84382  0.4060089    
       84383  0.3977328    
       84384  0.3894562    
       84385  0.3811792    
       84386  0.3729016    
       84387  0.3646234    
       84388  0.3563449    
       84389  0.3480659    
       84390  0.3397866    
       84391  0.3315069    
       84392  0.3232269    
       84393  0.3149468    
       84394  0.3066665    
       84395  0.2983860    
       84396  0.2901055    
       84397  0.2818248    
       84398  0.2735440    
       84399  0.2652632    
       84400  0.2569823    
       84401  0.2487013    
       84402  0.2404203    
       84403  0.2321391    
       84404  0.2238580    
       84405  0.2155768    
       84406  0.2072955    
       84407  0.1990142    
       84408  0.1907330    
       84409  0.1824517    
       84410  0.1741705    
       84411  0.1658894    
       84412  0.1576084    
       84413  0.1493277    
       84414  0.1410474    
       84415  0.1327676    
       84416  0.1244886    
       84417  0.1162106    
       84418  0.1079340    
       84419  9.9659160E-02
       84420  9.1386750E-02
       84421  8.3117694E-02
       84422  7.4853465E-02
       84423  6.6596672E-02
       84424  5.8352366E-02
       84425  5.0131116E-02
       84426  4.1956563E-02
       84427  3.3884048E-02
       84428  2.6047414E-02
       84429  1.8774200E-02
       84430  1.2862285E-02
       84431  1.0156972E-02
       84432  1.2861924E-02
       84433  1.8773293E-02
       84434  2.6045654E-02
       84435  3.3881009E-02
       84436  4.1951686E-02
       84437  5.0123744E-02
       84438  5.8341786E-02
       84439  6.6582203E-02
       84440  7.4834496E-02
       84441  8.3093733E-02
       84442  9.1357440E-02
       84443  9.9624336E-02
       84444  0.1078938    
       84445  0.1161653    
       84446  0.1244387    
       84447  0.1327139    
       84448  0.1409905    
       84449  0.1492683    
       84450  0.1575470    
       84451  0.1658264    
       84452  0.1741062    
       84453  0.1823864    
       84454  0.1906668    
       84455  0.1989473    
       84456  0.2072279    
       84457  0.2155086    
       84458  0.2237893    
       84459  0.2320700    
       84460  0.2403507    
       84461  0.2486314    
       84462  0.2569120    
       84463  0.2651926    
       84464  0.2734731    
       84465  0.2817536    
       84466  0.2900340    
       84467  0.2983143    
       84468  0.3065944    
       84469  0.3148744    
       84470  0.3231541    
       84471  0.3314335    
       84472  0.3397126    
       84473  0.3479910    
       84474  0.3562686    
       84475  0.3645450    
       84476  0.3728197    
       84477  0.3810921    
       84478  0.3893614    
       84479  0.3976268    
       84480  0.4058879    
       84481  0.4141446    
       84482  0.4223969    
       84483  0.4306451    
       84484  0.4388887    
       84485  0.4471258    
       84486  0.4553518    
       84487  0.4635557    
       84488  0.4717126    
       84489  0.4797708    
       84490  0.4876333    
       84491  0.4951500    
       84492  0.5022146    
       84493  0.5089138    
       84494  0.5154075    
       84495  0.5218192    
       84496  0.5282241    
       84497  0.5346657    
       84498  0.5411702    
       84499  0.5477498    
       84500  0.5544093    
       84501  0.5611490    
       84502  0.5679672    
       84503  0.5748611    
       84504  0.5818276    
       84505  0.5888641    
       84506  0.5959693    
       84507  0.6031427    
       84508  0.6103857    
       84509  0.6176996    
       84510  0.6250838    
       84511  0.6325320    
       84512  0.6400353    
       84513  0.6475871    
       84514  0.6551834    
       84515  0.6628208    
       84516  0.6704961    
       84517  0.6782067    
       84518  0.6859496    
       84519  0.6937224    
       84520  0.7015226    
       84521  0.7093481    
       84522  0.7171966    
       84523  0.7250663    
       84524  0.7329553    
       84525  0.7408621    
       84526  0.7487851    
       84527  0.7567230    
       84528  0.7646747    
       84529  0.7726391    
       84530  0.7806152    
       84531  0.7886020    
       84532  0.7965987    
       84533  0.8046044    
       84534  0.8126185    
       84535  0.8206403    
       84536  0.8286693    
       84537  0.8367047    
       84538  0.8447461    
       84539  0.8527931    
       84540  0.8608450    
       84541  0.8689016    
       84542  0.8769623    
       84543  0.8850268    
       84544  0.8930946    
       84545  0.9011649    
       84546  0.9092367    
       84547  0.9173074    
       84548  0.9253718    
       84549  0.9334179    
       84550  0.9414190    
       84551  0.9493178    
       84552  0.9570017    
       84553  0.9643022    
       84554  0.9711314    
       84555  0.9776237    
       84556  0.9839563    
       84557  0.9902413    
       84558  0.9965387    
       84559   1.002877    
       84560   1.009265    
       84561   1.015706    
       84562   1.022202    
       84563   1.028750    
       84564   1.035352    
       84565   1.042007    
       84566   1.048714    
       84567   1.055473    
       84568   1.062284    
       84569   1.069147    
       84570   1.076061    
       84571   1.083025    
       84572   1.090040    
       84573   1.097106    
       84574   1.104223    
       84575   1.111393    
       84576   1.118615    
       84577   1.125889    
       84578   1.133211    
       84579   1.140572    
       84580   1.147968    
       84581   1.155392    
       84582   1.162839    
       84583   1.170303    
       84584   1.177774    
       84585   1.185240    
       84586   1.192683    
       84587   1.200080    
       84588   1.207394    
       84589   1.214574    
       84590   1.221544    
       84591   1.228201    
       84592   1.234451    
       84593   1.240279    
       84594   1.245779    
       84595   1.251079    
       84596   1.256298    
       84597   1.261528    
       84598   1.266838    
       84599   1.272265    
       84600   1.277829    
       84601   1.283538    
       84602   1.289393    
       84603   1.295389    
       84604   1.301513    
       84605   1.307758    
       84606   1.314116    
       84607   1.320579    
       84608   1.327140    
       84609   1.333791    
       84610   1.340529    
       84611   1.347348    
       84612   1.354247    
       84613   1.361223    
       84614   1.368275    
       84615   1.375402    
       84616   1.382605    
       84617   1.389886    
       84618   1.397248    
       84619   1.404692    
       84620   1.412212    
       84621   1.419798    
       84622   1.427442    
       84623   1.435139    
       84624   1.442884    
       84625   1.450673    
       84626   1.458502    
       84627   1.466367    
       84628   1.474264    
       84629   1.482189    
       84630   1.490140    
       84631   1.498113    
       84632   1.506106    
       84633   1.514116    
       84634   1.522143    
       84635   1.530184    
       84636   1.538237    
       84637   1.546302    
       84638   1.554378    
       84639   1.562463    
       84640   1.570556    
       84641   1.578657    
       84642   1.586765    
       84643   1.594879    
       84644   1.602998    
       84645   1.611122    
       84646   1.619250    
       84647   1.627381    
       84648   1.635515    
       84649   1.643649    
       84650   1.651783    
       84651   1.659914    
       84652   1.668039    
       84653   1.676153    
       84654   1.684250    
       84655   1.692318    
       84656   1.700344    
       84657   1.708307    
       84658   1.716178    
       84659   1.723923    
       84660   1.731502    
       84661   1.738868    
       84662   1.745983    
       84663   1.752831    
       84664   1.759437    
       84665   1.765862    
       84666   1.772172    
       84667   1.778418    
       84668   1.784630    
       84669   1.790824    
       84670   1.797009    
       84671   1.803187    
       84672   1.809364    
       84673   1.815543    
       84674   1.821729    
       84675   1.827930    
       84676   1.834157    
       84677   1.840424    
       84678   1.846745    
       84679   1.853129    
       84680   1.859586    
       84681   1.866121    
       84682   1.872738    
       84683   1.879438    
       84684   1.886220    
       84685   1.893083    
       84686   1.900024    
       84687   1.907039    
       84688   1.914123    
       84689   1.921275    
       84690   1.928495    
       84691   1.935782    
       84692   1.943139    
       84693   1.950565    
       84694   1.958058    
       84695   1.965615    
       84696   1.973228    
       84697   1.980895    
       84698   1.988610    
       84699   1.996370    
       84700   2.004173    
       84701   2.012014    
       84702   2.019891    
       84703   2.027799    
       84704   2.035734    
       84705   2.043695    
       84706   2.051678    
       84707   2.059680    
       84708   2.067697    
       84709   2.075723    
       84710   2.083745    
       84711   2.091733    
