       83161   1.167052    
       83162   1.158984    
       83163   1.150917    
       83164   1.142850    
       83165   1.134785    
       83166   1.126721    
       83167   1.118658    
       83168   1.110596    
       83169   1.102536    
       83170   1.094477    
       83171   1.086420    
       83172   1.078364    
       83173   1.070310    
       83174   1.062258    
       83175   1.054208    
       83176   1.046161    
       83177   1.038115    
       83178   1.030072    
       83179   1.022032    
       83180   1.013995    
       83181   1.005961    
       83182  0.9979294    
       83183  0.9899017    
       83184  0.9818776    
       83185  0.9738572    
       83186  0.9658411    
       83187  0.9578291    
       83188  0.9498217    
       83189  0.9418193    
       83190  0.9338222    
       83191  0.9258304    
       83192  0.9178445    
       83193  0.9098649    
       83194  0.9018918    
       83195  0.8939259    
       83196  0.8859675    
       83197  0.8780171    
       83198  0.8700752    
       83199  0.8621424    
       83200  0.8542193    
       83201  0.8463066    
       83202  0.8384050    
       83203  0.8305153    
       83204  0.8226383    
       83205  0.8147751    
       83206  0.8069267    
       83207  0.7990943    
       83208  0.7912789    
       83209  0.7834821    
       83210  0.7757051    
       83211  0.7679495    
       83212  0.7602174    
       83213  0.7525104    
       83214  0.7448310    
       83215  0.7371817    
       83216  0.7295654    
       83217  0.7219856    
       83218  0.7144462    
       83219  0.7069517    
       83220  0.6995075    
       83221  0.6921183    
       83222  0.6847872    
       83223  0.6775143    
       83224  0.6702979    
       83225  0.6631353    
       83226  0.6560233    
       83227  0.6489583    
       83228  0.6419359    
       83229  0.6349515    
       83230  0.6280010    
       83231  0.6210824    
       83232  0.6141953    
       83233  0.6073409    
       83234  0.6005223    
       83235  0.5937430    
       83236  0.5870073    
       83237  0.5803196    
       83238  0.5736840    
       83239  0.5671032    
       83240  0.5605764    
       83241  0.5540946    
       83242  0.5476322    
       83243  0.5411444    
       83244  0.5345553    
       83245  0.5277389    
       83246  0.5205368    
       83247  0.5129056    
       83248  0.5049678    
       83249  0.4968606    
       83250  0.4886668    
       83251  0.4804311    
       83252  0.4721757    
       83253  0.4639108    
       83254  0.4556415    
       83255  0.4473701    
       83256  0.4390976    
       83257  0.4308243    
       83258  0.4225506    
       83259  0.4142763    
       83260  0.4060015    
       83261  0.3977263    
       83262  0.3894505    
       83263  0.3811742    
       83264  0.3728973    
       83265  0.3646200    
       83266  0.3563422    
       83267  0.3480639    
       83268  0.3397852    
       83269  0.3315060    
       83270  0.3232265    
       83271  0.3149466    
       83272  0.3066664    
       83273  0.2983862    
       83274  0.2901057    
       83275  0.2818251    
       83276  0.2735443    
       83277  0.2652635    
       83278  0.2569826    
       83279  0.2487017    
       83280  0.2404206    
       83281  0.2321395    
       83282  0.2238584    
       83283  0.2155772    
       83284  0.2072959    
       83285  0.1990146    
       83286  0.1907334    
       83287  0.1824521    
       83288  0.1741709    
       83289  0.1658898    
       83290  0.1576088    
       83291  0.1493281    
       83292  0.1410478    
       83293  0.1327680    
       83294  0.1244890    
       83295  0.1162110    
       83296  0.1079344    
       83297  9.9659547E-02
       83298  9.1387153E-02
       83299  8.3118089E-02
       83300  7.4853852E-02
       83301  6.6597059E-02
       83302  5.8352739E-02
       83303  5.0131474E-02
       83304  4.1956902E-02
       83305  3.3884361E-02
       83306  2.6047695E-02
       83307  1.8774446E-02
       83308  1.2862504E-02
       83309  1.0157219E-02
       83310  1.2862341E-02
       83311  1.8774033E-02
       83312  2.6046887E-02
       83313  3.3882946E-02
       83314  4.1954566E-02
       83315  5.0127789E-02
       83316  5.8347136E-02
       83317  6.6588849E-02
       83318  7.4842334E-02
       83319  8.3102569E-02
       83320  9.1367021E-02
       83321  9.9634275E-02
       83322  0.1079036    
       83323  0.1161745    
       83324  0.1244469    
       83325  0.1327206    
       83326  0.1409955    
       83327  0.1492717    
       83328  0.1575490    
       83329  0.1658273    
       83330  0.1741063    
       83331  0.1823858    
       83332  0.1906658    
       83333  0.1989460    
       83334  0.2072263    
       83335  0.2155068    
       83336  0.2237873    
       83337  0.2320679    
       83338  0.2403485    
       83339  0.2486290    
       83340  0.2569096    
       83341  0.2651901    
       83342  0.2734706    
       83343  0.2817510    
       83344  0.2900314    
       83345  0.2983117    
       83346  0.3065919    
       83347  0.3148719    
       83348  0.3231519    
       83349  0.3314317    
       83350  0.3397112    
       83351  0.3479904    
       83352  0.3562692    
       83353  0.3645474    
       83354  0.3728247    
       83355  0.3811008    
       83356  0.3893753    
       83357  0.3976473    
       83358  0.4059162    
       83359  0.4141811    
       83360  0.4224416    
       83361  0.4306973    
       83362  0.4389480    
       83363  0.4471929    
       83364  0.4554295    
       83365  0.4636516    
       83366  0.4718447    
       83367  0.4799773    
       83368  0.4879855    
       83369  0.4957536    
       83370  0.5031210    
       83371  0.5100285    
       83372  0.5166013    
       83373  0.5229986    
       83374  0.5293288    
       83375  0.5356572    
       83376  0.5420240    
       83377  0.5484506    
       83378  0.5549492    
       83379  0.5615262    
       83380  0.5681844    
       83381  0.5749235    
       83382  0.5817415    
       83383  0.5886352    
       83384  0.5956016    
       83385  0.6026380    
       83386  0.6097431    
       83387  0.6169165    
       83388  0.6241595    
       83389  0.6314737    
       83390  0.6388582    
       83391  0.6463068    
       83392  0.6538103    
       83393  0.6613624    
       83394  0.6689589    
       83395  0.6765965    
       83396  0.6842721    
       83397  0.6919827    
       83398  0.6997259    
       83399  0.7074989    
       83400  0.7152994    
       83401  0.7231251    
       83402  0.7309738    
       83403  0.7388438    
       83404  0.7467331    
       83405  0.7546400    
       83406  0.7625631    
       83407  0.7705013    
       83408  0.7784531    
       83409  0.7864176    
       83410  0.7943938    
       83411  0.8023807    
       83412  0.8103775    
       83413  0.8183833    
       83414  0.8263975    
       83415  0.8344194    
       83416  0.8424484    
       83417  0.8504838    
       83418  0.8585253    
       83419  0.8665723    
       83420  0.8746243    
       83421  0.8826808    
       83422  0.8907416    
       83423  0.8988061    
       83424  0.9068739    
       83425  0.9149445    
       83426  0.9230165    
       83427  0.9310880    
       83428  0.9391544    
       83429  0.9472051    
       83430  0.9552164    
       83431  0.9631376    
       83432  0.9708673    
       83433  0.9782428    
       83434  0.9851497    
       83435  0.9916928    
       83436  0.9980522    
       83437   1.004350    
       83438   1.010652    
       83439   1.016992    
       83440   1.023381    
       83441   1.029822    
       83442   1.036318    
       83443   1.042867    
       83444   1.049469    
       83445   1.056123    
       83446   1.062830    
       83447   1.069589    
       83448   1.076400    
       83449   1.083263    
       83450   1.090177    
       83451   1.097142    
       83452   1.104156    
       83453   1.111222    
       83454   1.118339    
       83455   1.125509    
       83456   1.132731    
       83457   1.140005    
       83458   1.147326    
       83459   1.154688    
       83460   1.162083    
       83461   1.169508    
       83462   1.176955    
       83463   1.184419    
       83464   1.191890    
       83465   1.199355    
       83466   1.206799    
       83467   1.214196    
       83468   1.221510    
       83469   1.228690    
       83470   1.235660    
       83471   1.242317    
       83472   1.248567    
       83473   1.254395    
       83474   1.259895    
       83475   1.265195    
       83476   1.270414    
       83477   1.275645    
       83478   1.280954    
       83479   1.286381    
       83480   1.291945    
       83481   1.297654    
       83482   1.303509    
       83483   1.309505    
       83484   1.315629    
       83485   1.321874    
       83486   1.328232    
       83487   1.334695    
       83488   1.341256    
       83489   1.347907    
       83490   1.354645    
       83491   1.361465    
       83492   1.368363    
       83493   1.375340    
       83494   1.382391    
       83495   1.389518    
       83496   1.396721    
       83497   1.404001    
       83498   1.411364    
       83499   1.418808    
       83500   1.426328    
       83501   1.433914    
       83502   1.441558    
       83503   1.449255    
       83504   1.457000    
       83505   1.464789    
       83506   1.472618    
       83507   1.480483    
       83508   1.488380    
       83509   1.496306    
       83510   1.504256    
       83511   1.512229    
       83512   1.520222    
       83513   1.528232    
       83514   1.536259    
       83515   1.544300    
       83516   1.552354    
       83517   1.560419    
       83518   1.568494    
       83519   1.576579    
       83520   1.584673    
       83521   1.592773    
       83522   1.600881    
       83523   1.608995    
       83524   1.617114    
       83525   1.625238    
       83526   1.633366    
       83527   1.641498    
       83528   1.649631    
       83529   1.657765    
       83530   1.665899    
       83531   1.674030    
       83532   1.682155    
       83533   1.690269    
       83534   1.698366    
       83535   1.706434    
       83536   1.714461    
       83537   1.722423    
       83538   1.730294    
       83539   1.738039    
       83540   1.745618    
       83541   1.752985    
       83542   1.760099    
       83543   1.766947    
       83544   1.773553    
       83545   1.779978    
       83546   1.786289    
       83547   1.792535    
       83548   1.798747    
       83549   1.804940    
       83550   1.811125    
       83551   1.817303    
       83552   1.823480    
       83553   1.829659    
       83554   1.835845    
       83555   1.842046    
       83556   1.848274    
       83557   1.854541    
       83558   1.860861    
       83559   1.867245    
       83560   1.873702    
       83561   1.880237    
       83562   1.886854    
       83563   1.893554    
       83564   1.900337    
       83565   1.907200    
       83566   1.914141    
       83567   1.921155    
       83568   1.928240    
       83569   1.935392    
       83570   1.942611    
       83571   1.949899    
       83572   1.957255    
       83573   1.964681    
       83574   1.972175    
       83575   1.979731    
       83576   1.987345    
       83577   1.995011    
       83578   2.002726    
       83579   2.010487    
       83580   2.018289    
       83581   2.026131    
       83582   2.034007    
       83583   2.041915    
       83584   2.049850    
       83585   2.057810    
       83586   2.065789    
       83587   2.073782    
       83588   2.081775    
       83589   2.089736    
