      153161   2.117356    
      153162   2.109287    
      153163   2.101218    
      153164   2.093151    
      153165   2.085084    
      153166   2.077018    
      153167   2.068954    
      153168   2.060891    
      153169   2.052829    
      153170   2.044768    
      153171   2.036709    
      153172   2.028652    
      153173   2.020596    
      153174   2.012542    
      153175   2.004491    
      153176   1.996441    
      153177   1.988394    
      153178   1.980349    
      153179   1.972307    
      153180   1.964267    
      153181   1.956231    
      153182   1.948197    
      153183   1.940166    
      153184   1.932140    
      153185   1.924117    
      153186   1.916097    
      153187   1.908082    
      153188   1.900072    
      153189   1.892066    
      153190   1.884066    
      153191   1.876070    
      153192   1.868081    
      153193   1.860098    
      153194   1.852120    
      153195   1.844150    
      153196   1.836188    
      153197   1.828233    
      153198   1.820286    
      153199   1.812349    
      153200   1.804421    
      153201   1.796503    
      153202   1.788596    
      153203   1.780700    
      153204   1.772818    
      153205   1.764949    
      153206   1.757094    
      153207   1.749256    
      153208   1.741434    
      153209   1.733630    
      153210   1.725847    
      153211   1.718085    
      153212   1.710346    
      153213   1.702632    
      153214   1.694945    
      153215   1.687289    
      153216   1.679667    
      153217   1.672080    
      153218   1.664535    
      153219   1.657035    
      153220   1.649586    
      153221   1.642193    
      153222   1.634859    
      153223   1.627585    
      153224   1.620370    
      153225   1.613209    
      153226   1.606102    
      153227   1.599042    
      153228   1.592026    
      153229   1.585049    
      153230   1.578107    
      153231   1.571196    
      153232   1.564317    
      153233   1.557469    
      153234   1.550657    
      153235   1.543884    
      153236   1.537155    
      153237   1.530474    
      153238   1.523846    
      153239   1.517274    
      153240   1.510760    
      153241   1.504301    
      153242   1.497892    
      153243   1.491524    
      153244   1.485188    
      153245   1.478873    
      153246   1.472568    
      153247   1.466247    
      153248   1.459866    
      153249   1.453343    
      153250   1.446545    
      153251   1.439342    
      153252   1.431752    
      153253   1.423920    
      153254   1.415965    
      153255   1.407952    
      153256   1.399911    
      153257   1.391857    
      153258   1.383796    
      153259   1.375732    
      153260   1.367667    
      153261   1.359600    
      153262   1.351534    
      153263   1.343468    
      153264   1.335403    
      153265   1.327340    
      153266   1.319279    
      153267   1.311219    
      153268   1.303163    
      153269   1.295109    
      153270   1.287059    
      153271   1.279013    
      153272   1.270971    
      153273   1.262934    
      153274   1.254902    
      153275   1.246875    
      153276   1.238855    
      153277   1.230841    
      153278   1.222833    
      153279   1.214833    
      153280   1.206842    
      153281   1.198858    
      153282   1.190884    
      153283   1.182920    
      153284   1.174967    
      153285   1.167025    
      153286   1.159095    
      153287   1.151179    
      153288   1.143278    
      153289   1.135392    
      153290   1.127524    
      153291   1.119674    
      153292   1.111844    
      153293   1.104037    
      153294   1.096255    
      153295   1.088499    
      153296   1.080773    
      153297   1.073079    
      153298   1.065421    
      153299   1.057802    
      153300   1.050229    
      153301   1.042706    
      153302   1.035240    
      153303   1.027836    
      153304   1.020498    
      153305   1.013226    
      153306   1.006020    
      153307  0.9988748    
      153308  0.9917825    
      153309  0.9847242    
      153310  0.9776654    
      153311  0.9705451    
      153312  0.9632727    
      153313  0.9557668    
      153314  0.9480359    
      153315  0.9401616    
      153316  0.9322115    
      153317  0.9242238    
      153318  0.9162184    
      153319  0.9082052    
      153320  0.9001889    
      153321  0.8921727    
      153322  0.8841579    
      153323  0.8761459    
      153324  0.8681376    
      153325  0.8601339    
      153326  0.8521358    
      153327  0.8441442    
      153328  0.8361605    
      153329  0.8281859    
      153330  0.8202219    
      153331  0.8122700    
      153332  0.8043317    
      153333  0.7964085    
      153334  0.7885020    
      153335  0.7806139    
      153336  0.7727464    
      153337  0.7649016    
      153338  0.7570819    
      153339  0.7492903    
      153340  0.7415298    
      153341  0.7338041    
      153342  0.7261176    
      153343  0.7184757    
      153344  0.7108849    
      153345  0.7033527    
      153346  0.6958879    
      153347  0.6884993    
      153348  0.6811928    
      153349  0.6739719    
      153350  0.6668401    
      153351  0.6598024    
      153352  0.6528647    
      153353  0.6460322    
      153354  0.6393088    
      153355  0.6326961    
      153356  0.6261929    
      153357  0.6197942    
      153358  0.6134942    
      153359  0.6072854    
      153360  0.6011533    
      153361  0.5950700    
      153362  0.5889843    
      153363  0.5828108    
      153364  0.5764033    
      153365  0.5695545    
      153366  0.5621535    
      153367  0.5543450    
      153368  0.5463138    
      153369  0.5381714    
      153370  0.5299740    
      153371  0.5217483    
      153372  0.5135073    
      153373  0.5052578    
      153374  0.4970025    
      153375  0.4887429    
      153376  0.4804796    
      153377  0.4722130    
      153378  0.4639436    
      153379  0.4556718    
      153380  0.4473979    
      153381  0.4391224    
      153382  0.4308458    
      153383  0.4225683    
      153384  0.4142902    
      153385  0.4060117    
      153386  0.3977328    
      153387  0.3894536    
      153388  0.3811743    
      153389  0.3728947    
      153390  0.3646150    
      153391  0.3563352    
      153392  0.3480552    
      153393  0.3397752    
      153394  0.3314950    
      153395  0.3232148    
      153396  0.3149344    
      153397  0.3066540    
      153398  0.2983735    
      153399  0.2900929    
      153400  0.2818123    
      153401  0.2735315    
      153402  0.2652507    
      153403  0.2569699    
      153404  0.2486890    
      153405  0.2404080    
      153406  0.2321270    
      153407  0.2238460    
      153408  0.2155649    
      153409  0.2072838    
      153410  0.1990028    
      153411  0.1907218    
      153412  0.1824409    
      153413  0.1741601    
      153414  0.1658795    
      153415  0.1575992    
      153416  0.1493191    
      153417  0.1410395    
      153418  0.1327605    
      153419  0.1244822    
      153420  0.1162050    
      153421  0.1079291    
      153422  9.9655047E-02
      153423  9.1383338E-02
      153424  8.3114937E-02
      153425  7.4851304E-02
      153426  6.6595048E-02
      153427  5.8351196E-02
      153428  5.0130330E-02
      153429  4.1956089E-02
      153430  3.3883821E-02
      153431  2.6047368E-02
      153432  1.8774282E-02
      153433  1.2862463E-02
      153434  1.0157279E-02
      153435  1.2862542E-02
      153436  1.8774478E-02
      153437  2.6047725E-02
      153438  3.3884391E-02
      153439  4.1956928E-02
      153440  5.0131500E-02
      153441  5.8352765E-02
      153442  6.6597074E-02
      153443  7.4853867E-02
      153444  8.3118096E-02
      153445  9.1387138E-02
      153446  9.9659532E-02
      153447  0.1079343    
      153448  0.1162109    
      153449  0.1244889    
      153450  0.1327678    
      153451  0.1410475    
      153452  0.1493276    
      153453  0.1576081    
      153454  0.1658887    
      153455  0.1741693    
      153456  0.1824497    
      153457  0.1907297    
      153458  0.1990091    
      153459  0.2072876    
      153460  0.2155648    
      153461  0.2238399    
      153462  0.2321119    
      153463  0.2403796    
      153464  0.2486410    
      153465  0.2568935    
      153466  0.2651338    
      153467  0.2733579    
      153468  0.2815610    
      153469  0.2897368    
      153470  0.2978768    
      153471  0.3059680    
      153472  0.3139884    
      153473  0.3218962    
      153474  0.3296075    
      153475  0.3369752    
      153476  0.3438224    
      153477  0.3501021    
      153478  0.3560089    
      153479  0.3617672    
      153480  0.3675215    
      153481  0.3733508    
      153482  0.3792886    
      153483  0.3853446    
      153484  0.3915162    
      153485  0.3977993    
      153486  0.4041890    
      153487  0.4106787    
      153488  0.4172617    
      153489  0.4239321    
      153490  0.4306853    
      153491  0.4375181    
      153492  0.4444280    
      153493  0.4514135    
      153494  0.4584731    
      153495  0.4656062    
      153496  0.4728138    
      153497  0.4800993    
      153498  0.4874661    
      153499  0.4949141    
      153500  0.5024371    
      153501  0.5100254    
      153502  0.5176714    
      153503  0.5253700    
      153504  0.5331168    
      153505  0.5409075    
      153506  0.5487382    
      153507  0.5566048    
      153508  0.5645032    
      153509  0.5724300    
      153510  0.5803819    
      153511  0.5883563    
      153512  0.5963506    
      153513  0.6043628    
      153514  0.6123909    
      153515  0.6204332    
      153516  0.6284884    
      153517  0.6365550    
      153518  0.6446320    
      153519  0.6527183    
      153520  0.6608130    
      153521  0.6689152    
      153522  0.6770242    
      153523  0.6851393    
      153524  0.6932598    
      153525  0.7013850    
      153526  0.7095142    
      153527  0.7176465    
      153528  0.7257810    
      153529  0.7339165    
      153530  0.7420512    
      153531  0.7501831    
      153532  0.7583087    
      153533  0.7664236    
      153534  0.7745208    
      153535  0.7825903    
      153536  0.7906171    
      153537  0.7985805    
      153538  0.8064521    
      153539  0.8141980    
      153540  0.8217777    
      153541  0.8291448    
      153542  0.8362598    
      153543  0.8431079    
      153544  0.8497138    
      153545  0.8561391    
      153546  0.8624495    
      153547  0.8686954    
      153548  0.8749071    
      153549  0.8811011    
      153550  0.8872854    
      153551  0.8934642    
      153552  0.8996412    
      153553  0.9058200    
      153554  0.9120061    
      153555  0.9182072    
      153556  0.9244342    
      153557  0.9307011    
      153558  0.9370215    
      153559  0.9434060    
      153560  0.9498628    
      153561  0.9563978    
      153562  0.9630150    
      153563  0.9697151    
      153564  0.9764975    
      153565  0.9833605    
      153566  0.9903015    
      153567  0.9973161    
      153568   1.004400    
      153569   1.011553    
      153570   1.018772    
      153571   1.026060    
      153572   1.033416    
      153573   1.040842    
      153574   1.048336    
      153575   1.055892    
      153576   1.063506    
      153577   1.071172    
      153578   1.078887    
      153579   1.086648    
      153580   1.094451    
      153581   1.102293    
      153582   1.110169    
      153583   1.118077    
      153584   1.126013    
      153585   1.133974    
      153586   1.141957    
      153587   1.149960    
      153588   1.157981    
      153589   1.166018    
      153590   1.174069    
      153591   1.182132    
      153592   1.190207    
      153593   1.198293    
      153594   1.206388    
      153595   1.214491    
      153596   1.222603    
      153597   1.230721    
      153598   1.238845    
      153599   1.246976    
      153600   1.255111    
      153601   1.263252    
      153602   1.271397    
      153603   1.279546    
      153604   1.287699    
      153605   1.295855    
      153606   1.304014    
      153607   1.312177    
      153608   1.320341    
      153609   1.328509    
      153610   1.336678    
      153611   1.344850    
      153612   1.353023    
      153613   1.361198    
      153614   1.369375    
      153615   1.377553    
      153616   1.385732    
      153617   1.393913    
      153618   1.402095    
      153619   1.410277    
      153620   1.418461    
      153621   1.426646    
      153622   1.434831    
      153623   1.443017    
      153624   1.451203    
      153625   1.459391    
      153626   1.467578    
      153627   1.475766    
      153628   1.483955    
      153629   1.492143    
      153630   1.500333    
      153631   1.508522    
      153632   1.516712    
      153633   1.524902    
      153634   1.533092    
      153635   1.541282    
      153636   1.549472    
      153637   1.557663    
      153638   1.565854    
      153639   1.574044    
      153640   1.582235    
      153641   1.590426    
      153642   1.598617    
      153643   1.606808    
      153644   1.615000    
      153645   1.623191    
      153646   1.631382    
      153647   1.639573    
      153648   1.647764    
      153649   1.655955    
      153650   1.664147    
      153651   1.672338    
      153652   1.680529    
      153653   1.688721    
      153654   1.696912    
      153655   1.705103    
      153656   1.713294    
      153657   1.721486    
      153658   1.729677    
      153659   1.737868    
      153660   1.746059    
      153661   1.754251    
