       73081   1.025548    
       73082   1.017479    
       73083   1.009412    
       73084   1.001346    
       73085  0.9932806    
       73086  0.9852165    
       73087  0.9771535    
       73088  0.9690917    
       73089  0.9610313    
       73090  0.9529724    
       73091  0.9449152    
       73092  0.9368595    
       73093  0.9288057    
       73094  0.9207538    
       73095  0.9127039    
       73096  0.9046563    
       73097  0.8966110    
       73098  0.8885682    
       73099  0.8805280    
       73100  0.8724906    
       73101  0.8644562    
       73102  0.8564250    
       73103  0.8483974    
       73104  0.8403732    
       73105  0.8323529    
       73106  0.8243366    
       73107  0.8163248    
       73108  0.8083175    
       73109  0.8003150    
       73110  0.7923177    
       73111  0.7843260    
       73112  0.7763401    
       73113  0.7683606    
       73114  0.7603875    
       73115  0.7524216    
       73116  0.7444632    
       73117  0.7365128    
       73118  0.7285709    
       73119  0.7206381    
       73120  0.7127150    
       73121  0.7048023    
       73122  0.6969006    
       73123  0.6890109    
       73124  0.6811339    
       73125  0.6732706    
       73126  0.6654221    
       73127  0.6575896    
       73128  0.6497742    
       73129  0.6419772    
       73130  0.6342002    
       73131  0.6264446    
       73132  0.6187123    
       73133  0.6110052    
       73134  0.6033257    
       73135  0.5956762    
       73136  0.5880596    
       73137  0.5804794    
       73138  0.5729396    
       73139  0.5654447    
       73140  0.5579999    
       73141  0.5506099    
       73142  0.5432779    
       73143  0.5360039    
       73144  0.5287862    
       73145  0.5216219    
       73146  0.5145078    
       73147  0.5074403    
       73148  0.5004151    
       73149  0.4934278    
       73150  0.4864746    
       73151  0.4795531    
       73152  0.4726629    
       73153  0.4658052    
       73154  0.4589821    
       73155  0.4521959    
       73156  0.4454479    
       73157  0.4387342    
       73158  0.4320402    
       73159  0.4253374    
       73160  0.4185720    
       73161  0.4116467    
       73162  0.4044342    
       73163  0.3968486    
       73164  0.3889618    
       73165  0.3808916    
       73166  0.3727197    
       73167  0.3644956    
       73168  0.3562451    
       73169  0.3479816    
       73170  0.3397119    
       73171  0.3314393    
       73172  0.3231651    
       73173  0.3148904    
       73174  0.3066152    
       73175  0.2983397    
       73176  0.2900641    
       73177  0.2817882    
       73178  0.2735122    
       73179  0.2652358    
       73180  0.2569591    
       73181  0.2486819    
       73182  0.2404044    
       73183  0.2321264    
       73184  0.2238480    
       73185  0.2155691    
       73186  0.2072899    
       73187  0.1990103    
       73188  0.1907304    
       73189  0.1824501    
       73190  0.1741696    
       73191  0.1658890    
       73192  0.1576084    
       73193  0.1493279    
       73194  0.1410478    
       73195  0.1327681    
       73196  0.1244892    
       73197  0.1162112    
       73198  0.1079346    
       73199  9.9659830E-02
       73200  9.1387436E-02
       73201  8.3118379E-02
       73202  7.4854150E-02
       73203  6.6597350E-02
       73204  5.8353033E-02
       73205  5.0131761E-02
       73206  4.1957177E-02
       73207  3.3884622E-02
       73208  2.6047930E-02
       73209  1.8774647E-02
       73210  1.2862684E-02
       73211  1.0157422E-02
       73212  1.2862682E-02
       73213  1.8774645E-02
       73214  2.6047925E-02
       73215  3.3884618E-02
       73216  4.1957177E-02
       73217  5.0131761E-02
       73218  5.8353033E-02
       73219  6.6597357E-02
       73220  7.4854150E-02
       73221  8.3118387E-02
       73222  9.1387436E-02
       73223  9.9659830E-02
       73224  0.1079346    
       73225  0.1162112    
       73226  0.1244892    
       73227  0.1327681    
       73228  0.1410478    
       73229  0.1493279    
       73230  0.1576084    
       73231  0.1658890    
       73232  0.1741696    
       73233  0.1824501    
       73234  0.1907302    
       73235  0.1990099    
       73236  0.2072888    
       73237  0.2155670    
       73238  0.2238443    
       73239  0.2321207    
       73240  0.2403964    
       73241  0.2486714    
       73242  0.2569459    
       73243  0.2652202    
       73244  0.2734944    
       73245  0.2817689    
       73246  0.2900440    
       73247  0.2983197    
       73248  0.3065961    
       73249  0.3148732    
       73250  0.3231508    
       73251  0.3314284    
       73252  0.3397061    
       73253  0.3479835    
       73254  0.3562604    
       73255  0.3645362    
       73256  0.3728105    
       73257  0.3810823    
       73258  0.3893502    
       73259  0.3976122    
       73260  0.4058650    
       73261  0.4141033    
       73262  0.4223189    
       73263  0.4304989    
       73264  0.4386215    
       73265  0.4466553    
       73266  0.4545992    
       73267  0.4624798    
       73268  0.4703243    
       73269  0.4781529    
       73270  0.4859789    
       73271  0.4938105    
       73272  0.5016521    
       73273  0.5095059    
       73274  0.5173724    
       73275  0.5252515    
       73276  0.5331420    
       73277  0.5410416    
       73278  0.5489471    
       73279  0.5568552    
       73280  0.5647620    
       73281  0.5726632    
       73282  0.5805529    
       73283  0.5884222    
       73284  0.5962548    
       73285  0.6040198    
       73286  0.6116583    
       73287  0.6190687    
       73288  0.6261283    
       73289  0.6328012    
       73290  0.6391971    
       73291  0.6454506    
       73292  0.6516527    
       73293  0.6578584    
       73294  0.6640974    
       73295  0.6703870    
       73296  0.6767378    
       73297  0.6831573    
       73298  0.6896521    
       73299  0.6962268    
       73300  0.7028835    
       73301  0.7096213    
       73302  0.7164381    
       73303  0.7233309    
       73304  0.7302963    
       73305  0.7373320    
       73306  0.7444364    
       73307  0.7516091    
       73308  0.7588514    
       73309  0.7661650    
       73310  0.7735491    
       73311  0.7809972    
       73312  0.7885004    
       73313  0.7960523    
       73314  0.8036485    
       73315  0.8112858    
       73316  0.8189612    
       73317  0.8266718    
       73318  0.8344148    
       73319  0.8421878    
       73320  0.8499881    
       73321  0.8578138    
       73322  0.8656626    
       73323  0.8735324    
       73324  0.8814216    
       73325  0.8893285    
       73326  0.8972517    
       73327  0.9051897    
       73328  0.9131415    
       73329  0.9211060    
       73330  0.9290822    
       73331  0.9370691    
       73332  0.9450658    
       73333  0.9530716    
       73334  0.9610858    
       73335  0.9691077    
       73336  0.9771366    
       73337  0.9851722    
       73338  0.9932135    
       73339   1.001260    
       73340   1.009312    
       73341   1.017369    
       73342   1.025430    
       73343   1.033494    
       73344   1.041562    
       73345   1.049633    
       73346   1.057707    
       73347   1.065781    
       73348   1.073855    
       73349   1.081922    
       73350   1.089974    
       73351   1.097986    
       73352   1.105907    
       73353   1.113639    
       73354   1.121022    
       73355   1.127953    
       73356   1.134539    
       73357   1.140951    
       73358   1.147306    
       73359   1.153666    
       73360   1.160062    
       73361   1.166507    
       73362   1.173003    
       73363   1.179552    
       73364   1.186154    
       73365   1.192809    
       73366   1.199515    
       73367   1.206275    
       73368   1.213086    
       73369   1.219948    
       73370   1.226862    
       73371   1.233827    
       73372   1.240842    
       73373   1.247907    
       73374   1.255024    
       73375   1.262194    
       73376   1.269416    
       73377   1.276690    
       73378   1.284011    
       73379   1.291373    
       73380   1.298768    
       73381   1.306192    
       73382   1.313640    
       73383   1.321103    
       73384   1.328574    
       73385   1.336040    
       73386   1.343483    
       73387   1.350880    
       73388   1.358195    
       73389   1.365375    
       73390   1.372344    
       73391   1.379002    
       73392   1.385252    
       73393   1.391080    
       73394   1.396580    
       73395   1.401880    
       73396   1.407099    
       73397   1.412329    
       73398   1.417639    
       73399   1.423066    
       73400   1.428630    
       73401   1.434339    
       73402   1.440194    
       73403   1.446189    
       73404   1.452314    
       73405   1.458559    
       73406   1.464917    
       73407   1.471380    
       73408   1.477940    
       73409   1.484592    
       73410   1.491329    
       73411   1.498149    
       73412   1.505048    
       73413   1.512024    
       73414   1.519076    
       73415   1.526203    
       73416   1.533405    
       73417   1.540686    
       73418   1.548049    
       73419   1.555493    
       73420   1.563013    
       73421   1.570599    
       73422   1.578243    
       73423   1.585939    
       73424   1.593684    
       73425   1.601474    
       73426   1.609303    
       73427   1.617168    
       73428   1.625065    
       73429   1.632990    
       73430   1.640941    
       73431   1.648914    
       73432   1.656906    
       73433   1.664917    
       73434   1.672944    
       73435   1.680984    
       73436   1.689038    
       73437   1.697103    
       73438   1.705179    
       73439   1.713264    
       73440   1.721357    
       73441   1.729458    
       73442   1.737566    
       73443   1.745679    
       73444   1.753799    
       73445   1.761923    
       73446   1.770051    
       73447   1.778182    
       73448   1.786316    
       73449   1.794450    
       73450   1.802584    
       73451   1.810715    
       73452   1.818840    
       73453   1.826954    
       73454   1.835050    
       73455   1.843119    
       73456   1.851145    
       73457   1.859108    
       73458   1.866978    
       73459   1.874723    
       73460   1.882302    
       73461   1.889669    
       73462   1.896784    
       73463   1.903632    
       73464   1.910238    
       73465   1.916663    
       73466   1.922973    
       73467   1.929219    
       73468   1.935431    
       73469   1.941625    
       73470   1.947809    
       73471   1.953988    
       73472   1.960165    
       73473   1.966344    
       73474   1.972530    
       73475   1.978731    
       73476   1.984958    
       73477   1.991225    
       73478   1.997545    
       73479   2.003930    
       73480   2.010386    
       73481   2.016921    
       73482   2.023538    
       73483   2.030239    
       73484   2.037021    
       73485   2.043884    
       73486   2.050824    
       73487   2.057837    
       73488   2.064918    
       73489   2.072061    
       73490   2.079254    
       73491   2.086470    
