       22121  0.3232286    
       22122  0.3149482    
       22123  0.3066677    
       22124  0.2983871    
       22125  0.2901065    
       22126  0.2818258    
       22127  0.2735450    
       22128  0.2652641    
       22129  0.2569832    
       22130  0.2487022    
       22131  0.2404211    
       22132  0.2321399    
       22133  0.2238588    
       22134  0.2155776    
       22135  0.2072963    
       22136  0.1990150    
       22137  0.1907337    
       22138  0.1824525    
       22139  0.1741712    
       22140  0.1658901    
       22141  0.1576092    
       22142  0.1493285    
       22143  0.1410481    
       22144  0.1327683    
       22145  0.1244893    
       22146  0.1162113    
       22147  0.1079347    
       22148  9.9659875E-02
       22149  9.1387466E-02
       22150  8.3118409E-02
       22151  7.4854165E-02
       22152  6.6597372E-02
       22153  5.8353044E-02
       22154  5.0131764E-02
       22155  4.1957177E-02
       22156  3.3884622E-02
       22157  2.6047930E-02
       22158  1.8774647E-02
       22159  1.2862684E-02
       22160  1.0157422E-02
       22161  1.2862682E-02
       22162  1.8774645E-02
       22163  2.6047925E-02
       22164  3.3884618E-02
       22165  4.1957177E-02
       22166  5.0131768E-02
       22167  5.8353044E-02
       22168  6.6597372E-02
       22169  7.4854173E-02
       22170  8.3118409E-02
       22171  9.1387480E-02
       22172  9.9659875E-02
       22173  0.1079347    
       22174  0.1162113    
       22175  0.1244893    
       22176  0.1327684    
       22177  0.1410481    
       22178  0.1493285    
       22179  0.1576091    
       22180  0.1658901    
       22181  0.1741712    
       22182  0.1824524    
       22183  0.1907337    
       22184  0.1990149    
       22185  0.2072962    
       22186  0.2155775    
       22187  0.2238587    
       22188  0.2321398    
       22189  0.2404209    
       22190  0.2487019    
       22191  0.2569829    
       22192  0.2652637    
       22193  0.2735445    
       22194  0.2818252    
       22195  0.2901057    
       22196  0.2983860    
       22197  0.3066660    
       22198  0.3149459    
       22199  0.3232254    
       22200  0.3315046    
       22201  0.3397836    
       22202  0.3480622    
       22203  0.3563406    
       22204  0.3646187    
       22205  0.3728964    
       22206  0.3811738    
       22207  0.3894506    
       22208  0.3977270    
       22209  0.4060028    
       22210  0.4142780    
       22211  0.4225526    
       22212  0.4308265    
       22213  0.4390995    
       22214  0.4473708    
       22215  0.4556389    
       22216  0.4639006    
       22217  0.4721482    
       22218  0.4803655    
       22219  0.4885185    
       22220  0.4965403    
       22221  0.5043101    
       22222  0.5116564    
       22223  0.5185082    
       22224  0.5250052    
       22225  0.5313195    
       22226  0.5375637    
       22227  0.5438032    
       22228  0.5500770    
       22229  0.5564040    
       22230  0.5627910    
       22231  0.5692423    
       22232  0.5757604    
       22233  0.5823468    
       22234  0.5890019    
       22235  0.5957254    
       22236  0.6025177    
       22237  0.6093791    
       22238  0.6163100    
       22239  0.6233104    
       22240  0.6303797    
       22241  0.6375176    
       22242  0.6447251    
       22243  0.6520042    
       22244  0.6593546    
       22245  0.6667700    
       22246  0.6742420    
       22247  0.6817636    
       22248  0.6893297    
       22249  0.6969358    
       22250  0.7045785    
       22251  0.7122546    
       22252  0.7199614    
       22253  0.7276959    
       22254  0.7354562    
       22255  0.7432401    
       22256  0.7510456    
       22257  0.7588713    
       22258  0.7667155    
       22259  0.7745767    
       22260  0.7824535    
       22261  0.7903448    
       22262  0.7982497    
       22263  0.8061670    
       22264  0.8140959    
       22265  0.8220356    
       22266  0.8299854    
       22267  0.8379444    
       22268  0.8459122    
       22269  0.8538880    
       22270  0.8618713    
       22271  0.8698615    
       22272  0.8778582    
       22273  0.8858606    
       22274  0.8938680    
       22275  0.9018799    
       22276  0.9098955    
       22277  0.9179140    
       22278  0.9259348    
       22279  0.9339570    
       22280  0.9419799    
       22281  0.9500029    
       22282  0.9580250    
       22283  0.9660450    
       22284  0.9740611    
       22285  0.9820697    
       22286  0.9900642    
       22287  0.9980301    
       22288   1.005937    
       22289   1.013729    
       22290   1.021311    
       22291   1.028605    
       22292   1.035649    
       22293   1.042561    
       22294   1.049438    
       22295   1.056339    
       22296   1.063295    
       22297   1.070322    
       22298   1.077426    
       22299   1.084610    
       22300   1.091877    
       22301   1.099226    
       22302   1.106648    
       22303   1.114133    
       22304   1.121670    
       22305   1.129255    
       22306   1.136881    
       22307   1.144545    
       22308   1.152243    
       22309   1.159973    
       22310   1.167732    
       22311   1.175516    
       22312   1.183323    
       22313   1.191151    
       22314   1.198997    
       22315   1.206859    
       22316   1.214735    
       22317   1.222620    
       22318   1.230512    
       22319   1.238406    
       22320   1.246300    
       22321   1.254188    
       22322   1.262064    
       22323   1.269918    
       22324   1.277733    
       22325   1.285476    
       22326   1.293086    
       22327   1.300457    
       22328   1.307471    
       22329   1.314104    
       22330   1.320475    
       22331   1.326713    
       22332   1.332906    
       22333   1.339107    
       22334   1.345342    
       22335   1.351629    
       22336   1.357978    
       22337   1.364395    
       22338   1.370888    
       22339   1.377462    
       22340   1.384117    
       22341   1.390854    
       22342   1.397670    
       22343   1.404561    
       22344   1.411526    
       22345   1.418561    
       22346   1.425665    
       22347   1.432837    
       22348   1.440078    
       22349   1.447392    
       22350   1.454775    
       22351   1.462223    
       22352   1.469726    
       22353   1.477278    
       22354   1.484874    
       22355   1.492511    
       22356   1.500186    
       22357   1.507896    
       22358   1.515639    
       22359   1.523412    
       22360   1.531212    
       22361   1.539038    
       22362   1.546886    
       22363   1.554756    
       22364   1.562645    
       22365   1.570552    
       22366   1.578475    
       22367   1.586413    
       22368   1.594365    
       22369   1.602329    
       22370   1.610306    
       22371   1.618292    
       22372   1.626289    
       22373   1.634295    
       22374   1.642309    
       22375   1.650331    
       22376   1.658360    
       22377   1.666395    
       22378   1.674436    
       22379   1.682483    
       22380   1.690535    
       22381   1.698591    
       22382   1.706652    
       22383   1.714717    
       22384   1.722785    
       22385   1.730856    
       22386   1.738930    
       22387   1.747006    
       22388   1.755085    
       22389   1.763165    
       22390   1.771247    
       22391   1.779330    
       22392   1.787413    
       22393   1.795496    
       22394   1.803578    
       22395   1.811660    
       22396   1.819738    
       22397   1.827812    
       22398   1.835879    
       22399   1.843933    
       22400   1.851968    
       22401   1.859972    
       22402   1.867929    
       22403   1.875833    
       22404   1.883689    
       22405   1.891513    
       22406   1.899321    
       22407   1.907121    
       22408   1.914923    
       22409   1.922730    
       22410   1.930547    
       22411   1.938373    
       22412   1.946211    
       22413   1.954060    
       22414   1.961921    
       22415   1.969792    
       22416   1.977674    
       22417   1.985566    
       22418   1.993467    
       22419   2.001376    
       22420   2.009291    
       22421   2.017211    
       22422   2.025133    
       22423   2.033054    
       22424   2.040968    
       22425   2.048869    
       22426   2.056743    
       22427   2.064575    
       22428   2.072338    
       22429   2.079983    
       22430   2.087423    
       22431   2.094516    
       22432   2.101093    
       22433   2.107109    
       22434   2.112699    
       22435   2.118035    
       22436   2.123266    
       22437   2.128499    
       22438   2.133802    
       22439   2.139208    
       22440   2.144714    
