      234499   2.085108    
      234500   2.077535    
      234501   2.070012    
      234502   2.062546    
      234503   2.055141    
      234504   2.047804    
      234505   2.040533    
      234506   2.033326    
      234507   2.026182    
      234508   2.019090    
      234509   2.012033    
      234510   2.004974    
      234511   1.997854    
      234512   1.990582    
      234513   1.983075    
      234514   1.975344    
      234515   1.967470    
      234516   1.959520    
      234517   1.951532    
      234518   1.943527    
      234519   1.935513    
      234520   1.927497    
      234521   1.919481    
      234522   1.911466    
      234523   1.903454    
      234524   1.895446    
      234525   1.887442    
      234526   1.879444    
      234527   1.871452    
      234528   1.863469    
      234529   1.855494    
      234530   1.847530    
      234531   1.839578    
      234532   1.831640    
      234533   1.823717    
      234534   1.815810    
      234535   1.807922    
      234536   1.800055    
      234537   1.792210    
      234538   1.784390    
      234539   1.776598    
      234540   1.768838    
      234541   1.761113    
      234542   1.753426    
      234543   1.745785    
      234544   1.738194    
      234545   1.730662    
      234546   1.723198    
      234547   1.715810    
      234548   1.708504    
      234549   1.701284    
      234550   1.694154    
      234551   1.687117    
      234552   1.680180    
      234553   1.673349    
      234554   1.666627    
      234555   1.660016    
      234556   1.653515    
      234557   1.647119    
      234558   1.640823    
      234559   1.634624    
      234560   1.628512    
      234561   1.622480    
      234562   1.616519    
      234563   1.610622    
      234564   1.604777    
      234565   1.598966    
      234566   1.593145    
      234567   1.587228    
      234568   1.581070    
      234569   1.574503    
      234570   1.567492    
      234571   1.560165    
      234572   1.552658    
      234573   1.545055    
      234574   1.537403    
      234575   1.529725    
      234576   1.522037    
      234577   1.514347    
      234578   1.506661    
      234579   1.498985    
      234580   1.491323    
      234581   1.483678    
      234582   1.476053    
      234583   1.468453    
      234584   1.460879    
      234585   1.453336    
      234586   1.445826    
      234587   1.438354    
      234588   1.430926    
      234589   1.423545    
      234590   1.416217    
      234591   1.408944    
      234592   1.401729    
      234593   1.394574    
      234594   1.387480    
      234595   1.380451    
      234596   1.373490    
      234597   1.366601    
      234598   1.359789    
      234599   1.353057    
      234600   1.346407    
      234601   1.339844    
      234602   1.333368    
      234603   1.326979    
      234604   1.320677    
      234605   1.314458    
      234606   1.308312    
      234607   1.302202    
      234608   1.296055    
      234609   1.289739    
      234610   1.283035    
      234611   1.275775    
      234612   1.268070    
      234613   1.260120    
      234614   1.252052    
      234615   1.243931    
      234616   1.235788    
      234617   1.227635    
      234618   1.219479    
      234619   1.211321    
      234620   1.203164    
      234621   1.195007    
      234622   1.186850    
      234623   1.178695    
      234624   1.170540    
      234625   1.162386    
      234626   1.154234    
      234627   1.146083    
      234628   1.137933    
      234629   1.129786    
      234630   1.121640    
      234631   1.113498    
      234632   1.105358    
      234633   1.097221    
      234634   1.089087    
      234635   1.080958    
      234636   1.072833    
      234637   1.064714    
      234638   1.056600    
      234639   1.048492    
      234640   1.040391    
      234641   1.032298    
      234642   1.024214    
      234643   1.016140    
      234644   1.008076    
      234645   1.000025    
      234646  0.9919863    
      234647  0.9839631    
      234648  0.9759565    
      234649  0.9679686    
      234650  0.9600015    
      234651  0.9520578    
      234652  0.9441403    
      234653  0.9362522    
      234654  0.9283972    
      234655  0.9205791    
      234656  0.9128019    
      234657  0.9050695    
      234658  0.8973858    
      234659  0.8897547    
      234660  0.8821788    
      234661  0.8746607    
      234662  0.8672025    
      234663  0.8598050    
      234664  0.8524697    
      234665  0.8451978    
      234666  0.8379922    
      234667  0.8308566    
      234668  0.8237963    
      234669  0.8168188    
      234670  0.8099340    
      234671  0.8031532    
      234672  0.7964889    
      234673  0.7899539    
      234674  0.7835587    
      234675  0.7773077    
      234676  0.7711964    
      234677  0.7652138    
      234678  0.7593402    
      234679  0.7535478    
      234680  0.7478005    
      234681  0.7420491    
      234682  0.7362280    
      234683  0.7302459    
      234684  0.7239882    
      234685  0.7173418    
      234686  0.7102739    
      234687  0.7028496    
      234688  0.6951738    
      234689  0.6873344    
      234690  0.6793891    
      234691  0.6713720    
      234692  0.6633039    
      234693  0.6551977    
      234694  0.6470626    
      234695  0.6389058    
      234696  0.6307337    
      234697  0.6225513    
      234698  0.6143620    
      234699  0.6061686    
      234700  0.5979727    
      234701  0.5897757    
      234702  0.5815784    
      234703  0.5733815    
      234704  0.5651857    
      234705  0.5569911    
      234706  0.5487983    
      234707  0.5406075    
      234708  0.5324192    
      234709  0.5242336    
      234710  0.5160511    
      234711  0.5078721    
      234712  0.4996971    
      234713  0.4915264    
      234714  0.4833606    
      234715  0.4752005    
      234716  0.4670467    
      234717  0.4589000    
      234718  0.4507614    
      234719  0.4426320    
      234720  0.4345129    
      234721  0.4264059    
      234722  0.4183127    
      234723  0.4102355    
      234724  0.4021767    
      234725  0.3941396    
      234726  0.3861280    
      234727  0.3781464    
      234728  0.3702005    
      234729  0.3622974    
      234730  0.3544459    
      234731  0.3466569    
      234732  0.3389432    
      234733  0.3313192    
      234734  0.3238000    
      234735  0.3164003    
      234736  0.3091320    
      234737  0.3020042    
      234738  0.2950239    
      234739  0.2881927    
      234740  0.2815065    
      234741  0.2749566    
      234742  0.2685304    
      234743  0.2622115    
      234744  0.2559816    
      234745  0.2498228    
      234746  0.2437211    
      234747  0.2376658    
      234748  0.2316497    
      234749  0.2256692    
      234750  0.2197225    
      234751  0.2138083    
      234752  0.2079233    
      234753  0.2020572    
      234754  0.1961820    
      234755  0.1902332    
      234756  0.1840971    
      234757  0.1776129    
      234758  0.1706676    
      234759  0.1633022    
      234760  0.1556453    
      234761  0.1478138    
      234762  0.1398749    
      234763  0.1318626    
      234764  0.1237959    
      234765  0.1156866    
      234766  0.1075434    
      234767  9.9372819E-02
      234768  9.1180786E-02
      234769  8.2972638E-02
      234770  7.4753627E-02
      234771  6.6529483E-02
      234772  5.8308002E-02
      234773  5.0102301E-02
      234774  4.1938152E-02
      234775  3.3872578E-02
      234776  2.6040543E-02
      234777  1.8770333E-02
      234778  1.2860299E-02
      234779  1.0156007E-02
      234780  1.2861427E-02
      234781  1.8773224E-02
      234782  2.6046280E-02
      234783  3.3882774E-02
      234784  4.1955180E-02
      234785  5.0129659E-02
      234786  5.8350854E-02
      234787  6.6595130E-02
      234788  7.4851885E-02
      234789  8.3116099E-02
      234790  9.1385141E-02
      234791  9.9657536E-02
      234792  0.1079323    
      234793  0.1162090    
      234794  0.1244869    
      234795  0.1327660    
      234796  0.1410457    
      234797  0.1493260    
      234798  0.1576067    
      234799  0.1658877    
      234800  0.1741688    
      234801  0.1824500    
      234802  0.1907313    
      234803  0.1990126    
      234804  0.2072939    
      234805  0.2155751    
      234806  0.2238563    
      234807  0.2321375    
      234808  0.2404186    
      234809  0.2486997    
      234810  0.2569807    
      234811  0.2652616    
      234812  0.2735425    
      234813  0.2818233    
      234814  0.2901040    
      234815  0.2983846    
      234816  0.3066652    
      234817  0.3149456    
      234818  0.3232260    
      234819  0.3315063    
      234820  0.3397866    
      234821  0.3480667    
      234822  0.3563467    
      234823  0.3646266    
      234824  0.3729065    
      234825  0.3811862    
      234826  0.3894658    
      234827  0.3977453    
      234828  0.4060247    
      234829  0.4143039    
      234830  0.4225830    
      234831  0.4308619    
      234832  0.4391408    
      234833  0.4474195    
      234834  0.4556980    
      234835  0.4639764    
      234836  0.4722546    
      234837  0.4805327    
      234838  0.4888106    
      234839  0.4970883    
      234840  0.5053658    
      234841  0.5136433    
      234842  0.5219203    
      234843  0.5301971    
      234844  0.5384735    
      234845  0.5467490    
      234846  0.5550224    
      234847  0.5632932    
      234848  0.5715616    
      234849  0.5798277    
      234850  0.5880917    
      234851  0.5963536    
      234852  0.6046137    
      234853  0.6128720    
      234854  0.6211287    
      234855  0.6293838    
      234856  0.6376373    
      234857  0.6458892    
      234858  0.6541398    
      234859  0.6623889    
      234860  0.6706367    
      234861  0.6788830    
