      258622   2.104319    
      258623   2.096677    
      258624   2.089086    
      258625   2.081554    
      258626   2.074090    
      258627   2.066702    
      258628   2.059396    
      258629   2.052176    
      258630   2.045045    
      258631   2.038008    
      258632   2.031072    
      258633   2.024241    
      258634   2.017519    
      258635   2.010907    
      258636   2.004406    
      258637   1.998010    
      258638   1.991715    
      258639   1.985515    
      258640   1.979403    
      258641   1.973372    
      258642   1.967411    
      258643   1.961514    
      258644   1.955669    
      258645   1.949858    
      258646   1.944037    
      258647   1.938120    
      258648   1.931962    
      258649   1.925394    
      258650   1.918383    
      258651   1.911056    
      258652   1.903548    
      258653   1.895946    
      258654   1.888293    
      258655   1.880616    
      258656   1.872927    
      258657   1.865237    
      258658   1.857552    
      258659   1.849875    
      258660   1.842213    
      258661   1.834568    
      258662   1.826944    
      258663   1.819343    
      258664   1.811770    
      258665   1.804226    
      258666   1.796717    
      258667   1.789245    
      258668   1.781817    
      258669   1.774436    
      258670   1.767107    
      258671   1.759835    
      258672   1.752620    
      258673   1.745464    
      258674   1.738371    
      258675   1.731342    
      258676   1.724381    
      258677   1.717493    
      258678   1.710680    
      258679   1.703948    
      258680   1.697298    
      258681   1.690733    
      258682   1.684253    
      258683   1.677854    
      258684   1.671523    
      258685   1.665229    
      258686   1.658907    
      258687   1.652435    
      258688   1.645617    
      258689   1.638297    
      258690   1.630564    
      258691   1.622597    
      258692   1.614517    
      258693   1.606385    
      258694   1.598230    
      258695   1.590066    
      258696   1.581899    
      258697   1.573730    
      258698   1.565562    
      258699   1.557395    
      258700   1.549228    
      258701   1.541062    
      258702   1.532898    
      258703   1.524735    
      258704   1.516573    
      258705   1.508414    
      258706   1.500256    
      258707   1.492100    
      258708   1.483947    
      258709   1.475796    
      258710   1.467648    
      258711   1.459503    
      258712   1.451362    
      258713   1.443224    
      258714   1.435091    
      258715   1.426962    
      258716   1.418838    
      258717   1.410719    
      258718   1.402606    
      258719   1.394500    
      258720   1.386401    
      258721   1.378310    
      258722   1.370228    
      258723   1.362155    
      258724   1.354093    
      258725   1.346043    
      258726   1.338006    
      258727   1.329984    
      258728   1.321979    
      258729   1.313992    
      258730   1.306025    
      258731   1.298082    
      258732   1.290165    
      258733   1.282278    
      258734   1.274423    
      258735   1.266606    
      258736   1.258829    
      258737   1.251098    
      258738   1.243416    
      258739   1.235787    
      258740   1.228214    
      258741   1.220699    
      258742   1.213245    
      258743   1.205851    
      258744   1.198518    
      258745   1.191249    
      258746   1.184046    
      258747   1.176912    
      258748   1.169853    
      258749   1.162876    
      258750   1.155992    
      258751   1.149212    
      258752   1.142549    
      258753   1.136014    
      258754   1.129620    
      258755   1.123369    
      258756   1.117258    
      258757   1.111276    
      258758   1.105403    
      258759   1.099612    
      258760   1.093866    
      258761   1.088117    
      258762   1.082299    
      258763   1.076321    
      258764   1.070068    
      258765   1.063426    
      258766   1.056361    
      258767   1.048938    
      258768   1.041264    
      258769   1.033425    
      258770   1.025480    
      258771   1.017463    
      258772   1.009395    
      258773   1.001289    
      258774  0.9931545    
      258775  0.9849979    
      258776  0.9768259    
      258777  0.9686437    
      258778  0.9604546    
      258779  0.9522613    
      258780  0.9440656    
      258781  0.9358687    
      258782  0.9276717    
      258783  0.9194750    
      258784  0.9112791    
      258785  0.9030848    
      258786  0.8948921    
      258787  0.8867015    
      258788  0.8785133    
      258789  0.8703278    
      258790  0.8621454    
      258791  0.8539666    
      258792  0.8457917    
      258793  0.8376212    
      258794  0.8294557    
      258795  0.8212959    
      258796  0.8131422    
      258797  0.8049957    
      258798  0.7968572    
      258799  0.7887281    
      258800  0.7806094    
      258801  0.7725025    
      258802  0.7644095    
      258803  0.7563326    
      258804  0.7482743    
      258805  0.7402376    
      258806  0.7322265    
      258807  0.7242454    
      258808  0.7163002    
      258809  0.7083980    
      258810  0.7005476    
      258811  0.6927599    
      258812  0.6850479    
      258813  0.6774260    
      258814  0.6699094    
      258815  0.6625129    
      258816  0.6552485    
      258817  0.6481255    
      258818  0.6411511    
      258819  0.6343272    
      258820  0.6276499    
      258821  0.6211109    
      258822  0.6146979    
      258823  0.6083950    
      258824  0.6021844    
      258825  0.5960487    
      258826  0.5899743    
      258827  0.5839514    
      258828  0.5779749    
      258829  0.5720436    
      258830  0.5661587    
      258831  0.5603231    
      258832  0.5545415    
      258833  0.5488197    
      258834  0.5431613    
      258835  0.5375648    
      258836  0.5320172    
      258837  0.5264846    
      258838  0.5208973    
      258839  0.5151368    
      258840  0.5090237    
      258841  0.5023596    
      258842  0.4951233    
      258843  0.4874847    
      258844  0.4796098    
      258845  0.4715973    
      258846  0.4635010    
      258847  0.4553537    
      258848  0.4471724    
      258849  0.4389663    
      258850  0.4307410    
      258851  0.4225008    
      258852  0.4142489    
      258853  0.4059884    
      258854  0.3977217    
      258855  0.3894508    
      258856  0.3811770    
      258857  0.3729011    
      258858  0.3646238    
      258859  0.3563457    
      258860  0.3480668    
      258861  0.3397874    
      258862  0.3315077    
      258863  0.3232277    
      258864  0.3149476    
      258865  0.3066673    
      258866  0.2983868    
      258867  0.2901062    
      258868  0.2818256    
      258869  0.2735448    
      258870  0.2652640    
      258871  0.2569831    
      258872  0.2487021    
      258873  0.2404210    
      258874  0.2321399    
      258875  0.2238587    
      258876  0.2155775    
      258877  0.2072963    
      258878  0.1990150    
      258879  0.1907337    
      258880  0.1824525    
      258881  0.1741712    
      258882  0.1658901    
      258883  0.1576092    
      258884  0.1493285    
      258885  0.1410481    
      258886  0.1327683    
      258887  0.1244893    
      258888  0.1162113    
      258889  0.1079347    
      258890  9.9659875E-02
      258891  9.1387466E-02
      258892  8.3118409E-02
      258893  7.4854165E-02
      258894  6.6597372E-02
      258895  5.8353044E-02
      258896  5.0131764E-02
      258897  4.1957177E-02
      258898  3.3884622E-02
      258899  2.6047930E-02
      258900  1.8774647E-02
      258901  1.2862684E-02
      258902  1.0157422E-02
      258903  1.2862682E-02
      258904  1.8774645E-02
      258905  2.6047925E-02
      258906  3.3884618E-02
      258907  4.1957177E-02
      258908  5.0131768E-02
      258909  5.8353044E-02
      258910  6.6597372E-02
      258911  7.4854173E-02
      258912  8.3118409E-02
      258913  9.1387480E-02
      258914  9.9659875E-02
      258915  0.1079347    
      258916  0.1162113    
      258917  0.1244893    
      258918  0.1327684    
      258919  0.1410481    
      258920  0.1493285    
      258921  0.1576092    
      258922  0.1658901    
      258923  0.1741712    
      258924  0.1824525    
      258925  0.1907337    
      258926  0.1990150    
      258927  0.2072963    
      258928  0.2155775    
      258929  0.2238588    
      258930  0.2321400    
      258931  0.2404211    
      258932  0.2487021    
      258933  0.2569832    
      258934  0.2652641    
      258935  0.2735450    
      258936  0.2818258    
      258937  0.2901065    
      258938  0.2983871    
      258939  0.3066677    
      258940  0.3149481    
      258941  0.3232285    
