       73641   1.033241    
       73642   1.025173    
       73643   1.017106    
       73644   1.009039    
       73645   1.000974    
       73646  0.9929099    
       73647  0.9848468    
       73648  0.9767851    
       73649  0.9687247    
       73650  0.9606657    
       73651  0.9526084    
       73652  0.9445528    
       73653  0.9364989    
       73654  0.9284469    
       73655  0.9203972    
       73656  0.9123495    
       73657  0.9043041    
       73658  0.8962613    
       73659  0.8882211    
       73660  0.8801838    
       73661  0.8721495    
       73662  0.8641183    
       73663  0.8560907    
       73664  0.8480664    
       73665  0.8400462    
       73666  0.8320299    
       73667  0.8240181    
       73668  0.8160107    
       73669  0.8080083    
       73670  0.8000110    
       73671  0.7920193    
       73672  0.7840334    
       73673  0.7760538    
       73674  0.7680808    
       73675  0.7601148    
       73676  0.7521563    
       73677  0.7442058    
       73678  0.7362640    
       73679  0.7283312    
       73680  0.7204081    
       73681  0.7124954    
       73682  0.7045938    
       73683  0.6967040    
       73684  0.6888272    
       73685  0.6809639    
       73686  0.6731154    
       73687  0.6652828    
       73688  0.6574675    
       73689  0.6496705    
       73690  0.6418935    
       73691  0.6341379    
       73692  0.6264057    
       73693  0.6186987    
       73694  0.6110191    
       73695  0.6033696    
       73696  0.5957530    
       73697  0.5881729    
       73698  0.5806332    
       73699  0.5731383    
       73700  0.5656935    
       73701  0.5583037    
       73702  0.5509717    
       73703  0.5436977    
       73704  0.5364801    
       73705  0.5293159    
       73706  0.5222021    
       73707  0.5151348    
       73708  0.5081098    
       73709  0.5011227    
       73710  0.4941696    
       73711  0.4872484    
       73712  0.4803585    
       73713  0.4735011    
       73714  0.4666786    
       73715  0.4598936    
       73716  0.4531481    
       73717  0.4464404    
       73718  0.4397597    
       73719  0.4330821    
       73720  0.4263611    
       73721  0.4195142    
       73722  0.4124143    
       73723  0.4049517    
       73724  0.3971480    
       73725  0.3891229    
       73726  0.3809757    
       73727  0.3727638    
       73728  0.3645193    
       73729  0.3562587    
       73730  0.3479905    
       73731  0.3397186    
       73732  0.3314449    
       73733  0.3231704    
       73734  0.3148954    
       73735  0.3066201    
       73736  0.2983446    
       73737  0.2900689    
       73738  0.2817929    
       73739  0.2735166    
       73740  0.2652400    
       73741  0.2569629    
       73742  0.2486854    
       73743  0.2404075    
       73744  0.2321291    
       73745  0.2238503    
       73746  0.2155712    
       73747  0.2072916    
       73748  0.1990117    
       73749  0.1907314    
       73750  0.1824508    
       73751  0.1741701    
       73752  0.1658894    
       73753  0.1576087    
       73754  0.1493281    
       73755  0.1410479    
       73756  0.1327682    
       73757  0.1244892    
       73758  0.1162113    
       73759  0.1079346    
       73760  9.9659845E-02
       73761  9.1387443E-02
       73762  8.3118387E-02
       73763  7.4854150E-02
       73764  6.6597350E-02
       73765  5.8353033E-02
       73766  5.0131761E-02
       73767  4.1957177E-02
       73768  3.3884622E-02
       73769  2.6047930E-02
       73770  1.8774647E-02
       73771  1.2862684E-02
       73772  1.0157422E-02
       73773  1.2862682E-02
       73774  1.8774645E-02
       73775  2.6047925E-02
       73776  3.3884618E-02
       73777  4.1957177E-02
       73778  5.0131761E-02
       73779  5.8353033E-02
       73780  6.6597357E-02
       73781  7.4854150E-02
       73782  8.3118379E-02
       73783  9.1387428E-02
       73784  9.9659808E-02
       73785  0.1079346    
       73786  0.1162112    
       73787  0.1244891    
       73788  0.1327680    
       73789  0.1410476    
       73790  0.1493277    
       73791  0.1576081    
       73792  0.1658885    
       73793  0.1741689    
       73794  0.1824490    
       73795  0.1907286    
       73796  0.1990076    
       73797  0.2072858    
       73798  0.2155631    
       73799  0.2238396    
       73800  0.2321154    
       73801  0.2403904    
       73802  0.2486650    
       73803  0.2569394    
       73804  0.2652137    
       73805  0.2734883    
       73806  0.2817635    
       73807  0.2900393    
       73808  0.2983159    
       73809  0.3065931    
       73810  0.3148708    
       73811  0.3231487    
       73812  0.3314267    
       73813  0.3397045    
       73814  0.3479818    
       73815  0.3562585    
       73816  0.3645340    
       73817  0.3728076    
       73818  0.3810784    
       73819  0.3893449    
       73820  0.3976048    
       73821  0.4058545    
       73822  0.4140885    
       73823  0.4222981    
       73824  0.4304693    
       73825  0.4385785    
       73826  0.4466001    
       73827  0.4545413    
       73828  0.4624293    
       73829  0.4702881    
       73830  0.4781348    
       73831  0.4859805    
       73832  0.4938319    
       73833  0.5016925    
       73834  0.5095637    
       73835  0.5174458    
       73836  0.5253382    
       73837  0.5332390    
       73838  0.5411456    
       73839  0.5490546    
       73840  0.5569623    
       73841  0.5648642    
       73842  0.5727544    
       73843  0.5806241    
       73844  0.5884569    
       73845  0.5962217    
       73846  0.6038596    
       73847  0.6112684    
       73848  0.6183255    
       73849  0.6249961    
       73850  0.6313906    
       73851  0.6376431    
       73852  0.6438448    
       73853  0.6500503    
       73854  0.6562891    
       73855  0.6625786    
       73856  0.6689295    
       73857  0.6753489    
       73858  0.6818436    
       73859  0.6884184    
       73860  0.6950749    
       73861  0.7018127    
       73862  0.7086296    
       73863  0.7155223    
       73864  0.7224879    
       73865  0.7295236    
       73866  0.7366280    
       73867  0.7438008    
       73868  0.7510431    
       73869  0.7583567    
       73870  0.7657408    
       73871  0.7731889    
       73872  0.7806921    
       73873  0.7882439    
       73874  0.7958401    
       73875  0.8034775    
       73876  0.8111529    
       73877  0.8188634    
       73878  0.8266064    
       73879  0.8343793    
       73880  0.8421797    
       73881  0.8500053    
       73882  0.8578540    
       73883  0.8657240    
       73884  0.8736133    
       73885  0.8815202    
       73886  0.8894433    
       73887  0.8973814    
       73888  0.9053333    
       73889  0.9132978    
       73890  0.9212739    
       73891  0.9292608    
       73892  0.9372576    
       73893  0.9452635    
       73894  0.9532776    
       73895  0.9612995    
       73896  0.9693285    
       73897  0.9773640    
       73898  0.9854054    
       73899  0.9934523    
       73900   1.001504    
       73901   1.009561    
       73902   1.017622    
       73903   1.025687    
       73904   1.033754    
       73905   1.041825    
       73906   1.049899    
       73907   1.057973    
       73908   1.066046    
       73909   1.074114    
       73910   1.082164    
       73911   1.090174    
       73912   1.098091    
       73913   1.105812    
       73914   1.113180    
       73915   1.120094    
       73916   1.126667    
       73917   1.133073    
       73918   1.139425    
       73919   1.145784    
       73920   1.152180    
       73921   1.158624    
       73922   1.165120    
       73923   1.171670    
       73924   1.178272    
       73925   1.184926    
       73926   1.191633    
       73927   1.198392    
       73928   1.205203    
       73929   1.212066    
       73930   1.218980    
       73931   1.225944    
       73932   1.232959    
       73933   1.240025    
       73934   1.247142    
       73935   1.254311    
       73936   1.261534    
       73937   1.268808    
       73938   1.276129    
       73939   1.283490    
       73940   1.290886    
       73941   1.298310    
       73942   1.305757    
       73943   1.313221    
       73944   1.320692    
       73945   1.328157    
       73946   1.335601    
       73947   1.342998    
       73948   1.350312    
       73949   1.357492    
       73950   1.364462    
       73951   1.371119    
       73952   1.377369    
       73953   1.383198    
       73954   1.388698    
       73955   1.393998    
       73956   1.399216    
       73957   1.404447    
       73958   1.409757    
       73959   1.415184    
       73960   1.420747    
       73961   1.426456    
       73962   1.432312    
       73963   1.438307    
       73964   1.444432    
       73965   1.450677    
       73966   1.457034    
       73967   1.463498    
       73968   1.470058    
       73969   1.476710    
       73970   1.483447    
       73971   1.490267    
       73972   1.497165    
       73973   1.504142    
       73974   1.511194    
       73975   1.518320    
       73976   1.525523    
       73977   1.532804    
       73978   1.540166    
       73979   1.547611    
       73980   1.555130    
       73981   1.562716    
       73982   1.570360    
       73983   1.578057    
       73984   1.585802    
       73985   1.593591    
       73986   1.601420    
       73987   1.609286    
       73988   1.617182    
       73989   1.625108    
       73990   1.633058    
       73991   1.641031    
       73992   1.649024    
       73993   1.657035    
       73994   1.665062    
       73995   1.673102    
       73996   1.681156    
       73997   1.689221    
       73998   1.697297    
       73999   1.705382    
       74000   1.713475    
       74001   1.721576    
       74002   1.729684    
       74003   1.737797    
       74004   1.745917    
       74005   1.754041    
       74006   1.762169    
       74007   1.770300    
       74008   1.778434    
       74009   1.786568    
       74010   1.794702    
       74011   1.802833    
       74012   1.810958    
       74013   1.819072    
       74014   1.827168    
       74015   1.835237    
       74016   1.843263    
       74017   1.851226    
       74018   1.859097    
       74019   1.866842    
       74020   1.874421    
       74021   1.881788    
       74022   1.888902    
       74023   1.895750    
       74024   1.902356    
       74025   1.908781    
       74026   1.915091    
       74027   1.921337    
       74028   1.927549    
       74029   1.933743    
       74030   1.939927    
       74031   1.946106    
       74032   1.952283    
       74033   1.958462    
       74034   1.964648    
       74035   1.970849    
       74036   1.977076    
       74037   1.983343    
       74038   1.989663    
       74039   1.996048    
       74040   2.002504    
       74041   2.009039    
       74042   2.015656    
       74043   2.022356    
       74044   2.029139    
       74045   2.036002    
       74046   2.042943    
       74047   2.049956    
       74048   2.057039    
       74049   2.064188    
       74050   2.071397    
       74051   2.078658    
       74052   2.085943    
