      161569   2.155139    
      161570   2.147061    
      161571   2.138984    
      161572   2.130909    
      161573   2.122836    
      161574   2.114764    
      161575   2.106694    
      161576   2.098626    
      161577   2.090560    
      161578   2.082496    
      161579   2.074435    
      161580   2.066377    
      161581   2.058321    
      161582   2.050268    
      161583   2.042217    
      161584   2.034171    
      161585   2.026127    
      161586   2.018087    
      161587   2.010051    
      161588   2.002019    
      161589   1.993992    
      161590   1.985969    
      161591   1.977951    
      161592   1.969938    
      161593   1.961931    
      161594   1.953929    
      161595   1.945934    
      161596   1.937946    
      161597   1.929964    
      161598   1.921991    
      161599   1.914026    
      161600   1.906069    
      161601   1.898122    
      161602   1.890184    
      161603   1.882257    
      161604   1.874342    
      161605   1.866439    
      161606   1.858548    
      161607   1.850673    
      161608   1.842812    
      161609   1.834968    
      161610   1.827141    
      161611   1.819334    
      161612   1.811548    
      161613   1.803783    
      161614   1.796043    
      161615   1.788328    
      161616   1.780642    
      161617   1.772985    
      161618   1.765361    
      161619   1.757770    
      161620   1.750215    
      161621   1.742698    
      161622   1.735222    
      161623   1.727789    
      161624   1.720402    
      161625   1.713064    
      161626   1.705775    
      161627   1.698536    
      161628   1.691344    
      161629   1.684200    
      161630   1.677102    
      161631   1.670049    
      161632   1.663043    
      161633   1.656083    
      161634   1.649171    
      161635   1.642308    
      161636   1.635496    
      161637   1.628737    
      161638   1.622034    
      161639   1.615389    
      161640   1.608801    
      161641   1.602270    
      161642   1.595793    
      161643   1.589364    
      161644   1.582978    
      161645   1.576625    
      161646   1.570295    
      161647   1.563961    
      161648   1.557574    
      161649   1.551049    
      161650   1.544251    
      161651   1.537048    
      161652   1.529459    
      161653   1.521628    
      161654   1.513674    
      161655   1.505660    
      161656   1.497619    
      161657   1.489565    
      161658   1.481505    
      161659   1.473441    
      161660   1.465376    
      161661   1.457309    
      161662   1.449243    
      161663   1.441177    
      161664   1.433113    
      161665   1.425049    
      161666   1.416988    
      161667   1.408929    
      161668   1.400872    
      161669   1.392819    
      161670   1.384768    
      161671   1.376722    
      161672   1.368680    
      161673   1.360643    
      161674   1.352611    
      161675   1.344585    
      161676   1.336565    
      161677   1.328551    
      161678   1.320543    
      161679   1.312544    
      161680   1.304552    
      161681   1.296569    
      161682   1.288595    
      161683   1.280631    
      161684   1.272678    
      161685   1.264736    
      161686   1.256806    
      161687   1.248890    
      161688   1.240989    
      161689   1.233103    
      161690   1.225235    
      161691   1.217385    
      161692   1.209556    
      161693   1.201749    
      161694   1.193967    
      161695   1.186211    
      161696   1.178484    
      161697   1.170790    
      161698   1.163132    
      161699   1.155514    
      161700   1.147941    
      161701   1.140418    
      161702   1.132951    
      161703   1.125547    
      161704   1.118210    
      161705   1.110939    
      161706   1.103732    
      161707   1.096588    
      161708   1.089495    
      161709   1.082437    
      161710   1.075379    
      161711   1.068259    
      161712   1.060987    
      161713   1.053481    
      161714   1.045750    
      161715   1.037876    
      161716   1.029926    
      161717   1.021938    
      161718   1.013933    
      161719   1.005920    
      161720  0.9979033    
      161721  0.9898871    
      161722  0.9818723    
      161723  0.9738603    
      161724  0.9658520    
      161725  0.9578483    
      161726  0.9498500    
      161727  0.9418585    
      161728  0.9338747    
      161729  0.9259002    
      161730  0.9179364    
      161731  0.9099846    
      161732  0.9020462    
      161733  0.8941230    
      161734  0.8862165    
      161735  0.8783285    
      161736  0.8704610    
      161737  0.8626162    
      161738  0.8547966    
      161739  0.8470050    
      161740  0.8392446    
      161741  0.8315190    
      161742  0.8238326    
      161743  0.8161909    
      161744  0.8086001    
      161745  0.8010682    
      161746  0.7936037    
      161747  0.7862154    
      161748  0.7789092    
      161749  0.7716887    
      161750  0.7645574    
      161751  0.7575203    
      161752  0.7505832    
      161753  0.7437513    
      161754  0.7370287    
      161755  0.7304170    
      161756  0.7239150    
      161757  0.7175182    
      161758  0.7112218    
      161759  0.7050213    
      161760  0.6989089    
      161761  0.6928762    
      161762  0.6869144    
      161763  0.6810157    
      161764  0.6751695    
      161765  0.6693558    
      161766  0.6635313    
      161767  0.6576077    
      161768  0.6514397    
      161769  0.6448586    
      161770  0.6378337    
      161771  0.6304952    
      161772  0.6229787    
      161773  0.6153679    
      161774  0.6077082    
      161775  0.6000236    
      161776  0.5923284    
      161777  0.5846312    
      161778  0.5769385    
      161779  0.5692549    
      161780  0.5615847    
      161781  0.5539312    
      161782  0.5462978    
      161783  0.5386873    
      161784  0.5311022    
      161785  0.5235446    
      161786  0.5160148    
      161787  0.5085107    
      161788  0.5010279    
      161789  0.4935567    
      161790  0.4860779    
      161791  0.4785571    
      161792  0.4709429    
      161793  0.4631739    
      161794  0.4552255    
      161795  0.4471419    
      161796  0.4389762    
      161797  0.4307622    
      161798  0.4225202    
      161799  0.4142621    
      161800  0.4059950    
      161801  0.3977225    
      161802  0.3894470    
      161803  0.3811697    
      161804  0.3728914    
      161805  0.3646124    
      161806  0.3563330    
      161807  0.3480534    
      161808  0.3397736    
      161809  0.3314937    
      161810  0.3232137    
      161811  0.3149337    
      161812  0.3066536    
      161813  0.2983736    
      161814  0.2900935    
      161815  0.2818135    
      161816  0.2735335    
      161817  0.2652534    
      161818  0.2569733    
      161819  0.2486932    
      161820  0.2404131    
      161821  0.2321329    
      161822  0.2238526    
      161823  0.2155722    
      161824  0.2072917    
      161825  0.1990112    
      161826  0.1907305    
      161827  0.1824498    
      161828  0.1741691    
      161829  0.1658884    
      161830  0.1576078    
      161831  0.1493274    
      161832  0.1410473    
      161833  0.1327677    
      161834  0.1244888    
      161835  0.1162110    
      161836  0.1079344    
      161837  9.9659652E-02
      161838  9.1387287E-02
      161839  8.3118245E-02
      161840  7.4854031E-02
      161841  6.6597238E-02
      161842  5.8352925E-02
      161843  5.0131656E-02
      161844  4.1957080E-02
      161845  3.3884533E-02
      161846  2.6047852E-02
      161847  1.8774582E-02
      161848  1.2862626E-02
      161849  1.0157357E-02
      161850  1.2862574E-02
      161851  1.8774450E-02
      161852  2.6047595E-02
      161853  3.3884086E-02
      161854  4.1956343E-02
      161855  5.0130472E-02
      161856  5.8351051E-02
      161857  6.6594325E-02
      161858  7.4849546E-02
      161859  8.3111390E-02
      161860  9.1376841E-02
      161861  9.9643782E-02
      161862  0.1079103    
      161863  0.1161744    
      161864  0.1244337    
      161865  0.1326849    
      161866  0.1409244    
      161867  0.1491484    
      161868  0.1573528    
      161869  0.1655331    
      161870  0.1736824    
      161871  0.1817915    
      161872  0.1898479    
      161873  0.1978316    
      161874  0.2057084    
      161875  0.2134116    
      161876  0.2208264    
      161877  0.2278173    
      161878  0.2343300    
      161879  0.2404907    
      161880  0.2464914    
      161881  0.2524705    
      161882  0.2585060    
      161883  0.2646306    
      161884  0.2708544    
      161885  0.2771797    
      161886  0.2836041    
      161887  0.2901228    
      161888  0.2967305    
      161889  0.3034219    
      161890  0.3101931    
      161891  0.3170409    
      161892  0.3239634    
      161893  0.3309592    
      161894  0.3380274    
      161895  0.3451675    
      161896  0.3523815    
      161897  0.3596727    
      161898  0.3670447    
      161899  0.3744971    
      161900  0.3820236    
      161901  0.3896148    
      161902  0.3972632    
      161903  0.4049639    
      161904  0.4127126    
      161905  0.4205053    
      161906  0.4283379    
      161907  0.4362062    
      161908  0.4441065    
      161909  0.4520352    
      161910  0.4599892    
      161911  0.4679658    
      161912  0.4759626    
      161913  0.4839774    
      161914  0.4920083    
      161915  0.5000536    
      161916  0.5081120    
      161917  0.5161819    
      161918  0.5242624    
      161919  0.5323524    
      161920  0.5404510    
      161921  0.5485573    
      161922  0.5566705    
      161923  0.5647899    
      161924  0.5729147    
      161925  0.5810444    
      161926  0.5891781    
      161927  0.5973150    
      161928  0.6054542    
      161929  0.6135944    
      161930  0.6217341    
      161931  0.6298710    
      161932  0.6380018    
      161933  0.6461219    
      161934  0.6542246    
      161935  0.6623000    
      161936  0.6703333    
      161937  0.6783037    
      161938  0.6861835    
      161939  0.6939388    
      161940  0.7015291    
      161941  0.7089090    
      161942  0.7160372    
      161943  0.7228974    
      161944  0.7295130    
      161945  0.7359451    
      161946  0.7422599    
      161947  0.7485085    
      161948  0.7547222    
      161949  0.7609175    
      161950  0.7671027    
      161951  0.7732826    
      161952  0.7794603    
      161953  0.7856397    
      161954  0.7918263    
      161955  0.7980279    
      161956  0.8042554    
      161957  0.8105226    
      161958  0.8168434    
      161959  0.8232283    
      161960  0.8296852    
      161961  0.8362204    
      161962  0.8428376    
      161963  0.8495380    
      161964  0.8563204    
      161965  0.8631836    
      161966  0.8701246    
      161967  0.8771392    
      161968  0.8842236    
      161969  0.8913758    
      161970  0.8985955    
      161971  0.9058830    
      161972  0.9132397    
      161973  0.9206659    
      161974  0.9281597    
      161975  0.9357167    
      161976  0.9433312    
      161977  0.9509981    
      161978  0.9587138    
      161979  0.9664749    
      161980  0.9742781    
      161981  0.9821199    
      161982  0.9899967    
      161983  0.9979048    
      161984   1.005841    
      161985   1.013802    
      161986   1.021786    
      161987   1.029789    
      161988   1.037810    
      161989   1.045847    
      161990   1.053898    
      161991   1.061962    
      161992   1.070037    
      161993   1.078123    
      161994   1.086218    
      161995   1.094321    
      161996   1.102433    
      161997   1.110551    
      161998   1.118676    
      161999   1.126806    
      162000   1.134942    
      162001   1.143082    
      162002   1.151227    
      162003   1.159377    
      162004   1.167530    
      162005   1.175686    
      162006   1.183845    
      162007   1.192008    
      162008   1.200172    
      162009   1.208340    
      162010   1.216509    
      162011   1.224681    
      162012   1.232854    
      162013   1.241029    
      162014   1.249206    
      162015   1.257384    
      162016   1.265564    
      162017   1.273744    
      162018   1.281926    
      162019   1.290109    
      162020   1.298293    
      162021   1.306477    
      162022   1.314662    
      162023   1.322848    
      162024   1.331035    
      162025   1.339222    
      162026   1.347410    
      162027   1.355598    
      162028   1.363786    
      162029   1.371975    
      162030   1.380164    
      162031   1.388354    
      162032   1.396544    
      162033   1.404733    
      162034   1.412924    
      162035   1.421114    
      162036   1.429305    
      162037   1.437495    
      162038   1.445686    
      162039   1.453877    
      162040   1.462068    
      162041   1.470259    
      162042   1.478450    
      162043   1.486641    
      162044   1.494832    
      162045   1.503024    
      162046   1.511215    
      162047   1.519406    
      162048   1.527597    
      162049   1.535789    
      162050   1.543980    
      162051   1.552171    
      162052   1.560362    
      162053   1.568554    
      162054   1.576745    
      162055   1.584936    
      162056   1.593127    
      162057   1.601319    
      162058   1.609510    
      162059   1.617701    
      162060   1.625892    
      162061   1.634084    
