        4761  6.6597372E-02
        4762  5.8353044E-02
        4763  5.0131764E-02
        4764  4.1957177E-02
        4765  3.3884622E-02
        4766  2.6047930E-02
        4767  1.8774647E-02
        4768  1.2862684E-02
        4769  1.0157422E-02
        4770  1.2862682E-02
        4771  1.8774645E-02
        4772  2.6047925E-02
        4773  3.3884618E-02
        4774  4.1957177E-02
        4775  5.0131768E-02
        4776  5.8353044E-02
        4777  6.6597372E-02
        4778  7.4854173E-02
        4779  8.3118409E-02
        4780  9.1387480E-02
        4781  9.9659875E-02
        4782  0.1079347    
        4783  0.1162113    
        4784  0.1244893    
        4785  0.1327684    
        4786  0.1410481    
        4787  0.1493285    
        4788  0.1576092    
        4789  0.1658901    
        4790  0.1741712    
        4791  0.1824525    
        4792  0.1907337    
        4793  0.1990150    
        4794  0.2072963    
        4795  0.2155775    
        4796  0.2238588    
        4797  0.2321400    
        4798  0.2404211    
        4799  0.2487021    
        4800  0.2569832    
        4801  0.2652641    
        4802  0.2735450    
        4803  0.2818258    
        4804  0.2901065    
        4805  0.2983871    
        4806  0.3066677    
        4807  0.3149481    
        4808  0.3232285    
        4809  0.3315089    
        4810  0.3397891    
        4811  0.3480693    
        4812  0.3563493    
        4813  0.3646292    
        4814  0.3729090    
        4815  0.3811887    
        4816  0.3894683    
        4817  0.3977478    
        4818  0.4060272    
        4819  0.4143064    
        4820  0.4225855    
        4821  0.4308645    
        4822  0.4391433    
        4823  0.4474220    
        4824  0.4557006    
        4825  0.4639790    
        4826  0.4722572    
        4827  0.4805352    
        4828  0.4888132    
        4829  0.4970909    
        4830  0.5053684    
        4831  0.5136457    
        4832  0.5219228    
        4833  0.5301995    
        4834  0.5384758    
        4835  0.5467509    
        4836  0.5550240    
        4837  0.5632942    
        4838  0.5715618    
        4839  0.5798268    
        4840  0.5880895    
        4841  0.5963498    
        4842  0.6046079    
        4843  0.6128640    
        4844  0.6211180    
        4845  0.6293700    
        4846  0.6376200    
        4847  0.6458678    
        4848  0.6541134    
        4849  0.6623566    
        4850  0.6705971    
        4851  0.6788342    
        4852  0.6870664    
        4853  0.6952901    
        4854  0.7034969    
        4855  0.7116683    
        4856  0.7197639    
        4857  0.7277020    
        4858  0.7353330    
        4859  0.7424660    
        4860  0.7490833    
        4861  0.7553688    
        4862  0.7614921    
        4863  0.7675565    
        4864  0.7736205    
        4865  0.7797157    
        4866  0.7858568    
        4867  0.7920525    
        4868  0.7983081    
        4869  0.8046267    
        4870  0.8110094    
        4871  0.8174577    
        4872  0.8239737    
        4873  0.8305584    
        4874  0.8372119    
        4875  0.8439343    
        4876  0.8507255    
        4877  0.8575860    
        4878  0.8645163    
        4879  0.8715159    
        4880  0.8785846    
        4881  0.8857220    
        4882  0.8929290    
        4883  0.9002078    
        4884  0.9075577    
        4885  0.9149729    
        4886  0.9224447    
        4887  0.9299662    
        4888  0.9375319    
        4889  0.9451380    
        4890  0.9527806    
        4891  0.9604566    
        4892  0.9681631    
        4893  0.9758976    
        4894  0.9836578    
        4895  0.9914416    
        4896  0.9992473    
        4897   1.007073    
        4898   1.014917    
        4899   1.022778    
        4900   1.030655    
        4901   1.038546    
        4902   1.046451    
        4903   1.054369    
        4904   1.062297    
        4905   1.070237    
        4906   1.078187    
        4907   1.086146    
        4908   1.094113    
        4909   1.102089    
        4910   1.110073    
        4911   1.118063    
        4912   1.126060    
        4913   1.134062    
        4914   1.142069    
        4915   1.150081    
        4916   1.158097    
        4917   1.166115    
        4918   1.174136    
        4919   1.182158    
        4920   1.190181    
        4921   1.198205    
        4922   1.206227    
        4923   1.214247    
        4924   1.222263    
        4925   1.230272    
        4926   1.238266    
        4927   1.246232    
        4928   1.254139    
        4929   1.261930    
        4930   1.269513    
        4931   1.276807    
        4932   1.283851    
        4933   1.290762    
        4934   1.297639    
        4935   1.304540    
        4936   1.311496    
        4937   1.318523    
        4938   1.325627    
        4939   1.332811    
        4940   1.340078    
        4941   1.347426    
        4942   1.354849    
        4943   1.362334    
        4944   1.369871    
        4945   1.377455    
        4946   1.385082    
        4947   1.392746    
        4948   1.400444    
        4949   1.408174    
        4950   1.415933    
        4951   1.423717    
        4952   1.431524    
        4953   1.439352    
        4954   1.447198    
        4955   1.455060    
        4956   1.462935    
        4957   1.470821    
        4958   1.478712    
        4959   1.486607    
        4960   1.494501    
        4961   1.502388    
        4962   1.510264    
        4963   1.518119    
        4964   1.525934    
        4965   1.533677    
        4966   1.541287    
        4967   1.548658    
        4968   1.555672    
        4969   1.562306    
        4970   1.568676    
        4971   1.574914    
        4972   1.581108    
        4973   1.587308    
        4974   1.593543    
        4975   1.599830    
        4976   1.606179    
        4977   1.612597    
        4978   1.619090    
        4979   1.625663    
        4980   1.632318    
        4981   1.639055    
        4982   1.645871    
        4983   1.652763    
        4984   1.659727    
        4985   1.666762    
        4986   1.673866    
        4987   1.681038    
        4988   1.688280    
        4989   1.695593    
        4990   1.702976    
        4991   1.710424    
        4992   1.717927    
        4993   1.725479    
        4994   1.733074    
        4995   1.740711    
        4996   1.748387    
        4997   1.756097    
        4998   1.763840    
        4999   1.771613    
        5000   1.779413    
        5001   1.787239    
        5002   1.795087    
        5003   1.802957    
        5004   1.810846    
        5005   1.818753    
        5006   1.826676    
        5007   1.834615    
        5008   1.842566    
        5009   1.850531    
        5010   1.858507    
        5011   1.866493    
        5012   1.874490    
        5013   1.882496    
        5014   1.890510    
        5015   1.898532    
        5016   1.906561    
        5017   1.914596    
        5018   1.922638    
        5019   1.930684    
        5020   1.938736    
        5021   1.946793    
        5022   1.954853    
        5023   1.962918    
        5024   1.970986    
        5025   1.979057    
        5026   1.987131    
        5027   1.995207    
        5028   2.003286    
        5029   2.011366    
        5030   2.019448    
        5031   2.027530    
        5032   2.035613    
        5033   2.043696    
        5034   2.051779    
        5035   2.059860    
        5036   2.067939    
        5037   2.076013    
        5038   2.084079    
        5039   2.092134    
        5040   2.100169    
        5041   2.108172    
        5042   2.116130    
        5043   2.124034    
        5044   2.131890    
        5045   2.139714    
        5046   2.147518    
        5047   2.155309    
        5048   2.163085    
        5049   2.170820    
