      122921   1.697430    
      122922   1.689361    
      122923   1.681292    
      122924   1.673225    
      122925   1.665158    
      122926   1.657093    
      122927   1.649028    
      122928   1.640965    
      122929   1.632903    
      122930   1.624842    
      122931   1.616783    
      122932   1.608726    
      122933   1.600671    
      122934   1.592617    
      122935   1.584565    
      122936   1.576515    
      122937   1.568468    
      122938   1.560423    
      122939   1.552381    
      122940   1.544341    
      122941   1.536304    
      122942   1.528270    
      122943   1.520240    
      122944   1.512213    
      122945   1.504190    
      122946   1.496171    
      122947   1.488156    
      122948   1.480146    
      122949   1.472140    
      122950   1.464139    
      122951   1.456144    
      122952   1.448155    
      122953   1.440171    
      122954   1.432194    
      122955   1.424224    
      122956   1.416262    
      122957   1.408307    
      122958   1.400360    
      122959   1.392423    
      122960   1.384495    
      122961   1.376577    
      122962   1.368670    
      122963   1.360775    
      122964   1.352892    
      122965   1.345023    
      122966   1.337169    
      122967   1.329330    
      122968   1.321508    
      122969   1.313705    
      122970   1.305921    
      122971   1.298159    
      122972   1.290420    
      122973   1.282706    
      122974   1.275020    
      122975   1.267364    
      122976   1.259741    
      122977   1.252155    
      122978   1.244609    
      122979   1.237109    
      122980   1.229660    
      122981   1.222267    
      122982   1.214933    
      122983   1.207659    
      122984   1.200444    
      122985   1.193283    
      122986   1.186175    
      122987   1.179115    
      122988   1.172099    
      122989   1.165123    
      122990   1.158180    
      122991   1.151269    
      122992   1.144390    
      122993   1.137542    
      122994   1.130730    
      122995   1.123957    
      122996   1.117228    
      122997   1.110548    
      122998   1.103922    
      122999   1.097354    
      123000   1.090847    
      123001   1.084403    
      123002   1.078019    
      123003   1.071694    
      123004   1.065424    
      123005   1.059203    
      123006   1.053020    
      123007   1.046859    
      123008   1.040685    
      123009   1.034440    
      123010   1.028022    
      123011   1.021277    
      123012   1.014070    
      123013   1.006462    
      123014  0.9986175    
      123015  0.9906567    
      123016  0.9826418    
      123017  0.9746023    
      123018  0.9665515    
      123019  0.9584953    
      123020  0.9504365    
      123021  0.9423766    
      123022  0.9343165    
      123023  0.9262570    
      123024  0.9181983    
      123025  0.9101412    
      123026  0.9020860    
      123027  0.8940332    
      123028  0.8859831    
      123029  0.8779361    
      123030  0.8698927    
      123031  0.8618534    
      123032  0.8538185    
      123033  0.8457885    
      123034  0.8377637    
      123035  0.8297447    
      123036  0.8217319    
      123037  0.8137256    
      123038  0.8057265    
      123039  0.7977350    
      123040  0.7897516    
      123041  0.7817771    
      123042  0.7738121    
      123043  0.7658571    
      123044  0.7579131    
      123045  0.7499807    
      123046  0.7420611    
      123047  0.7341552    
      123048  0.7262640    
      123049  0.7183889    
      123050  0.7105314    
      123051  0.7026927    
      123052  0.6948749    
      123053  0.6870795    
      123054  0.6793088    
      123055  0.6715651    
      123056  0.6638509    
      123057  0.6561694    
      123058  0.6485240    
      123059  0.6409190    
      123060  0.6333593    
      123061  0.6258505    
      123062  0.6183989    
      123063  0.6110101    
      123064  0.6036872    
      123065  0.5964301    
      123066  0.5892371    
      123067  0.5821040    
      123068  0.5750207    
      123069  0.5679654    
      123070  0.5608987    
      123071  0.5537527    
      123072  0.5464326    
      123073  0.5388662    
      123074  0.5310875    
      123075  0.5231813    
      123076  0.5152093    
      123077  0.5072052    
      123078  0.4991862    
      123079  0.4911606    
      123080  0.4831328    
      123081  0.4751053    
      123082  0.4670793    
      123083  0.4590560    
      123084  0.4510362    
      123085  0.4430206    
      123086  0.4350102    
      123087  0.4270060    
      123088  0.4190090    
      123089  0.4110206    
      123090  0.4030421    
      123091  0.3950749    
      123092  0.3871203    
      123093  0.3791798    
      123094  0.3712547    
      123095  0.3633467    
      123096  0.3554575    
      123097  0.3475891    
      123098  0.3397436    
      123099  0.3319234    
      123100  0.3241311    
      123101  0.3163692    
      123102  0.3086403    
      123103  0.3009456    
      123104  0.2932846    
      123105  0.2856550    
      123106  0.2780503    
      123107  0.2704561    
      123108  0.2628445    
      123109  0.2551696    
      123110  0.2473723    
      123111  0.2394188    
      123112  0.2313432    
      123113  0.2231890    
      123114  0.2149867    
      123115  0.2067559    
      123116  0.1985090    
      123117  0.1902538    
      123118  0.1819954    
      123119  0.1737368    
      123120  0.1654797    
      123121  0.1572249    
      123122  0.1489723    
      123123  0.1407216    
      123124  0.1324721    
      123125  0.1242235    
      123126  0.1159754    
      123127  0.1077276    
      123128  9.9480502E-02
      123129  9.1234468E-02
      123130  8.2990251E-02
      123131  7.4749060E-02
      123132  6.6513121E-02
      123133  5.8287196E-02
      123134  5.0081730E-02
      123135  4.1920356E-02
      123136  3.3858620E-02
      123137  2.6030565E-02
      123138  1.8763881E-02
      123139  1.2856506E-02
      123140  1.0153654E-02
      123141  1.2859249E-02
      123142  1.8770715E-02
      123143  2.6043355E-02
      123144  3.3879496E-02
      123145  4.1951630E-02
      123146  5.0125912E-02
      123147  5.8346968E-02
      123148  6.6591144E-02
      123149  7.4847832E-02
      123150  8.3111987E-02
      123151  9.1380998E-02
      123152  9.9653363E-02
      123153  0.1079282    
      123154  0.1162048    
      123155  0.1244828    
      123156  0.1327617    
      123157  0.1410415    
      123158  0.1493218    
      123159  0.1576025    
      123160  0.1658834    
      123161  0.1741645    
      123162  0.1824457    
      123163  0.1907270    
      123164  0.1990082    
      123165  0.2072895    
      123166  0.2155707    
      123167  0.2238519    
      123168  0.2321330    
      123169  0.2404140    
      123170  0.2486949    
      123171  0.2569757    
      123172  0.2652564    
      123173  0.2735369    
      123174  0.2818172    
      123175  0.2900974    
      123176  0.2983773    
      123177  0.3066572    
      123178  0.3149368    
      123179  0.3232164    
      123180  0.3314958    
      123181  0.3397751    
      123182  0.3480543    
      123183  0.3563333    
      123184  0.3646123    
      123185  0.3728913    
      123186  0.3811702    
      123187  0.3894490    
      123188  0.3977278    
      123189  0.4060064    
      123190  0.4142849    
      123191  0.4225632    
      123192  0.4308411    
      123193  0.4391183    
      123194  0.4473942    
      123195  0.4556677    
      123196  0.4639362    
      123197  0.4721950    
      123198  0.4804347    
      123199  0.4886365    
      123200  0.4967660    
      123201  0.5047601    
      123202  0.5125191    
      123203  0.5199595    
      123204  0.5271170    
      123205  0.5340972    
      123206  0.5409917    
      123207  0.5478594    
      123208  0.5547342    
      123209  0.5616365    
      123210  0.5685776    
      123211  0.5755620    
      123212  0.5825912    
      123213  0.5896664    
      123214  0.5967891    
      123215  0.6039608    
      123216  0.6111827    
      123217  0.6184541    
      123218  0.6257709    
      123219  0.6331267    
      123220  0.6405155    
      123221  0.6479319    
      123222  0.6553707    
      123223  0.6628250    
      123224  0.6702858    
      123225  0.6777408    
      123226  0.6851724    
      123227  0.6925556    
      123228  0.6998541    
      123229  0.7070150    
      123230  0.7139619    
      123231  0.7205937    
      123232  0.7268174    
      123233  0.7326247    
      123234  0.7381099    
      123235  0.7434009    
      123236  0.7486134    
      123237  0.7538393    
      123238  0.7591446    
      123239  0.7645694    
      123240  0.7701334    
      123241  0.7758439    
      123242  0.7817000    
      123243  0.7876956    
      123244  0.7938205    
      123245  0.8000652    
      123246  0.8064227    
      123247  0.8128856    
      123248  0.8194461    
      123249  0.8260976    
      123250  0.8328348    
      123251  0.8396543    
      123252  0.8465532    
      123253  0.8535293    
      123254  0.8605812    
      123255  0.8677081    
      123256  0.8749106    
      123257  0.8821914    
      123258  0.8895539    
      123259  0.8969981    
      123260  0.9045181    
      123261  0.9121041    
      123262  0.9197481    
      123263  0.9274446    
      123264  0.9351897    
      123265  0.9429789    
      123266  0.9508080    
      123267  0.9586731    
      123268  0.9665700    
      123269  0.9744953    
      123270  0.9824458    
      123271  0.9904187    
      123272  0.9984115    
      123273   1.006422    
      123274   1.014449    
      123275   1.022490    
      123276   1.030543    
      123277   1.038608    
      123278   1.046684    
      123279   1.054769    
      123280   1.062862    
      123281   1.070963    
      123282   1.079071    
      123283   1.087185    
      123284   1.095304    
      123285   1.103428    
      123286   1.111556    
      123287   1.119687    
      123288   1.127820    
      123289   1.135955    
      123290   1.144089    
      123291   1.152220    
      123292   1.160344    
      123293   1.168459    
      123294   1.176555    
      123295   1.184624    
      123296   1.192650    
      123297   1.200613    
      123298   1.208483    
      123299   1.216228    
      123300   1.223807    
      123301   1.231174    
      123302   1.238289    
      123303   1.245136    
      123304   1.251742    
      123305   1.258167    
      123306   1.264478    
      123307   1.270724    
      123308   1.276935    
      123309   1.283129    
      123310   1.289313    
      123311   1.295492    
      123312   1.301669    
      123313   1.307848    
      123314   1.314034    
      123315   1.320235    
      123316   1.326462    
      123317   1.332729    
      123318   1.339050    
      123319   1.345434    
      123320   1.351891    
      123321   1.358426    
      123322   1.365043    
      123323   1.371743    
      123324   1.378525    
      123325   1.385388    
      123326   1.392329    
      123327   1.399344    
      123328   1.406428    
      123329   1.413581    
      123330   1.420800    
      123331   1.428088    
      123332   1.435444    
      123333   1.442870    
      123334   1.450363    
      123335   1.457920    
      123336   1.465534    
      123337   1.473200    
      123338   1.480915    
      123339   1.488676    
      123340   1.496478    
      123341   1.504320    
      123342   1.512196    
      123343   1.520104    
      123344   1.528040    
      123345   1.536001    
      123346   1.543984    
      123347   1.551987    
      123348   1.560008    
      123349   1.568045    
      123350   1.576096    
      123351   1.584159    
      123352   1.592235    
      123353   1.600320    
      123354   1.608415    
      123355   1.616519    
      123356   1.624630    
      123357   1.632748    
      123358   1.640873    
      123359   1.649003    
      123360   1.657139    
      123361   1.665280    
      123362   1.673425    
      123363   1.681574    
      123364   1.689727    
      123365   1.697883    
      123366   1.706042    
      123367   1.714205    
      123368   1.722369    
      123369   1.730537    
      123370   1.738706    
      123371   1.746878    
      123372   1.755051    
      123373   1.763226    
      123374   1.771403    
      123375   1.779581    
      123376   1.787761    
      123377   1.795941    
      123378   1.804123    
      123379   1.812306    
      123380   1.820490    
      123381   1.828674    
      123382   1.836859    
      123383   1.845045    
      123384   1.853232    
      123385   1.861419    
      123386   1.869607    
      123387   1.877795    
      123388   1.885983    
      123389   1.894172    
      123390   1.902361    
      123391   1.910550    
      123392   1.918740    
      123393   1.926930    
      123394   1.935120    
      123395   1.943310    
      123396   1.951501    
      123397   1.959692    
      123398   1.967882    
      123399   1.976073    
      123400   1.984264    
      123401   1.992455    
      123402   2.000646    
      123403   2.008837    
      123404   2.017028    
      123405   2.025219    
      123406   2.033410    
      123407   2.041602    
      123408   2.049793    
      123409   2.057984    
      123410   2.066175    
      123411   2.074366    
      123412   2.082557    
      123413   2.090748    
      123414   2.098939    
      123415   2.107130    
      123416   2.115320    
      123417   2.123507    
      123418   2.131688    
      123419   2.139851    
      123420   2.147965    
