       35561  0.5219229    
       35562  0.5136458    
       35563  0.5053685    
       35564  0.4970909    
       35565  0.4888132    
       35566  0.4805353    
       35567  0.4722572    
       35568  0.4639789    
       35569  0.4557006    
       35570  0.4474220    
       35571  0.4391433    
       35572  0.4308645    
       35573  0.4225855    
       35574  0.4143064    
       35575  0.4060271    
       35576  0.3977478    
       35577  0.3894683    
       35578  0.3811887    
       35579  0.3729090    
       35580  0.3646291    
       35581  0.3563492    
       35582  0.3480692    
       35583  0.3397891    
       35584  0.3315089    
       35585  0.3232286    
       35586  0.3149482    
       35587  0.3066677    
       35588  0.2983871    
       35589  0.2901065    
       35590  0.2818258    
       35591  0.2735450    
       35592  0.2652641    
       35593  0.2569832    
       35594  0.2487022    
       35595  0.2404211    
       35596  0.2321399    
       35597  0.2238588    
       35598  0.2155776    
       35599  0.2072963    
       35600  0.1990150    
       35601  0.1907337    
       35602  0.1824524    
       35603  0.1741712    
       35604  0.1658901    
       35605  0.1576091    
       35606  0.1493284    
       35607  0.1410481    
       35608  0.1327683    
       35609  0.1244893    
       35610  0.1162113    
       35611  0.1079347    
       35612  9.9659875E-02
       35613  9.1387466E-02
       35614  8.3118409E-02
       35615  7.4854165E-02
       35616  6.6597372E-02
       35617  5.8353037E-02
       35618  5.0131764E-02
       35619  4.1957177E-02
       35620  3.3884618E-02
       35621  2.6047925E-02
       35622  1.8774645E-02
       35623  1.2862682E-02
       35624  1.0157419E-02
       35625  1.2862678E-02
       35626  1.8774638E-02
       35627  2.6047911E-02
       35628  3.3884592E-02
       35629  4.1957140E-02
       35630  5.0131705E-02
       35631  5.8352940E-02
       35632  6.6597208E-02
       35633  7.4853919E-02
       35634  8.3118021E-02
       35635  9.1386892E-02
       35636  9.9659011E-02
       35637  0.1079334    
       35638  0.1162094    
       35639  0.1244866    
       35640  0.1327647    
       35641  0.1410433    
       35642  0.1493223    
       35643  0.1576014    
       35644  0.1658807    
       35645  0.1741599    
       35646  0.1824389    
       35647  0.1907176    
       35648  0.1989960    
       35649  0.2072740    
       35650  0.2155516    
       35651  0.2238289    
       35652  0.2321058    
       35653  0.2403824    
       35654  0.2486588    
       35655  0.2569349    
       35656  0.2652109    
       35657  0.2734866    
       35658  0.2817621    
       35659  0.2900371    
       35660  0.2983114    
       35661  0.3065839    
       35662  0.3148529    
       35663  0.3231144    
       35664  0.3313604    
       35665  0.3395752    
       35666  0.3477283    
       35667  0.3557652    
       35668  0.3635914    
       35669  0.3710914    
       35670  0.3782232    
       35671  0.3850913    
       35672  0.3918265    
       35673  0.3985193    
       35674  0.4052232    
       35675  0.4119678    
       35676  0.4187703    
       35677  0.4256379    
       35678  0.4325734    
       35679  0.4395777    
       35680  0.4466504    
       35681  0.4537914    
       35682  0.4610019    
       35683  0.4682842    
       35684  0.4756373    
       35685  0.4830552    
       35686  0.4905293    
       35687  0.4980527    
       35688  0.5056202    
       35689  0.5132276    
       35690  0.5208715    
       35691  0.5285487    
       35692  0.5362562    
       35693  0.5439916    
       35694  0.5517527    
       35695  0.5595373    
       35696  0.5673435    
       35697  0.5751697    
       35698  0.5830144    
       35699  0.5908760    
       35700  0.5987535    
       35701  0.6066453    
       35702  0.6145505    
       35703  0.6224683    
       35704  0.6303976    
       35705  0.6383376    
       35706  0.6462877    
       35707  0.6542471    
       35708  0.6622151    
       35709  0.6701913    
       35710  0.6781750    
       35711  0.6861656    
       35712  0.6941625    
       35713  0.7021652    
       35714  0.7101730    
       35715  0.7181853    
       35716  0.7262014    
       35717  0.7342203    
       35718  0.7422415    
       35719  0.7502642    
       35720  0.7582877    
       35721  0.7663113    
       35722  0.7743339    
       35723  0.7823545    
       35724  0.7903712    
       35725  0.7983807    
       35726  0.8063763    
       35727  0.8143436    
       35728  0.8222535    
       35729  0.8300492    
       35730  0.8376375    
       35731  0.8449388    
       35732  0.8519884    
       35733  0.8589035    
       35734  0.8657825    
       35735  0.8726843    
       35736  0.8796412    
       35737  0.8866686    
       35738  0.8937727    
       35739  0.9009569    
       35740  0.9082237    
       35741  0.9155726    
       35742  0.9229953    
       35743  0.9304801    
       35744  0.9380177    
       35745  0.9456022    
       35746  0.9532285    
       35747  0.9608927    
       35748  0.9685913    
       35749  0.9763213    
       35750  0.9840796    
       35751  0.9918637    
       35752  0.9996709    
       35753   1.007499    
       35754   1.015345    
       35755   1.023207    
       35756   1.031082    
       35757   1.038968    
       35758   1.046859    
       35759   1.054754    
       35760   1.062648    
       35761   1.070536    
       35762   1.078411    
       35763   1.086266    
       35764   1.094081    
       35765   1.101824    
       35766   1.109434    
       35767   1.116805    
       35768   1.123818    
       35769   1.130451    
       35770   1.136821    
       35771   1.143059    
       35772   1.149253    
       35773   1.155453    
       35774   1.161689    
       35775   1.167976    
       35776   1.174325    
       35777   1.180742    
       35778   1.187236    
       35779   1.193809    
       35780   1.200464    
       35781   1.207201    
       35782   1.214017    
       35783   1.220909    
       35784   1.227874    
       35785   1.234908    
       35786   1.242012    
       35787   1.249184    
       35788   1.256426    
       35789   1.263740    
       35790   1.271123    
       35791   1.278571    
       35792   1.286074    
       35793   1.293625    
       35794   1.301221    
       35795   1.308858    
       35796   1.316534    
       35797   1.324244    
       35798   1.331987    
       35799   1.339760    
       35800   1.347560    
       35801   1.355386    
       35802   1.363234    
       35803   1.371104    
       35804   1.378993    
       35805   1.386900    
       35806   1.394823    
       35807   1.402761    
       35808   1.410713    
       35809   1.418678    
       35810   1.426654    
       35811   1.434641    
       35812   1.442637    
       35813   1.450643    
       35814   1.458657    
       35815   1.466679    
       35816   1.474708    
       35817   1.482743    
       35818   1.490785    
       35819   1.498832    
       35820   1.506884    
       35821   1.514940    
       35822   1.523001    
       35823   1.531065    
       35824   1.539133    
       35825   1.547204    
       35826   1.555278    
       35827   1.563354    
       35828   1.571433    
       35829   1.579513    
       35830   1.587595    
       35831   1.595677    
       35832   1.603760    
       35833   1.611844    
       35834   1.619926    
       35835   1.628007    
       35836   1.636086    
       35837   1.644160    
       35838   1.652227    
       35839   1.660282    
       35840   1.668316    
       35841   1.676320    
       35842   1.684278    
       35843   1.692181    
       35844   1.700038    
       35845   1.707863    
       35846   1.715671    
       35847   1.723472    
       35848   1.731275    
       35849   1.739083    
       35850   1.746898    
       35851   1.754723    
       35852   1.762555    
       35853   1.770392    
       35854   1.778225    
       35855   1.786038    
       35856   1.793804    
       35857   1.801482    
       35858   1.809059    
       35859   1.816565    
       35860   1.824037    
       35861   1.831498    
       35862   1.838962    
       35863   1.846432    
       35864   1.853906    
       35865   1.861372    
       35866   1.868816    
       35867   1.876213    
       35868   1.883528    
       35869   1.890708    
       35870   1.897677    
       35871   1.904335    
       35872   1.910585    
       35873   1.916414    
       35874   1.921914    
       35875   1.927214    
       35876   1.932432    
       35877   1.937663    
       35878   1.942972    
       35879   1.948399    
       35880   1.953963    
       35881   1.959672    
       35882   1.965527    
       35883   1.971522    
       35884   1.977647    
       35885   1.983892    
       35886   1.990249    
       35887   1.996713    
       35888   2.003273    
       35889   2.009925    
       35890   2.016662    
       35891   2.023482    
       35892   2.030381    
       35893   2.037357    
       35894   2.044409    
       35895   2.051535    
       35896   2.058738    
       35897   2.066019    
       35898   2.073381    
       35899   2.080825    
       35900   2.088343    
       35901   2.095925    
       35902   2.103559    
       35903   2.111228    
       35904   2.118899    
