      245719   2.097587    
      245720   2.089569    
      245721   2.081553    
      245722   2.073538    
      245723   2.065526    
      245724   2.057517    
      245725   2.049513    
      245726   2.041515    
      245727   2.033524    
      245728   2.025540    
      245729   2.017565    
      245730   2.009601    
      245731   2.001649    
      245732   1.993711    
      245733   1.985788    
      245734   1.977881    
      245735   1.969993    
      245736   1.962126    
      245737   1.954281    
      245738   1.946461    
      245739   1.938670    
      245740   1.930910    
      245741   1.923184    
      245742   1.915498    
      245743   1.907856    
      245744   1.900266    
      245745   1.892734    
      245746   1.885270    
      245747   1.877882    
      245748   1.870576    
      245749   1.863356    
      245750   1.856225    
      245751   1.849188    
      245752   1.842252    
      245753   1.835420    
      245754   1.828699    
      245755   1.822088    
      245756   1.815586    
      245757   1.809190    
      245758   1.802895    
      245759   1.796695    
      245760   1.790583    
      245761   1.784552    
      245762   1.778591    
      245763   1.772694    
      245764   1.766849    
      245765   1.761038    
      245766   1.755217    
      245767   1.749300    
      245768   1.743142    
      245769   1.736575    
      245770   1.729563    
      245771   1.722236    
      245772   1.714729    
      245773   1.707126    
      245774   1.699474    
      245775   1.691796    
      245776   1.684108    
      245777   1.676418    
      245778   1.668732    
      245779   1.661056    
      245780   1.653394    
      245781   1.645749    
      245782   1.638124    
      245783   1.630524    
      245784   1.622950    
      245785   1.615407    
      245786   1.607897    
      245787   1.600426    
      245788   1.592997    
      245789   1.585616    
      245790   1.578288    
      245791   1.571015    
      245792   1.563800    
      245793   1.556644    
      245794   1.549551    
      245795   1.542521    
      245796   1.535561    
      245797   1.528673    
      245798   1.521861    
      245799   1.515128    
      245800   1.508479    
      245801   1.501915    
      245802   1.495437    
      245803   1.489044    
      245804   1.482728    
      245805   1.476476    
      245806   1.470244    
      245807   1.463948    
      245808   1.457439    
      245809   1.450504    
      245810   1.443055    
      245811   1.435239    
      245812   1.427230    
      245813   1.419130    
      245814   1.410989    
      245815   1.402830    
      245816   1.394665    
      245817   1.386497    
      245818   1.378329    
      245819   1.370162    
      245820   1.361995    
      245821   1.353829    
      245822   1.345665    
      245823   1.337502    
      245824   1.329340    
      245825   1.321180    
      245826   1.313022    
      245827   1.304867    
      245828   1.296713    
      245829   1.288562    
      245830   1.280414    
      245831   1.272269    
      245832   1.264128    
      245833   1.255990    
      245834   1.247856    
      245835   1.239727    
      245836   1.231603    
      245837   1.223484    
      245838   1.215371    
      245839   1.207264    
      245840   1.199165    
      245841   1.191074    
      245842   1.182991    
      245843   1.174918    
      245844   1.166856    
      245845   1.158806    
      245846   1.150769    
      245847   1.142747    
      245848   1.134741    
      245849   1.126754    
      245850   1.118788    
      245851   1.110845    
      245852   1.102928    
      245853   1.095040    
      245854   1.087185    
      245855   1.079368    
      245856   1.071591    
      245857   1.063860    
      245858   1.056178    
      245859   1.048549    
      245860   1.040976    
      245861   1.033461    
      245862   1.026006    
      245863   1.018612    
      245864   1.011279    
      245865   1.004009    
      245866  0.9968057    
      245867  0.9896716    
      245868  0.9826125    
      245869  0.9756360    
      245870  0.9687519    
      245871  0.9619716    
      245872  0.9553080    
      245873  0.9487734    
      245874  0.9423785    
      245875  0.9361278    
      245876  0.9300169    
      245877  0.9240346    
      245878  0.9181615    
      245879  0.9123700    
      245880  0.9066240    
      245881  0.9008745    
      245882  0.8950561    
      245883  0.8890778    
      245884  0.8828243    
      245885  0.8761818    
      245886  0.8691168    
      245887  0.8616943    
      245888  0.8540195    
      245889  0.8461807    
      245890  0.8382357    
      245891  0.8302189    
      245892  0.8221511    
      245893  0.8140451    
      245894  0.8059101    
      245895  0.7977535    
      245896  0.7895815    
      245897  0.7813991    
      245898  0.7732100    
      245899  0.7650167    
      245900  0.7568210    
      245901  0.7486241    
      245902  0.7404270    
      245903  0.7322303    
      245904  0.7240345    
      245905  0.7158400    
      245906  0.7076473    
      245907  0.6994568    
      245908  0.6912685    
      245909  0.6830831    
      245910  0.6749007    
      245911  0.6667218    
      245912  0.6585468    
      245913  0.6503764    
      245914  0.6422108    
      245915  0.6340508    
      245916  0.6258972    
      245917  0.6177506    
      245918  0.6096122    
      245919  0.6014830    
      245920  0.5933642    
      245921  0.5852574    
      245922  0.5771644    
      245923  0.5690875    
      245924  0.5610291    
      245925  0.5529924    
      245926  0.5449812    
      245927  0.5370001    
      245928  0.5290548    
      245929  0.5211524    
      245930  0.5133020    
      245931  0.5055141    
      245932  0.4978019    
      245933  0.4901797    
      245934  0.4826628    
      245935  0.4752658    
      245936  0.4680009    
      245937  0.4608773    
      245938  0.4539021    
      245939  0.4470772    
      245940  0.4403986    
      245941  0.4338581    
      245942  0.4274433    
      245943  0.4211383    
      245944  0.4149251    
      245945  0.4087864    
      245946  0.4027083    
      245947  0.3966810    
      245948  0.3906992    
      245949  0.3847615    
      245950  0.3788684    
      245951  0.3730228    
      245952  0.3672286    
      245953  0.3614897    
      245954  0.3558070    
      245955  0.3501726    
      245956  0.3445585    
      245957  0.3388972    
      245958  0.3330683    
      245959  0.3268891    
      245960  0.3201616    
      245961  0.3128776    
      245962  0.3052087    
      245963  0.2973212    
      245964  0.2893130    
      245965  0.2812320    
      245966  0.2731022    
      245967  0.2649372    
      245968  0.2567454    
      245969  0.2485325    
      245970  0.2403024    
      245971  0.2320584    
      245972  0.2238035    
      245973  0.2155403    
      245974  0.2072713    
      245975  0.1989983    
      245976  0.1907226    
      245977  0.1824450    
      245978  0.1741663    
      245979  0.1658868    
      245980  0.1576069    
      245981  0.1493270    
      245982  0.1410471    
      245983  0.1327677    
      245984  0.1244889    
      245985  0.1162110    
      245986  0.1079345    
      245987  9.9659741E-02
      245988  9.1387376E-02
      245989  8.3118349E-02
      245990  7.4854128E-02
      245991  6.6597342E-02
      245992  5.8353029E-02
      245993  5.0131753E-02
      245994  4.1957170E-02
      245995  3.3884615E-02
      245996  2.6047925E-02
      245997  1.8774645E-02
      245998  1.2862683E-02
      245999  1.0157421E-02
      246000  1.2862682E-02
      246001  1.8774645E-02
      246002  2.6047925E-02
      246003  3.3884618E-02
      246004  4.1957177E-02
      246005  5.0131768E-02
      246006  5.8353044E-02
      246007  6.6597372E-02
      246008  7.4854173E-02
      246009  8.3118409E-02
      246010  9.1387480E-02
      246011  9.9659875E-02
      246012  0.1079347    
      246013  0.1162113    
      246014  0.1244893    
      246015  0.1327684    
      246016  0.1410481    
      246017  0.1493285    
      246018  0.1576092    
      246019  0.1658901    
      246020  0.1741712    
      246021  0.1824525    
      246022  0.1907337    
      246023  0.1990150    
      246024  0.2072963    
      246025  0.2155775    
      246026  0.2238588    
      246027  0.2321400    
      246028  0.2404211    
      246029  0.2487021    
      246030  0.2569832    
      246031  0.2652641    
      246032  0.2735450    
      246033  0.2818258    
      246034  0.2901065    
      246035  0.2983871    
      246036  0.3066677    
      246037  0.3149481    
      246038  0.3232285    
      246039  0.3315089    
      246040  0.3397891    
      246041  0.3480693    
      246042  0.3563493    
      246043  0.3646292    
      246044  0.3729090    
      246045  0.3811887    
      246046  0.3894683    
      246047  0.3977478    
      246048  0.4060272    
      246049  0.4143064    
      246050  0.4225855    
      246051  0.4308645    
      246052  0.4391433    
      246053  0.4474220    
      246054  0.4557006    
      246055  0.4639790    
      246056  0.4722572    
      246057  0.4805352    
      246058  0.4888132    
      246059  0.4970909    
      246060  0.5053685    
      246061  0.5136458    
