      249646   2.098905    
      249647   2.090913    
      249648   2.082930    
      249649   2.074955    
      249650   2.066991    
      249651   2.059039    
      249652   2.051100    
      249653   2.043177    
      249654   2.035271    
      249655   2.027383    
      249656   2.019515    
      249657   2.011671    
      249658   2.003851    
      249659   1.996060    
      249660   1.988299    
      249661   1.980574    
      249662   1.972887    
      249663   1.965246    
      249664   1.957655    
      249665   1.950123    
      249666   1.942659    
      249667   1.935271    
      249668   1.927965    
      249669   1.920745    
      249670   1.913614    
      249671   1.906578    
      249672   1.899641    
      249673   1.892810    
      249674   1.886088    
      249675   1.879477    
      249676   1.872975    
      249677   1.866579    
      249678   1.860283    
      249679   1.854084    
      249680   1.847972    
      249681   1.841941    
      249682   1.835980    
      249683   1.830083    
      249684   1.824238    
      249685   1.818427    
      249686   1.812606    
      249687   1.806689    
      249688   1.800531    
      249689   1.793964    
      249690   1.786953    
      249691   1.779625    
      249692   1.772118    
      249693   1.764516    
      249694   1.756863    
      249695   1.749186    
      249696   1.741497    
      249697   1.733807    
      249698   1.726122    
      249699   1.718445    
      249700   1.710783    
      249701   1.703138    
      249702   1.695513    
      249703   1.687913    
      249704   1.680339    
      249705   1.672796    
      249706   1.665286    
      249707   1.657815    
      249708   1.650386    
      249709   1.643005    
      249710   1.635677    
      249711   1.628404    
      249712   1.621189    
      249713   1.614034    
      249714   1.606940    
      249715   1.599911    
      249716   1.592951    
      249717   1.586062    
      249718   1.579250    
      249719   1.572518    
      249720   1.565868    
      249721   1.559304    
      249722   1.552825    
      249723   1.546430    
      249724   1.540110    
      249725   1.533845    
      249726   1.527584    
      249727   1.521231    
      249728   1.514616    
      249729   1.507532    
      249730   1.499962    
      249731   1.492079    
      249732   1.484039    
      249733   1.475924    
      249734   1.467777    
      249735   1.459616    
      249736   1.451450    
      249737   1.443282    
      249738   1.435114    
      249739   1.426946    
      249740   1.418780    
      249741   1.410614    
      249742   1.402449    
      249743   1.394286    
      249744   1.386125    
      249745   1.377965    
      249746   1.369807    
      249747   1.361652    
      249748   1.353498    
      249749   1.345348    
      249750   1.337200    
      249751   1.329055    
      249752   1.320913    
      249753   1.312776    
      249754   1.304642    
      249755   1.296513    
      249756   1.288388    
      249757   1.280270    
      249758   1.272157    
      249759   1.264051    
      249760   1.255952    
      249761   1.247860    
      249762   1.239778    
      249763   1.231705    
      249764   1.223643    
      249765   1.215593    
      249766   1.207556    
      249767   1.199534    
      249768   1.191529    
      249769   1.183542    
      249770   1.175575    
      249771   1.167632    
      249772   1.159715    
      249773   1.151827    
      249774   1.143973    
      249775   1.136155    
      249776   1.128379    
      249777   1.120648    
      249778   1.112966    
      249779   1.105337    
      249780   1.097764    
      249781   1.090249    
      249782   1.082794    
      249783   1.075400    
      249784   1.068068    
      249785   1.060798    
      249786   1.053595    
      249787   1.046461    
      249788   1.039401    
      249789   1.032425    
      249790   1.025541    
      249791   1.018761    
      249792   1.012097    
      249793   1.005562    
      249794  0.9991676    
      249795  0.9929170    
      249796  0.9868060    
      249797  0.9808238    
      249798  0.9749508    
      249799  0.9691595    
      249800  0.9634134    
      249801  0.9576641    
      249802  0.9518459    
      249803  0.9458677    
      249804  0.9396144    
      249805  0.9329722    
      249806  0.9259073    
      249807  0.9184848    
      249808  0.9108100    
      249809  0.9029711    
      249810  0.8950261    
      249811  0.8870093    
      249812  0.8789414    
      249813  0.8708354    
      249814  0.8627005    
      249815  0.8545439    
      249816  0.8463719    
      249817  0.8381895    
      249818  0.8300005    
      249819  0.8218071    
      249820  0.8136115    
      249821  0.8054146    
      249822  0.7972175    
      249823  0.7890208    
      249824  0.7808250    
      249825  0.7726306    
      249826  0.7644379    
      249827  0.7562473    
      249828  0.7480590    
      249829  0.7398736    
      249830  0.7316912    
      249831  0.7235124    
      249832  0.7153375    
      249833  0.7071670    
      249834  0.6990016    
      249835  0.6908417    
      249836  0.6826880    
      249837  0.6745415    
      249838  0.6664031    
      249839  0.6582738    
      249840  0.6501550    
      249841  0.6420482    
      249842  0.6339554    
      249843  0.6258784    
      249844  0.6178200    
      249845  0.6097834    
      249846  0.6017721    
      249847  0.5937911    
      249848  0.5858458    
      249849  0.5779436    
      249850  0.5700932    
      249851  0.5623055    
      249852  0.5545933    
      249853  0.5469712    
      249854  0.5394545    
      249855  0.5320577    
      249856  0.5247930    
      249857  0.5176697    
      249858  0.5106949    
      249859  0.5038704    
      249860  0.4971924    
      249861  0.4906526    
      249862  0.4842386    
      249863  0.4779345    
      249864  0.4717225    
      249865  0.4655852    
      249866  0.4595088    
      249867  0.4534836    
      249868  0.4475042    
      249869  0.4415694    
      249870  0.4356801    
      249871  0.4298391    
      249872  0.4240509    
      249873  0.4183199    
      249874  0.4126486    
      249875  0.4070322    
      249876  0.4014500    
      249877  0.3958500    
      249878  0.3901323    
      249879  0.3841392    
      249880  0.3776609    
      249881  0.3705881    
      249882  0.3630480    
      249883  0.3552250    
      249884  0.3472464    
      249885  0.3391796    
      249886  0.3310571    
      249887  0.3228962    
      249888  0.3147070    
      249889  0.3064958    
      249890  0.2982669    
      249891  0.2900238    
      249892  0.2817696    
      249893  0.2735070    
      249894  0.2652386    
      249895  0.2569661    
      249896  0.2486907    
      249897  0.2404134    
      249898  0.2321348    
      249899  0.2238553    
      249900  0.2155752    
      249901  0.2072947    
      249902  0.1990140    
      249903  0.1907330    
      249904  0.1824520    
      249905  0.1741709    
      249906  0.1658899    
      249907  0.1576090    
      249908  0.1493283    
      249909  0.1410481    
      249910  0.1327683    
      249911  0.1244893    
      249912  0.1162113    
      249913  0.1079347    
      249914  9.9659875E-02
      249915  9.1387466E-02
      249916  8.3118409E-02
      249917  7.4854165E-02
      249918  6.6597372E-02
      249919  5.8353044E-02
      249920  5.0131764E-02
      249921  4.1957177E-02
      249922  3.3884622E-02
      249923  2.6047930E-02
      249924  1.8774647E-02
      249925  1.2862684E-02
      249926  1.0157422E-02
      249927  1.2862682E-02
      249928  1.8774645E-02
      249929  2.6047925E-02
      249930  3.3884618E-02
      249931  4.1957177E-02
      249932  5.0131768E-02
      249933  5.8353044E-02
      249934  6.6597372E-02
      249935  7.4854173E-02
      249936  8.3118409E-02
      249937  9.1387480E-02
      249938  9.9659875E-02
      249939  0.1079347    
      249940  0.1162113    
      249941  0.1244893    
      249942  0.1327684    
      249943  0.1410481    
      249944  0.1493285    
      249945  0.1576092    
      249946  0.1658901    
      249947  0.1741712    
      249948  0.1824525    
      249949  0.1907337    
      249950  0.1990150    
      249951  0.2072963    
      249952  0.2155775    
      249953  0.2238588    
      249954  0.2321400    
      249955  0.2404211    
      249956  0.2487021    
      249957  0.2569832    
      249958  0.2652641    
      249959  0.2735450    
      249960  0.2818258    
      249961  0.2901065    
      249962  0.2983871    
      249963  0.3066677    
      249964  0.3149481    
      249965  0.3232285    
      249966  0.3315089    
      249967  0.3397891    
      249968  0.3480693    
      249969  0.3563493    
      249970  0.3646292    
      249971  0.3729090    
      249972  0.3811887    
      249973  0.3894683    
      249974  0.3977478    
      249975  0.4060272    
      249976  0.4143064    
      249977  0.4225855    
      249978  0.4308645    
      249979  0.4391433    
      249980  0.4474220    
      249981  0.4557006    
