       50681  0.7447722    
       50682  0.7365369    
       50683  0.7283002    
       50684  0.7200623    
       50685  0.7118229    
       50686  0.7035823    
       50687  0.6953403    
       50688  0.6870970    
       50689  0.6788522    
       50690  0.6706061    
       50691  0.6623588    
       50692  0.6541100    
       50693  0.6458597    
       50694  0.6376081    
       50695  0.6293548    
       50696  0.6211001    
       50697  0.6128438    
       50698  0.6045858    
       50699  0.5963261    
       50700  0.5880645    
       50701  0.5798010    
       50702  0.5715353    
       50703  0.5632674    
       50704  0.5549970    
       50705  0.5467241    
       50706  0.5384490    
       50707  0.5301728    
       50708  0.5218960    
       50709  0.5136189    
       50710  0.5053416    
       50711  0.4970641    
       50712  0.4887864    
       50713  0.4805085    
       50714  0.4722305    
       50715  0.4639523    
       50716  0.4556739    
       50717  0.4473954    
       50718  0.4391168    
       50719  0.4308380    
       50720  0.4225590    
       50721  0.4142799    
       50722  0.4060007    
       50723  0.3977214    
       50724  0.3894419    
       50725  0.3811623    
       50726  0.3728827    
       50727  0.3646029    
       50728  0.3563230    
       50729  0.3480430    
       50730  0.3397629    
       50731  0.3314827    
       50732  0.3232024    
       50733  0.3149220    
       50734  0.3066416    
       50735  0.2983611    
       50736  0.2900805    
       50737  0.2817999    
       50738  0.2735191    
       50739  0.2652383    
       50740  0.2569574    
       50741  0.2486765    
       50742  0.2403955    
       50743  0.2321145    
       50744  0.2238334    
       50745  0.2155522    
       50746  0.2072711    
       50747  0.1989899    
       50748  0.1907087    
       50749  0.1824276    
       50750  0.1741465    
       50751  0.1658655    
       50752  0.1575847    
       50753  0.1493042    
       50754  0.1410241    
       50755  0.1327446    
       50756  0.1244659    
       50757  0.1161884    
       50758  0.1079124    
       50759  9.9638298E-02
       50760  9.1366805E-02
       50761  8.3098784E-02
       50762  7.4835718E-02
       50763  6.6580206E-02
       50764  5.8337279E-02
       50765  5.0117530E-02
       50766  4.1944623E-02
       50767  3.3873916E-02
       50768  2.6039232E-02
       50769  1.8768009E-02
       50770  1.2857849E-02
       50771  1.0153374E-02
       50772  1.2857364E-02
       50773  1.8766811E-02
       50774  2.6037030E-02
       50775  3.3870414E-02
       50776  4.1939553E-02
       50777  5.0110675E-02
       50778  5.8328472E-02
       50779  6.6569358E-02
       50780  7.4822843E-02
       50781  8.3083957E-02
       50782  9.1350131E-02
       50783  9.9619888E-02
       50784  0.1078923    
       50785  0.1161667    
       50786  0.1244428    
       50787  0.1327201    
       50788  0.1409984    
       50789  0.1492775    
       50790  0.1575572    
       50791  0.1658373    
       50792  0.1741177    
       50793  0.1823984    
       50794  0.1906792    
       50795  0.1989600    
       50796  0.2072409    
       50797  0.2155219    
       50798  0.2238028    
       50799  0.2320837    
       50800  0.2403646    
       50801  0.2486455    
       50802  0.2569262    
       50803  0.2652070    
       50804  0.2734877    
       50805  0.2817684    
       50806  0.2900489    
       50807  0.2983294    
       50808  0.3066099    
       50809  0.3148903    
       50810  0.3231705    
       50811  0.3314507    
       50812  0.3397309    
       50813  0.3480109    
       50814  0.3562908    
       50815  0.3645706    
       50816  0.3728504    
       50817  0.3811300    
       50818  0.3894095    
       50819  0.3976889    
       50820  0.4059681    
       50821  0.4142472    
       50822  0.4225262    
       50823  0.4308051    
       50824  0.4390838    
       50825  0.4473624    
       50826  0.4556408    
       50827  0.4639190    
       50828  0.4721970    
       50829  0.4804748    
       50830  0.4887524    
       50831  0.4970296    
       50832  0.5053066    
       50833  0.5135829    
       50834  0.5218587    
       50835  0.5301334    
       50836  0.5384066    
       50837  0.5466771    
       50838  0.5549437    
       50839  0.5632069    
       50840  0.5714664    
       50841  0.5797226    
       50842  0.5879757    
       50843  0.5962260    
       50844  0.6044737    
       50845  0.6127191    
       50846  0.6209620    
       50847  0.6292018    
       50848  0.6374373    
       50849  0.6456655    
       50850  0.6538801    
       50851  0.6620691    
       50852  0.6702100    
       50853  0.6782620    
       50854  0.6861544    
       50855  0.6938080    
       50856  0.7012390    
       50857  0.7085367    
       50858  0.7157851    
       50859  0.7230427    
       50860  0.7303443    
       50861  0.7377077    
       50862  0.7451364    
       50863  0.7526237    
       50864  0.7601626    
       50865  0.7677476    
       50866  0.7753744    
       50867  0.7830390    
       50868  0.7907380    
       50869  0.7984682    
       50870  0.8062268    
       50871  0.8140111    
       50872  0.8218185    
       50873  0.8296467    
       50874  0.8374932    
       50875  0.8453555    
       50876  0.8532308    
       50877  0.8611162    
       50878  0.8690082    
       50879  0.8769031    
       50880  0.8847969    
       50881  0.8926848    
       50882  0.9005607    
       50883  0.9084151    
       50884  0.9162304    
       50885  0.9239739    
       50886  0.9315836    
       50887  0.9389546    
       50888  0.9459684    
       50889  0.9526016    
       50890  0.9589720    
       50891  0.9652103    
       50892  0.9714038    
       50893  0.9776043    
       50894  0.9838398    
       50895  0.9901267    
       50896  0.9964757    
       50897   1.002894    
       50898   1.009387    
       50899   1.015961    
       50900   1.022616    
       50901   1.029353    
       50902   1.036169    
       50903   1.043061    
       50904   1.050026    
       50905   1.057061    
       50906   1.064165    
       50907   1.071337    
       50908   1.078579    
       50909   1.085892    
       50910   1.093276    
       50911   1.100724    
       50912   1.108227    
       50913   1.115778    
       50914   1.123374    
       50915   1.131011    
       50916   1.138687    
       50917   1.146397    
       50918   1.154140    
       50919   1.161913    
       50920   1.169713    
       50921   1.177539    
       50922   1.185387    
       50923   1.193257    
       50924   1.201146    
       50925   1.209053    
       50926   1.216976    
       50927   1.224914    
       50928   1.232866    
       50929   1.240831    
       50930   1.248807    
       50931   1.256793    
       50932   1.264790    
       50933   1.272796    
       50934   1.280810    
       50935   1.288832    
       50936   1.296861    
       50937   1.304896    
       50938   1.312938    
       50939   1.320984    
       50940   1.329036    
       50941   1.337093    
       50942   1.345154    
       50943   1.353218    
       50944   1.361286    
       50945   1.369357    
       50946   1.377430    
       50947   1.385506    
       50948   1.393583    
       50949   1.401659    
       50950   1.409731    
       50951   1.417790    
       50952   1.425817    
       50953   1.433773    
       50954   1.441574    
       50955   1.449081    
       50956   1.456168    
       50957   1.462885    
       50958   1.469397    
       50959   1.475832    
       50960   1.482258    
       50961   1.488714    
       50962   1.495214    
       50963   1.501765    
       50964   1.508367    
       50965   1.515022    
       50966   1.521729    
       50967   1.528488    
       50968   1.535299    
       50969   1.542161    
       50970   1.549075    
       50971   1.556039    
       50972   1.563054    
       50973   1.570120    
       50974   1.577237    
       50975   1.584406    
       50976   1.591629    
       50977   1.598903    
       50978   1.606224    
       50979   1.613585    
       50980   1.620981    
       50981   1.628405    
       50982   1.635852    
       50983   1.643316    
       50984   1.650786    
       50985   1.658252    
       50986   1.665695    
       50987   1.673092    
       50988   1.680407    
       50989   1.687587    
       50990   1.694557    
       50991   1.701214    
       50992   1.707464    
       50993   1.713293    
       50994   1.718793    
       50995   1.724093    
       50996   1.729312    
       50997   1.734543    
       50998   1.739852    
       50999   1.745279    
       51000   1.750843    
       51001   1.756552    
       51002   1.762407    
       51003   1.768402    
       51004   1.774527    
       51005   1.780772    
       51006   1.787129    
       51007   1.793593    
       51008   1.800153    
       51009   1.806805    
       51010   1.813542    
       51011   1.820362    
       51012   1.827260    
       51013   1.834237    
       51014   1.841289    
       51015   1.848416    
       51016   1.855618    
       51017   1.862899    
       51018   1.870262    
       51019   1.877706    
       51020   1.885226    
       51021   1.892812    
       51022   1.900456    
       51023   1.908152    
       51024   1.915897    
       51025   1.923687    
       51026   1.931516    
       51027   1.939381    
       51028   1.947278    
       51029   1.955203    
       51030   1.963153    
       51031   1.971126    
       51032   1.979119    
       51033   1.987130    
       51034   1.995156    
       51035   2.003197    
       51036   2.011251    
       51037   2.019316    
       51038   2.027392    
       51039   2.035477    
       51040   2.043570    
       51041   2.051671    
       51042   2.059778    
       51043   2.067892    
       51044   2.076011    
       51045   2.084135    
       51046   2.092263    
       51047   2.100392    
       51048   2.108522    
       51049   2.116646    
       51050   2.124752    
       51051   2.132807    
