      154281   2.133558    
      154282   2.125489    
      154283   2.117420    
      154284   2.109353    
      154285   2.101286    
      154286   2.093220    
      154287   2.085155    
      154288   2.077092    
      154289   2.069030    
      154290   2.060969    
      154291   2.052910    
      154292   2.044852    
      154293   2.036796    
      154294   2.028742    
      154295   2.020690    
      154296   2.012640    
      154297   2.004592    
      154298   1.996546    
      154299   1.988503    
      154300   1.980463    
      154301   1.972426    
      154302   1.964391    
      154303   1.956360    
      154304   1.948332    
      154305   1.940307    
      154306   1.932287    
      154307   1.924269    
      154308   1.916257    
      154309   1.908248    
      154310   1.900245    
      154311   1.892246    
      154312   1.884253    
      154313   1.876265    
      154314   1.868282    
      154315   1.860306    
      154316   1.852336    
      154317   1.844373    
      154318   1.836418    
      154319   1.828470    
      154320   1.820530    
      154321   1.812598    
      154322   1.804676    
      154323   1.796763    
      154324   1.788861    
      154325   1.780970    
      154326   1.773091    
      154327   1.765225    
      154328   1.757373    
      154329   1.749535    
      154330   1.741715    
      154331   1.733912    
      154332   1.726130    
      154333   1.718368    
      154334   1.710629    
      154335   1.702916    
      154336   1.695230    
      154337   1.687573    
      154338   1.679948    
      154339   1.672356    
      154340   1.664800    
      154341   1.657282    
      154342   1.649804    
      154343   1.642370    
      154344   1.634982    
      154345   1.627643    
      154346   1.620354    
      154347   1.613114    
      154348   1.605923    
      154349   1.598778    
      154350   1.591680    
      154351   1.584628    
      154352   1.577621    
      154353   1.570662    
      154354   1.563749    
      154355   1.556886    
      154356   1.550074    
      154357   1.543315    
      154358   1.536611    
      154359   1.529965    
      154360   1.523376    
      154361   1.516844    
      154362   1.510365    
      154363   1.503935    
      154364   1.497548    
      154365   1.491194    
      154366   1.484864    
      154367   1.478529    
      154368   1.472142    
      154369   1.465616    
      154370   1.458818    
      154371   1.451614    
      154372   1.444024    
      154373   1.436193    
      154374   1.428238    
      154375   1.420225    
      154376   1.412184    
      154377   1.404129    
      154378   1.396069    
      154379   1.388005    
      154380   1.379939    
      154381   1.371873    
      154382   1.363807    
      154383   1.355741    
      154384   1.347676    
      154385   1.339613    
      154386   1.331551    
      154387   1.323492    
      154388   1.315435    
      154389   1.307382    
      154390   1.299332    
      154391   1.291286    
      154392   1.283243    
      154393   1.275206    
      154394   1.267174    
      154395   1.259148    
      154396   1.251127    
      154397   1.243113    
      154398   1.235106    
      154399   1.227106    
      154400   1.219115    
      154401   1.211131    
      154402   1.203158    
      154403   1.195193    
      154404   1.187240    
      154405   1.179298    
      154406   1.171369    
      154407   1.163453    
      154408   1.155551    
      154409   1.147665    
      154410   1.139797    
      154411   1.131947    
      154412   1.124117    
      154413   1.116311    
      154414   1.108528    
      154415   1.100772    
      154416   1.093046    
      154417   1.085352    
      154418   1.077694    
      154419   1.070076    
      154420   1.062502    
      154421   1.054979    
      154422   1.047513    
      154423   1.040109    
      154424   1.032771    
      154425   1.025500    
      154426   1.018293    
      154427   1.011148    
      154428   1.004056    
      154429  0.9969976    
      154430  0.9899389    
      154431  0.9828186    
      154432  0.9755465    
      154433  0.9680406    
      154434  0.9603097    
      154435  0.9524356    
      154436  0.9444855    
      154437  0.9364979    
      154438  0.9284924    
      154439  0.9204790    
      154440  0.9124628    
      154441  0.9044466    
      154442  0.8964319    
      154443  0.8884200    
      154444  0.8804117    
      154445  0.8724080    
      154446  0.8644098    
      154447  0.8564183    
      154448  0.8484344    
      154449  0.8404599    
      154450  0.8324959    
      154451  0.8245441    
      154452  0.8166057    
      154453  0.8086826    
      154454  0.8007760    
      154455  0.7928880    
      154456  0.7850205    
      154457  0.7771757    
      154458  0.7693561    
      154459  0.7615645    
      154460  0.7538039    
      154461  0.7460783    
      154462  0.7383918    
      154463  0.7307499    
      154464  0.7231591    
      154465  0.7156270    
      154466  0.7081623    
      154467  0.7007738    
      154468  0.6934673    
      154469  0.6862465    
      154470  0.6791147    
      154471  0.6720771    
      154472  0.6651396    
      154473  0.6583072    
      154474  0.6515840    
      154475  0.6449716    
      154476  0.6384689    
      154477  0.6320713    
      154478  0.6257735    
      154479  0.6195707    
      154480  0.6134539    
      154481  0.6074111    
      154482  0.6014250    
      154483  0.5954639    
      154484  0.5894691    
      154485  0.5833378    
      154486  0.5768938    
      154487  0.5699182    
      154488  0.5623885    
      154489  0.5544993    
      154490  0.5464231    
      154491  0.5382547    
      154492  0.5300406    
      154493  0.5218029    
      154494  0.5135528    
      154495  0.5052955    
      154496  0.4970335    
      154497  0.4887677    
      154498  0.4804988    
      154499  0.4722274    
      154500  0.4639539    
      154501  0.4556788    
      154502  0.4474024    
      154503  0.4391253    
      154504  0.4308475    
      154505  0.4225692    
      154506  0.4142906    
      154507  0.4060117    
      154508  0.3977326    
      154509  0.3894533    
      154510  0.3811738    
      154511  0.3728942    
      154512  0.3646145    
      154513  0.3563346    
      154514  0.3480546    
      154515  0.3397746    
      154516  0.3314944    
      154517  0.3232142    
      154518  0.3149339    
      154519  0.3066535    
      154520  0.2983730    
      154521  0.2900924    
      154522  0.2818117    
      154523  0.2735310    
      154524  0.2652503    
      154525  0.2569695    
      154526  0.2486886    
      154527  0.2404076    
      154528  0.2321267    
      154529  0.2238457    
      154530  0.2155648    
      154531  0.2072838    
      154532  0.1990029    
      154533  0.1907220    
      154534  0.1824413    
      154535  0.1741607    
      154536  0.1658803    
      154537  0.1576001    
      154538  0.1493202    
      154539  0.1410407    
      154540  0.1327617    
      154541  0.1244835    
      154542  0.1162062    
      154543  0.1079303    
      154544  9.9656165E-02
      154545  9.1384381E-02
      154546  8.3115876E-02
      154547  7.4852124E-02
      154548  6.6595748E-02
      154549  5.8351785E-02
      154550  5.0130807E-02
      154551  4.1956469E-02
      154552  3.3884116E-02
      154553  2.6047589E-02
      154554  1.8774435E-02
      154555  1.2862560E-02
      154556  1.0157346E-02
      154557  1.2862612E-02
      154558  1.8774565E-02
      154559  2.6047831E-02
      154560  3.3884514E-02
      154561  4.1957062E-02
      154562  5.0131641E-02
      154563  5.8352903E-02
      154564  6.6597223E-02
      154565  7.4854009E-02
      154566  8.3118230E-02
      154567  9.1387264E-02
      154568  9.9659644E-02
      154569  0.1079344    
      154570  0.1162110    
      154571  0.1244889    
      154572  0.1327677    
      154573  0.1410473    
      154574  0.1493272    
      154575  0.1576074    
      154576  0.1658875    
      154577  0.1741674    
      154578  0.1824468    
      154579  0.1907253    
      154580  0.1990025    
      154581  0.2072777    
      154582  0.2155498    
      154583  0.2238175    
      154584  0.2320790    
      154585  0.2403315    
      154586  0.2485719    
      154587  0.2567964    
      154588  0.2649999    
      154589  0.2731766    
      154590  0.2813180    
      154591  0.2894120    
      154592  0.2974378    
      154593  0.3053576    
      154594  0.3130949    
      154595  0.3205121    
      154596  0.3274341    
      154597  0.3337880    
      154598  0.3397459    
      154599  0.3455335    
      154600  0.3513033    
      154601  0.3571406    
      154602  0.3630829    
      154603  0.3691418    
      154604  0.3753157    
      154605  0.3816009    
      154606  0.3879924    
      154607  0.3944840    
      154608  0.4010688    
      154609  0.4077410    
      154610  0.4144957    
      154611  0.4213299    
      154612  0.4282411    
      154613  0.4352276    
      154614  0.4422883    
      154615  0.4494222    
      154616  0.4566306    
      154617  0.4639167    
      154618  0.4712841    
      154619  0.4787326    
      154620  0.4862559    
      154621  0.4938446    
      154622  0.5014908    
      154623  0.5091896    
      154624  0.5169367    
      154625  0.5247277    
      154626  0.5325586    
      154627  0.5404252    
      154628  0.5483238    
      154629  0.5562506    
      154630  0.5642026    
      154631  0.5721771    
      154632  0.5801715    
      154633  0.5881838    
      154634  0.5962119    
      154635  0.6042543    
      154636  0.6123095    
      154637  0.6203762    
      154638  0.6284532    
      154639  0.6365396    
      154640  0.6446345    
      154641  0.6527368    
      154642  0.6608459    
      154643  0.6689612    
      154644  0.6770818    
      154645  0.6852071    
      154646  0.6933364    
      154647  0.7014688    
      154648  0.7096035    
      154649  0.7177391    
      154650  0.7258741    
      154651  0.7340062    
      154652  0.7421321    
      154653  0.7502472    
      154654  0.7583447    
      154655  0.7664144    
      154656  0.7744417    
      154657  0.7824054    
      154658  0.7902775    
      154659  0.7980237    
      154660  0.8056034    
      154661  0.8129715    
      154662  0.8200877    
      154663  0.8269370    
      154664  0.8335438    
      154665  0.8399695    
      154666  0.8462802    
      154667  0.8525264    
      154668  0.8587384    
      154669  0.8649325    
      154670  0.8711168    
      154671  0.8772957    
      154672  0.8834727    
      154673  0.8896517    
      154674  0.8958378    
      154675  0.9020390    
      154676  0.9082661    
      154677  0.9145330    
      154678  0.9208534    
      154679  0.9272379    
      154680  0.9336947    
      154681  0.9402297    
      154682  0.9468467    
      154683  0.9535469    
      154684  0.9603293    
      154685  0.9671924    
      154686  0.9741334    
      154687  0.9811479    
      154688  0.9882323    
      154689  0.9953845    
      154690   1.002604    
      154691   1.009892    
      154692   1.017248    
      154693   1.024674    
      154694   1.032167    
      154695   1.039724    
      154696   1.047338    
      154697   1.055004    
      154698   1.062720    
      154699   1.070480    
      154700   1.078283    
      154701   1.086124    
      154702   1.094001    
      154703   1.101909    
      154704   1.109845    
      154705   1.117806    
      154706   1.125789    
      154707   1.133792    
      154708   1.141813    
      154709   1.149850    
      154710   1.157901    
      154711   1.165964    
      154712   1.174039    
      154713   1.182125    
      154714   1.190220    
      154715   1.198324    
      154716   1.206435    
      154717   1.214553    
      154718   1.222678    
      154719   1.230808    
      154720   1.238944    
      154721   1.247085    
      154722   1.255230    
      154723   1.263379    
      154724   1.271531    
      154725   1.279688    
      154726   1.287847    
      154727   1.296009    
      154728   1.304174    
      154729   1.312341    
      154730   1.320511    
      154731   1.328682    
      154732   1.336856    
      154733   1.345031    
      154734   1.353208    
      154735   1.361386    
      154736   1.369565    
      154737   1.377746    
      154738   1.385927    
      154739   1.394110    
      154740   1.402294    
      154741   1.410478    
      154742   1.418664    
      154743   1.426849    
      154744   1.435036    
      154745   1.443223    
      154746   1.451411    
      154747   1.459599    
      154748   1.467787    
      154749   1.475976    
      154750   1.484165    
      154751   1.492354    
      154752   1.500544    
      154753   1.508734    
      154754   1.516924    
      154755   1.525115    
      154756   1.533305    
      154757   1.541496    
      154758   1.549686    
      154759   1.557877    
      154760   1.566068    
      154761   1.574259    
      154762   1.582450    
      154763   1.590641    
      154764   1.598832    
      154765   1.607023    
      154766   1.615214    
      154767   1.623405    
      154768   1.631597    
      154769   1.639788    
      154770   1.647979    
      154771   1.656171    
      154772   1.664362    
      154773   1.672553    
      154774   1.680744    
      154775   1.688936    
      154776   1.697127    
      154777   1.705318    
      154778   1.713509    
      154779   1.721701    
      154780   1.729892    
      154781   1.738083    
