      180082   2.109667    
      180083   2.101740    
      180084   2.093824    
      180085   2.085921    
      180086   2.078031    
      180087   2.070155    
      180088   2.062294    
      180089   2.054450    
      180090   2.046623    
      180091   2.038816    
      180092   2.031029    
      180093   2.023265    
      180094   2.015525    
      180095   2.007811    
      180096   2.000124    
      180097   1.992468    
      180098   1.984843    
      180099   1.977253    
      180100   1.969699    
      180101   1.962182    
      180102   1.954706    
      180103   1.947274    
      180104   1.939887    
      180105   1.932549    
      180106   1.925260    
      180107   1.918021    
      180108   1.910830    
      180109   1.903686    
      180110   1.896587    
      180111   1.889535    
      180112   1.882529    
      180113   1.875570    
      180114   1.868657    
      180115   1.861794    
      180116   1.854982    
      180117   1.848224    
      180118   1.841521    
      180119   1.834876    
      180120   1.828288    
      180121   1.821758    
      180122   1.815281    
      180123   1.808852    
      180124   1.802466    
      180125   1.796114    
      180126   1.789784    
      180127   1.783450    
      180128   1.777063    
      180129   1.770538    
      180130   1.763741    
      180131   1.756538    
      180132   1.748949    
      180133   1.741118    
      180134   1.733164    
      180135   1.725150    
      180136   1.717109    
      180137   1.709055    
      180138   1.700995    
      180139   1.692931    
      180140   1.684865    
      180141   1.676799    
      180142   1.668733    
      180143   1.660667    
      180144   1.652602    
      180145   1.644539    
      180146   1.636478    
      180147   1.628418    
      180148   1.620362    
      180149   1.612308    
      180150   1.604258    
      180151   1.596212    
      180152   1.588170    
      180153   1.580133    
      180154   1.572101    
      180155   1.564075    
      180156   1.556054    
      180157   1.548041    
      180158   1.540033    
      180159   1.532034    
      180160   1.524042    
      180161   1.516059    
      180162   1.508085    
      180163   1.500121    
      180164   1.492168    
      180165   1.484226    
      180166   1.476296    
      180167   1.468380    
      180168   1.460479    
      180169   1.452593    
      180170   1.444725    
      180171   1.436875    
      180172   1.429046    
      180173   1.421239    
      180174   1.413456    
      180175   1.405701    
      180176   1.397974    
      180177   1.390280    
      180178   1.382622    
      180179   1.375004    
      180180   1.367431    
      180181   1.359908    
      180182   1.352442    
      180183   1.345038    
      180184   1.337700    
      180185   1.330429    
      180186   1.323223    
      180187   1.316079    
      180188   1.308987    
      180189   1.301929    
      180190   1.294870    
      180191   1.287750    
      180192   1.280478    
      180193   1.272972    
      180194   1.265241    
      180195   1.257367    
      180196   1.249416    
      180197   1.241429    
      180198   1.233423    
      180199   1.225410    
      180200   1.217394    
      180201   1.209378    
      180202   1.201363    
      180203   1.193351    
      180204   1.185343    
      180205   1.177339    
      180206   1.169341    
      180207   1.161350    
      180208   1.153366    
      180209   1.145391    
      180210   1.137427    
      180211   1.129475    
      180212   1.121537    
      180213   1.113614    
      180214   1.105708    
      180215   1.097820    
      180216   1.089952    
      180217   1.082107    
      180218   1.074288    
      180219   1.066496    
      180220   1.058736    
      180221   1.051010    
      180222   1.043324    
      180223   1.035682    
      180224   1.028091    
      180225   1.020560    
      180226   1.013095    
      180227   1.005707    
      180228  0.9984010    
      180229  0.9911808    
      180230  0.9840499    
      180231  0.9770131    
      180232  0.9700764    
      180233  0.9632450    
      180234  0.9565227    
      180235  0.9499114    
      180236  0.9434098    
      180237  0.9370134    
      180238  0.9307175    
      180239  0.9245174    
      180240  0.9184057    
      180241  0.9123735    
      180242  0.9064126    
      180243  0.9005150    
      180244  0.8946702    
      180245  0.8888588    
      180246  0.8830382    
      180247  0.8771213    
      180248  0.8709644    
      180249  0.8643988    
      180250  0.8573890    
      180251  0.8500626    
      180252  0.8425557    
      180253  0.8349531    
      180254  0.8273007    
      180255  0.8196231    
      180256  0.8119347    
      180257  0.8042445    
      180258  0.7965589    
      180259  0.7888829    
      180260  0.7812203    
      180261  0.7735752    
      180262  0.7659508    
      180263  0.7583501    
      180264  0.7507763    
      180265  0.7432326    
      180266  0.7357228    
      180267  0.7282510    
      180268  0.7208220    
      180269  0.7134407    
      180270  0.7061118    
      180271  0.6988386    
      180272  0.6916232    
      180273  0.6844671    
      180274  0.6773726    
      180275  0.6703428    
      180276  0.6633814    
      180277  0.6564921    
      180278  0.6496787    
      180279  0.6429449    
      180280  0.6362945    
      180281  0.6297300    
      180282  0.6232528    
      180283  0.6168627    
      180284  0.6105588    
      180285  0.6043391    
      180286  0.5981911    
      180287  0.5920795    
      180288  0.5859314    
      180289  0.5796111    
      180290  0.5729016    
      180291  0.5656376    
      180292  0.5579330    
      180293  0.5499864    
      180294  0.5419242    
      180295  0.5338106    
      180296  0.5256750    
      180297  0.5175307    
      180298  0.5093835    
      180299  0.5012356    
      180300  0.4930881    
      180301  0.4849417    
      180302  0.4767964    
      180303  0.4686526    
      180304  0.4605104    
      180305  0.4523701    
      180306  0.4442319    
      180307  0.4360958    
      180308  0.4279622    
      180309  0.4198314    
      180310  0.4117035    
      180311  0.4035790    
      180312  0.3954580    
      180313  0.3873408    
      180314  0.3792280    
      180315  0.3711196    
      180316  0.3630162    
      180317  0.3549182    
      180318  0.3468261    
      180319  0.3387403    
      180320  0.3306614    
      180321  0.3225899    
      180322  0.3145264    
      180323  0.3064717    
      180324  0.2984265    
      180325  0.2903914    
      180326  0.2823674    
      180327  0.2743553    
      180328  0.2663560    
      180329  0.2583704    
      180330  0.2503996    
      180331  0.2424444    
      180332  0.2345060    
      180333  0.2265851    
      180334  0.2186827    
      180335  0.2107996    
      180336  0.2029365    
      180337  0.1950938    
      180338  0.1872718    
      180339  0.1794701    
      180340  0.1716881    
      180341  0.1639247    
      180342  0.1561788    
      180343  0.1484488    
      180344  0.1407329    
      180345  0.1330290    
      180346  0.1253341    
      180347  0.1176437    
      180348  0.1099511    
      180349  0.1022463    
      180350  9.4516240E-02
      180351  8.6747646E-02
      180352  7.8934781E-02
      180353  7.1088493E-02
      180354  6.3234791E-02
      180355  5.5403523E-02
      180356  4.7612451E-02
      180357  3.9878346E-02
      180358  3.2240562E-02
      180359  2.4814881E-02
      180360  1.7909762E-02
      180361  1.2291138E-02
      180362  9.7349044E-03
      180363  1.2370853E-02
      180364  1.8104812E-02
      180365  2.5170762E-02
      180366  3.2802783E-02
      180367  4.0685054E-02
      180368  4.8686855E-02
      180369  5.6753337E-02
      180370  6.4861305E-02
      180371  7.3000230E-02
      180372  8.1164472E-02
      180373  8.9350313E-02
      180374  9.7554758E-02
      180375  0.1057746    
      180376  0.1140061    
      180377  0.1222457    
      180378  0.1304905    
      180379  0.1387379    
      180380  0.1469859    
      180381  0.1552322    
      180382  0.1634745    
      180383  0.1717091    
      180384  0.1799293    
      180385  0.1881253    
      180386  0.1962926    
      180387  0.2044328    
      180388  0.2125511    
      180389  0.2206543    
      180390  0.2287482    
      180391  0.2368377    
      180392  0.2449263    
      180393  0.2530164    
      180394  0.2611098    
      180395  0.2692075    
      180396  0.2773100    
      180397  0.2854178    
      180398  0.2935309    
      180399  0.3016495    
      180400  0.3097732    
      180401  0.3179019    
      180402  0.3260351    
      180403  0.3341727    
      180404  0.3423140    
      180405  0.3504586    
      180406  0.3586059    
      180407  0.3667553    
      180408  0.3749059    
      180409  0.3830568    
      180410  0.3912062    
      180411  0.3993522    
      180412  0.4074915    
      180413  0.4156198    
      180414  0.4237303    
      180415  0.4318133    
      180416  0.4398542    
      180417  0.4478326    
      180418  0.4557209    
      180419  0.4634858    
      180420  0.4710871    
      180421  0.4784789    
      180422  0.4856198    
      180423  0.4924926    
      180424  0.4991194    
      180425  0.5055598    
      180426  0.5118795    
      180427  0.5181314    
      180428  0.5243476    
      180429  0.5305450    
      180430  0.5367319    
      180431  0.5429129    
      180432  0.5490916    
      180433  0.5552717    
      180434  0.5614588    
      180435  0.5676605    
      180436  0.5738881    
      180437  0.5801552    
      180438  0.5864757    
      180439  0.5928603    
      180440  0.5993171    
      180441  0.6058520    
      180442  0.6124690    
      180443  0.6191691    
      180444  0.6259515    
      180445  0.6328146    
      180446  0.6397558    
      180447  0.6467708    
      180448  0.6538559    
      180449  0.6610094    
      180450  0.6682311    
      180451  0.6755214    
      180452  0.6828811    
      180453  0.6903102    
      180454  0.6978068    
      180455  0.7053661    
      180456  0.7129824    
      180457  0.7206509    
      180458  0.7283679    
      180459  0.7361303    
      180460  0.7439346    
      180461  0.7517774    
      180462  0.7596552    
      180463  0.7675641    
      180464  0.7755010    
      180465  0.7834629    
      180466  0.7914470    
      180467  0.7994509    
      180468  0.8074726    
      180469  0.8155100    
      180470  0.8235617    
      180471  0.8316261    
      180472  0.8397021    
      180473  0.8477883    
      180474  0.8558840    
      180475  0.8639880    
      180476  0.8720999    
      180477  0.8802187    
      180478  0.8883440    
      180479  0.8964750    
      180480  0.9046113    
      180481  0.9127524    
      180482  0.9208981    
      180483  0.9290477    
      180484  0.9372009    
      180485  0.9453576    
      180486  0.9535172    
      180487  0.9616795    
      180488  0.9698443    
      180489  0.9780115    
      180490  0.9861807    
      180491  0.9943514    
      180492   1.002524    
      180493   1.010698    
      180494   1.018872    
      180495   1.027048    
      180496   1.035225    
      180497   1.043402    
      180498   1.051580    
      180499   1.059758    
      180500   1.067936    
      180501   1.076114    
      180502   1.084292    
      180503   1.092469    
      180504   1.100647    
      180505   1.108824    
      180506   1.117001    
      180507   1.125177    
      180508   1.133353    
      180509   1.141528    
      180510   1.149703    
      180511   1.157877    
      180512   1.166051    
      180513   1.174224    
      180514   1.182398    
      180515   1.190570    
      180516   1.198743    
      180517   1.206915    
      180518   1.215087    
      180519   1.223259    
      180520   1.231430    
      180521   1.239601    
      180522   1.247772    
      180523   1.255942    
      180524   1.264112    
      180525   1.272282    
      180526   1.280451    
      180527   1.288621    
      180528   1.296789    
      180529   1.304958    
      180530   1.313126    
      180531   1.321293    
      180532   1.329461    
      180533   1.337627    
      180534   1.345793    
      180535   1.353959    
      180536   1.362124    
      180537   1.370289    
      180538   1.378453    
      180539   1.386616    
      180540   1.394778    
      180541   1.402940    
