      157081   2.166159    
      157082   2.158072    
      157083   2.149986    
      157084   2.141901    
      157085   2.133817    
      157086   2.125734    
      157087   2.117652    
      157088   2.109571    
      157089   2.101491    
      157090   2.093413    
      157091   2.085337    
      157092   2.077261    
      157093   2.069188    
      157094   2.061116    
      157095   2.053046    
      157096   2.044979    
      157097   2.036913    
      157098   2.028850    
      157099   2.020788    
      157100   2.012730    
      157101   2.004674    
      157102   1.996621    
      157103   1.988570    
      157104   1.980524    
      157105   1.972480    
      157106   1.964440    
      157107   1.956404    
      157108   1.948372    
      157109   1.940345    
      157110   1.932322    
      157111   1.924304    
      157112   1.916291    
      157113   1.908284    
      157114   1.900282    
      157115   1.892287    
      157116   1.884299    
      157117   1.876318    
      157118   1.868345    
      157119   1.860379    
      157120   1.852422    
      157121   1.844475    
      157122   1.836538    
      157123   1.828611    
      157124   1.820695    
      157125   1.812792    
      157126   1.804901    
      157127   1.797026    
      157128   1.789165    
      157129   1.781321    
      157130   1.773494    
      157131   1.765687    
      157132   1.757900    
      157133   1.750136    
      157134   1.742395    
      157135   1.734681    
      157136   1.726994    
      157137   1.719337    
      157138   1.711712    
      157139   1.704121    
      157140   1.696566    
      157141   1.689048    
      157142   1.681571    
      157143   1.674137    
      157144   1.666750    
      157145   1.659411    
      157146   1.652123    
      157147   1.644883    
      157148   1.637692    
      157149   1.630548    
      157150   1.623449    
      157151   1.616397    
      157152   1.609391    
      157153   1.602431    
      157154   1.595519    
      157155   1.588656    
      157156   1.581844    
      157157   1.575085    
      157158   1.568381    
      157159   1.561736    
      157160   1.555147    
      157161   1.548616    
      157162   1.542138    
      157163   1.535708    
      157164   1.529321    
      157165   1.522969    
      157166   1.516638    
      157167   1.510304    
      157168   1.503917    
      157169   1.497391    
      157170   1.490594    
      157171   1.483390    
      157172   1.475801    
      157173   1.467970    
      157174   1.460015    
      157175   1.452002    
      157176   1.443961    
      157177   1.435907    
      157178   1.427846    
      157179   1.419782    
      157180   1.411717    
      157181   1.403650    
      157182   1.395584    
      157183   1.387518    
      157184   1.379453    
      157185   1.371390    
      157186   1.363328    
      157187   1.355269    
      157188   1.347213    
      157189   1.339159    
      157190   1.331109    
      157191   1.323063    
      157192   1.315021    
      157193   1.306984    
      157194   1.298952    
      157195   1.290925    
      157196   1.282905    
      157197   1.274891    
      157198   1.266884    
      157199   1.258884    
      157200   1.250893    
      157201   1.242909    
      157202   1.234936    
      157203   1.226971    
      157204   1.219018    
      157205   1.211076    
      157206   1.203147    
      157207   1.195230    
      157208   1.187329    
      157209   1.179443    
      157210   1.171575    
      157211   1.163725    
      157212   1.155896    
      157213   1.148089    
      157214   1.140306    
      157215   1.132551    
      157216   1.124824    
      157217   1.117130    
      157218   1.109472    
      157219   1.101854    
      157220   1.094280    
      157221   1.086758    
      157222   1.079291    
      157223   1.071887    
      157224   1.064549    
      157225   1.057278    
      157226   1.050072    
      157227   1.042927    
      157228   1.035835    
      157229   1.028777    
      157230   1.021718    
      157231   1.014598    
      157232   1.007326    
      157233  0.9998201    
      157234  0.9920893    
      157235  0.9842151    
      157236  0.9762651    
      157237  0.9682775    
      157238  0.9602720    
      157239  0.9522586    
      157240  0.9442424    
      157241  0.9362261    
      157242  0.9282115    
      157243  0.9201995    
      157244  0.9121912    
      157245  0.9041876    
      157246  0.8961894    
      157247  0.8881978    
      157248  0.8802141    
      157249  0.8722395    
      157250  0.8642755    
      157251  0.8563236    
      157252  0.8483852    
      157253  0.8404621    
      157254  0.8325556    
      157255  0.8246676    
      157256  0.8168001    
      157257  0.8089554    
      157258  0.8011358    
      157259  0.7933441    
      157260  0.7855837    
      157261  0.7778581    
      157262  0.7701718    
      157263  0.7625299    
      157264  0.7549391    
      157265  0.7474070    
      157266  0.7399424    
      157267  0.7325540    
      157268  0.7252477    
      157269  0.7180271    
      157270  0.7108955    
      157271  0.7038581    
      157272  0.6969208    
      157273  0.6900886    
      157274  0.6833657    
      157275  0.6767537    
      157276  0.6702513    
      157277  0.6638541    
      157278  0.6575574    
      157279  0.6513563    
      157280  0.6452433    
      157281  0.6392096    
      157282  0.6332469    
      157283  0.6273468    
      157284  0.6214983    
      157285  0.6156811    
      157286  0.6098498    
      157287  0.6039132    
      157288  0.5977219    
      157289  0.5911050    
      157290  0.5840384    
      157291  0.5766530    
      157292  0.5690778    
      157293  0.5613862    
      157294  0.5536098    
      157295  0.5457557    
      157296  0.5378156    
      157297  0.5297773    
      157298  0.5216491    
      157299  0.5134630    
      157300  0.5052429    
      157301  0.4970023    
      157302  0.4887486    
      157303  0.4804866    
      157304  0.4722190    
      157305  0.4639479    
      157306  0.4556742    
      157307  0.4473990    
      157308  0.4391225    
      157309  0.4308452    
      157310  0.4225673    
      157311  0.4142890    
      157312  0.4060103    
      157313  0.3977313    
      157314  0.3894521    
      157315  0.3811727    
      157316  0.3728932    
      157317  0.3646135    
      157318  0.3563337    
      157319  0.3480538    
      157320  0.3397738    
      157321  0.3314937    
      157322  0.3232135    
      157323  0.3149332    
      157324  0.3066529    
      157325  0.2983724    
      157326  0.2900919    
      157327  0.2818114    
      157328  0.2735307    
      157329  0.2652500    
      157330  0.2569694    
      157331  0.2486887    
      157332  0.2404080    
      157333  0.2321274    
      157334  0.2238468    
      157335  0.2155662    
      157336  0.2072857    
      157337  0.1990052    
      157338  0.1907247    
      157339  0.1824443    
      157340  0.1741639    
      157341  0.1658837    
      157342  0.1576036    
      157343  0.1493237    
      157344  0.1410441    
      157345  0.1327650    
      157346  0.1244865    
      157347  0.1162091    
      157348  0.1079329    
      157349  9.9658430E-02
      157350  9.1386348E-02
      157351  8.3117545E-02
      157352  7.4853532E-02
      157353  6.6596910E-02
      157354  5.8352720E-02
      157355  5.0131552E-02
      157356  4.1957036E-02
      157357  3.3884529E-02
      157358  2.6047871E-02
      157359  1.8774614E-02
      157360  1.2862664E-02
      157361  1.0157409E-02
      157362  1.2862669E-02
      157363  1.8774629E-02
      157364  2.6047900E-02
      157365  3.3884585E-02
      157366  4.1957129E-02
      157367  5.0131693E-02
      157368  5.8352940E-02
      157369  6.6597223E-02
      157370  7.4853957E-02
      157371  8.3118096E-02
      157372  9.1387004E-02
      157373  9.9659197E-02
      157374  0.1079337    
      157375  0.1162098    
      157376  0.1244870    
      157377  0.1327649    
      157378  0.1410429    
      157379  0.1493206    
      157380  0.1575973    
      157381  0.1658722    
      157382  0.1741443    
      157383  0.1824121    
      157384  0.1906735    
      157385  0.1989260    
      157386  0.2071665    
      157387  0.2153912    
      157388  0.2235959    
      157389  0.2317745    
      157390  0.2399194    
      157391  0.2480196    
      157392  0.2560582    
      157393  0.2640050    
      157394  0.2718017    
      157395  0.2793354    
      157396  0.2864446    
      157397  0.2930117    
      157398  0.2991268    
      157399  0.3050123    
      157400  0.3108392    
      157401  0.3167104    
      157402  0.3226751    
      157403  0.3287495    
      157404  0.3349346    
      157405  0.3412281    
      157406  0.3476259    
      157407  0.3541220    
      157408  0.3607103    
      157409  0.3673850    
      157410  0.3741416    
      157411  0.3809771    
      157412  0.3878893    
      157413  0.3948765    
      157414  0.4019377    
      157415  0.4090720    
      157416  0.4162807    
      157417  0.4235669    
      157418  0.4309345    
      157419  0.4383830    
      157420  0.4459065    
      157421  0.4534953    
      157422  0.4611416    
      157423  0.4688404    
      157424  0.4765874    
      157425  0.4843783    
      157426  0.4922093    
      157427  0.5000759    
      157428  0.5079744    
      157429  0.5159013    
      157430  0.5238534    
      157431  0.5318279    
      157432  0.5398223    
      157433  0.5478345    
      157434  0.5558627    
      157435  0.5639051    
      157436  0.5719603    
      157437  0.5800270    
      157438  0.5881040    
      157439  0.5961903    
      157440  0.6042851    
      157441  0.6123874    
      157442  0.6204965    
      157443  0.6286117    
      157444  0.6367322    
      157445  0.6448575    
      157446  0.6529868    
      157447  0.6611191    
      157448  0.6692537    
      157449  0.6773893    
      157450  0.6855242    
      157451  0.6936561    
      157452  0.7017819    
      157453  0.7098968    
      157454  0.7179942    
      157455  0.7260638    
      157456  0.7340909    
      157457  0.7420545    
      157458  0.7499262    
      157459  0.7576721    
      157460  0.7652513    
      157461  0.7726190    
      157462  0.7797348    
      157463  0.7865837    
      157464  0.7931901    
      157465  0.7996157    
      157466  0.8059263    
      157467  0.8121724    
      157468  0.8183843    
      157469  0.8245783    
      157470  0.8307625    
      157471  0.8369414    
      157472  0.8431184    
      157473  0.8492974    
      157474  0.8554834    
      157475  0.8616845    
      157476  0.8679115    
      157477  0.8741783    
      157478  0.8804987    
      157479  0.8868834    
      157480  0.8933401    
      157481  0.8998752    
      157482  0.9064922    
      157483  0.9131923    
      157484  0.9199747    
      157485  0.9268378    
      157486  0.9337788    
      157487  0.9407933    
      157488  0.9478778    
      157489  0.9550300    
      157490  0.9622495    
      157491  0.9695370    
      157492  0.9768934    
      157493  0.9843192    
      157494  0.9918126    
      157495  0.9993693    
      157496   1.006983    
      157497   1.014650    
      157498   1.022365    
      157499   1.030125    
      157500   1.037928    
      157501   1.045770    
      157502   1.053646    
      157503   1.061554    
      157504   1.069490    
      157505   1.077451    
      157506   1.085434    
      157507   1.093437    
      157508   1.101458    
      157509   1.109495    
      157510   1.117546    
      157511   1.125609    
      157512   1.133685    
      157513   1.141770    
      157514   1.149865    
      157515   1.157969    
      157516   1.166080    
      157517   1.174198    
      157518   1.182323    
      157519   1.190453    
      157520   1.198589    
      157521   1.206729    
      157522   1.214874    
      157523   1.223023    
      157524   1.231176    
      157525   1.239332    
      157526   1.247492    
      157527   1.255654    
      157528   1.263819    
      157529   1.271986    
      157530   1.280156    
      157531   1.288327    
      157532   1.296500    
      157533   1.304676    
      157534   1.312852    
      157535   1.321030    
      157536   1.329210    
      157537   1.337390    
      157538   1.345572    
      157539   1.353755    
      157540   1.361939    
      157541   1.370123    
      157542   1.378308    
      157543   1.386494    
      157544   1.394681    
      157545   1.402868    
      157546   1.411055    
      157547   1.419243    
      157548   1.427432    
      157549   1.435621    
      157550   1.443810    
      157551   1.451999    
      157552   1.460189    
      157553   1.468379    
      157554   1.476569    
      157555   1.484759    
      157556   1.492950    
      157557   1.501141    
      157558   1.509331    
      157559   1.517522    
      157560   1.525713    
      157561   1.533904    
      157562   1.542095    
      157563   1.550286    
      157564   1.558477    
      157565   1.566669    
      157566   1.574860    
      157567   1.583051    
      157568   1.591242    
      157569   1.599433    
      157570   1.607625    
      157571   1.615816    
      157572   1.624007    
      157573   1.632198    
      157574   1.640390    
      157575   1.648581    
      157576   1.656772    
      157577   1.664963    
      157578   1.673155    
      157579   1.681346    
      157580   1.689537    
      157581   1.697728    
