       80361   1.127270    
       80362   1.119201    
       80363   1.111134    
       80364   1.103068    
       80365   1.095003    
       80366   1.086939    
       80367   1.078876    
       80368   1.070814    
       80369   1.062754    
       80370   1.054695    
       80371   1.046637    
       80372   1.038582    
       80373   1.030528    
       80374   1.022476    
       80375   1.014426    
       80376   1.006378    
       80377  0.9983330    
       80378  0.9902902    
       80379  0.9822500    
       80380  0.9742128    
       80381  0.9661785    
       80382  0.9581474    
       80383  0.9501196    
       80384  0.9420955    
       80385  0.9340752    
       80386  0.9260589    
       80387  0.9180470    
       80388  0.9100397    
       80389  0.9020372    
       80390  0.8940399    
       80391  0.8860482    
       80392  0.8780623    
       80393  0.8700826    
       80394  0.8621095    
       80395  0.8541435    
       80396  0.8461851    
       80397  0.8382348    
       80398  0.8302929    
       80399  0.8223600    
       80400  0.8144369    
       80401  0.8065243    
       80402  0.7986227    
       80403  0.7907330    
       80404  0.7828560    
       80405  0.7749928    
       80406  0.7671443    
       80407  0.7593118    
       80408  0.7514964    
       80409  0.7436996    
       80410  0.7359226    
       80411  0.7281671    
       80412  0.7204349    
       80413  0.7127280    
       80414  0.7050486    
       80415  0.6973993    
       80416  0.6897830    
       80417  0.6822031    
       80418  0.6746635    
       80419  0.6671691    
       80420  0.6597247    
       80421  0.6523354    
       80422  0.6450040    
       80423  0.6377308    
       80424  0.6305141    
       80425  0.6233512    
       80426  0.6162388    
       80427  0.6091733    
       80428  0.6021504    
       80429  0.5951654    
       80430  0.5882143    
       80431  0.5812951    
       80432  0.5744074    
       80433  0.5675525    
       80434  0.5607331    
       80435  0.5539531    
       80436  0.5472163    
       80437  0.5405270    
       80438  0.5338887    
       80439  0.5273025    
       80440  0.5207630    
       80441  0.5142510    
       80442  0.5077293    
       80443  0.5011313    
       80444  0.4943444    
       80445  0.4872221    
       80446  0.4796735    
       80447  0.4717885    
       80448  0.4637113    
       80449  0.4555339    
       80450  0.4473061    
       80451  0.4390540    
       80452  0.4307904    
       80453  0.4225214    
       80454  0.4142498    
       80455  0.4059769    
       80456  0.3977032    
       80457  0.3894290    
       80458  0.3811544    
       80459  0.3728795    
       80460  0.3646041    
       80461  0.3563282    
       80462  0.3480518    
       80463  0.3397749    
       80464  0.3314975    
       80465  0.3232197    
       80466  0.3149414    
       80467  0.3066626    
       80468  0.2983835    
       80469  0.2901039    
       80470  0.2818239    
       80471  0.2735436    
       80472  0.2652631    
       80473  0.2569824    
       80474  0.2487016    
       80475  0.2404207    
       80476  0.2321396    
       80477  0.2238585    
       80478  0.2155773    
       80479  0.2072961    
       80480  0.1990148    
       80481  0.1907336    
       80482  0.1824523    
       80483  0.1741711    
       80484  0.1658900    
       80485  0.1576090    
       80486  0.1493284    
       80487  0.1410480    
       80488  0.1327683    
       80489  0.1244893    
       80490  0.1162113    
       80491  0.1079346    
       80492  9.9659823E-02
       80493  9.1387421E-02
       80494  8.3118357E-02
       80495  7.4854121E-02
       80496  6.6597320E-02
       80497  5.8352999E-02
       80498  5.0131723E-02
       80499  4.1957140E-02
       80500  3.3884585E-02
       80501  2.6047897E-02
       80502  1.8774619E-02
       80503  1.2862659E-02
       80504  1.0157395E-02
       80505  1.2862637E-02
       80506  1.8774563E-02
       80507  2.6047785E-02
       80508  3.3884391E-02
       80509  4.1956816E-02
       80510  5.0131209E-02
       80511  5.8352184E-02
       80512  6.6596061E-02
       80513  7.4852198E-02
       80514  8.3115444E-02
       80515  9.1383070E-02
       80516  9.9653423E-02
       80517  0.1079255    
       80518  0.1161986    
       80519  0.1244723    
       80520  0.1327463    
       80521  0.1410206    
       80522  0.1492949    
       80523  0.1575694    
       80524  0.1658442    
       80525  0.1741196    
       80526  0.1823956    
       80527  0.1906724    
       80528  0.1989501    
       80529  0.2072285    
       80530  0.2155075    
       80531  0.2237870    
       80532  0.2320667    
       80533  0.2403466    
       80534  0.2486267    
       80535  0.2569068    
       80536  0.2651870    
       80537  0.2734672    
       80538  0.2817473    
       80539  0.2900274    
       80540  0.2983075    
       80541  0.3065875    
       80542  0.3148674    
       80543  0.3231471    
       80544  0.3314269    
       80545  0.3397064    
       80546  0.3479857    
       80547  0.3562648    
       80548  0.3645437    
       80549  0.3728222    
       80550  0.3811002    
       80551  0.3893777    
       80552  0.3976543    
       80553  0.4059299    
       80554  0.4142040    
       80555  0.4224760    
       80556  0.4307451    
       80557  0.4390100    
       80558  0.4472690    
       80559  0.4555201    
       80560  0.4637605    
       80561  0.4719861    
       80562  0.4801893    
       80563  0.4883556    
       80564  0.4964546    
       80565  0.5044397    
       80566  0.5122489    
       80567  0.5197907    
       80568  0.5269520    
       80569  0.5337006    
       80570  0.5401479    
       80571  0.5464340    
       80572  0.5526546    
       80573  0.5588687    
       80574  0.5651118    
       80575  0.5714036    
       80576  0.5777560    
       80577  0.5841767    
       80578  0.5906723    
       80579  0.5972478    
       80580  0.6039050    
       80581  0.6106433    
       80582  0.6174607    
       80583  0.6243540    
       80584  0.6313200    
       80585  0.6383562    
       80586  0.6454610    
       80587  0.6526341    
       80588  0.6598767    
       80589  0.6671907    
       80590  0.6745750    
       80591  0.6820233    
       80592  0.6895267    
       80593  0.6970785    
       80594  0.7046746    
       80595  0.7123116    
       80596  0.7199864    
       80597  0.7276962    
       80598  0.7354383    
       80599  0.7432102    
       80600  0.7510093    
       80601  0.7588336    
       80602  0.7666810    
       80603  0.7745492    
       80604  0.7824369    
       80605  0.7903422    
       80606  0.7982637    
       80607  0.8062000    
       80608  0.8141500    
       80609  0.8221128    
       80610  0.8300872    
       80611  0.8380723    
       80612  0.8460674    
       80613  0.8540715    
       80614  0.8620840    
       80615  0.8701043    
       80616  0.8781316    
       80617  0.8861656    
       80618  0.8942053    
       80619  0.9022506    
       80620  0.9103011    
       80621  0.9183562    
       80622  0.9264153    
       80623  0.9344783    
       80624  0.9425448    
       80625  0.9506140    
       80626  0.9586851    
       80627  0.9667566    
       80628  0.9748250    
       80629  0.9828827    
       80630  0.9909127    
       80631  0.9988772    
       80632   1.006699    
       80633   1.014237    
       80634   1.021338    
       80635   1.028015    
       80636   1.034447    
       80637   1.040780    
       80638   1.047097    
       80639   1.053443    
       80640   1.059834    
       80641   1.066276    
       80642   1.072772    
       80643   1.079321    
       80644   1.085923    
       80645   1.092577    
       80646   1.099284    
       80647   1.106043    
       80648   1.112855    
       80649   1.119717    
       80650   1.126631    
       80651   1.133596    
       80652   1.140611    
       80653   1.147676    
       80654   1.154794    
       80655   1.161963    
       80656   1.169185    
       80657   1.176460    
       80658   1.183781    
       80659   1.191142    
       80660   1.198537    
       80661   1.205962    
       80662   1.213409    
       80663   1.220873    
       80664   1.228344    
       80665   1.235809    
       80666   1.243253    
       80667   1.250650    
       80668   1.257964    
       80669   1.265144    
       80670   1.272113    
       80671   1.278771    
       80672   1.285021    
       80673   1.290849    
       80674   1.296349    
       80675   1.301649    
       80676   1.306867    
       80677   1.312098    
       80678   1.317408    
       80679   1.322835    
       80680   1.328398    
       80681   1.334108    
       80682   1.339963    
       80683   1.345958    
       80684   1.352083    
       80685   1.358328    
       80686   1.364686    
       80687   1.371149    
       80688   1.377709    
       80689   1.384361    
       80690   1.391098    
       80691   1.397918    
       80692   1.404817    
       80693   1.411793    
       80694   1.418844    
       80695   1.425971    
       80696   1.433173    
       80697   1.440454    
       80698   1.447817    
       80699   1.455261    
       80700   1.462782    
       80701   1.470368    
       80702   1.478012    
       80703   1.485708    
       80704   1.493453    
       80705   1.501242    
       80706   1.509072    
       80707   1.516937    
       80708   1.524833    
       80709   1.532759    
       80710   1.540709    
       80711   1.548682    
       80712   1.556675    
       80713   1.564685    
       80714   1.572712    
       80715   1.580753    
       80716   1.588807    
       80717   1.596872    
       80718   1.604947    
       80719   1.613032    
       80720   1.621126    
       80721   1.629226    
       80722   1.637334    
       80723   1.645448    
       80724   1.653567    
       80725   1.661691    
       80726   1.669820    
       80727   1.677951    
       80728   1.686085    
       80729   1.694219    
       80730   1.702353    
       80731   1.710484    
       80732   1.718609    
       80733   1.726723    
       80734   1.734819    
       80735   1.742888    
       80736   1.750914    
       80737   1.758877    
       80738   1.766748    
       80739   1.774493    
       80740   1.782072    
       80741   1.789438    
       80742   1.796553    
       80743   1.803400    
       80744   1.810006    
       80745   1.816432    
       80746   1.822742    
       80747   1.828988    
       80748   1.835200    
       80749   1.841393    
       80750   1.847578    
       80751   1.853757    
       80752   1.859934    
       80753   1.866112    
       80754   1.872299    
       80755   1.878500    
       80756   1.884727    
       80757   1.890993    
       80758   1.897314    
       80759   1.903698    
       80760   1.910155    
       80761   1.916690    
       80762   1.923307    
       80763   1.930007    
       80764   1.936789    
       80765   1.943652    
       80766   1.950593    
       80767   1.957608    
       80768   1.964692    
       80769   1.971845    
       80770   1.979064    
       80771   1.986352    
       80772   1.993708    
       80773   2.001134    
       80774   2.008627    
       80775   2.016184    
       80776   2.023797    
       80777   2.031464    
       80778   2.039179    
       80779   2.046939    
       80780   2.054740    
       80781   2.062577    
       80782   2.070444    
       80783   2.078324    
       80784   2.086185    
