       97721   1.369789    
       97722   1.361721    
       97723   1.353652    
       97724   1.345585    
       97725   1.337519    
       97726   1.329454    
       97727   1.321390    
       97728   1.313328    
       97729   1.305266    
       97730   1.297206    
       97731   1.289147    
       97732   1.281090    
       97733   1.273035    
       97734   1.264982    
       97735   1.256930    
       97736   1.248881    
       97737   1.240834    
       97738   1.232790    
       97739   1.224748    
       97740   1.216709    
       97741   1.208672    
       97742   1.200639    
       97743   1.192609    
       97744   1.184583    
       97745   1.176560    
       97746   1.168541    
       97747   1.160527    
       97748   1.152517    
       97749   1.144512    
       97750   1.136511    
       97751   1.128517    
       97752   1.120528    
       97753   1.112545    
       97754   1.104568    
       97755   1.096598    
       97756   1.088636    
       97757   1.080681    
       97758   1.072735    
       97759   1.064798    
       97760   1.056870    
       97761   1.048953    
       97762   1.041046    
       97763   1.033151    
       97764   1.025269    
       97765   1.017400    
       97766   1.009546    
       97767   1.001708    
       97768  0.9938861    
       97769  0.9860829    
       97770  0.9782995    
       97771  0.9705374    
       97772  0.9627985    
       97773  0.9550847    
       97774  0.9473985    
       97775  0.9397424    
       97776  0.9321196    
       97777  0.9245332    
       97778  0.9169877    
       97779  0.9094876    
       97780  0.9020383    
       97781  0.8946452    
       97782  0.8873115    
       97783  0.8800373    
       97784  0.8728213    
       97785  0.8656605    
       97786  0.8585518    
       97787  0.8514916    
       97788  0.8444753    
       97789  0.8374977    
       97790  0.8305545    
       97791  0.8236428    
       97792  0.8167623    
       97793  0.8099141    
       97794  0.8031011    
       97795  0.7963274    
       97796  0.7895979    
       97797  0.7829173    
       97798  0.7762904    
       97799  0.7697216    
       97800  0.7632140    
       97801  0.7567688    
       97802  0.7503846    
       97803  0.7440586    
       97804  0.7377875    
       97805  0.7315638    
       97806  0.7253752    
       97807  0.7191993    
       97808  0.7129951    
       97809  0.7066951    
       97810  0.7001859    
       97811  0.6933020    
       97812  0.6859303    
       97813  0.6781604    
       97814  0.6701585    
       97815  0.6620382    
       97816  0.6538595    
       97817  0.6456516    
       97818  0.6374282    
       97819  0.6291957    
       97820  0.6209573    
       97821  0.6127142    
       97822  0.6044675    
       97823  0.5962174    
       97824  0.5879643    
       97825  0.5797084    
       97826  0.5714498    
       97827  0.5631883    
       97828  0.5549240    
       97829  0.5466567    
       97830  0.5383866    
       97831  0.5301135    
       97832  0.5218384    
       97833  0.5135623    
       97834  0.5052856    
       97835  0.4970087    
       97836  0.4887314    
       97837  0.4804540    
       97838  0.4721763    
       97839  0.4638984    
       97840  0.4556203    
       97841  0.4473421    
       97842  0.4390637    
       97843  0.4307851    
       97844  0.4225065    
       97845  0.4142275    
       97846  0.4059486    
       97847  0.3976695    
       97848  0.3893902    
       97849  0.3811108    
       97850  0.3728314    
       97851  0.3645518    
       97852  0.3562721    
       97853  0.3479923    
       97854  0.3397124    
       97855  0.3314324    
       97856  0.3231524    
       97857  0.3148722    
       97858  0.3065920    
       97859  0.2983117    
       97860  0.2900314    
       97861  0.2817510    
       97862  0.2734705    
       97863  0.2651900    
       97864  0.2569095    
       97865  0.2486289    
       97866  0.2403484    
       97867  0.2320678    
       97868  0.2237872    
       97869  0.2155067    
       97870  0.2072263    
       97871  0.1989460    
       97872  0.1906658    
       97873  0.1823860    
       97874  0.1741065    
       97875  0.1658276    
       97876  0.1575495    
       97877  0.1492722    
       97878  0.1409960    
       97879  0.1327208    
       97880  0.1244469    
       97881  0.1161744    
       97882  0.1079033    
       97883  9.9634118E-02
       97884  9.1367066E-02
       97885  8.3102852E-02
       97886  7.4842803E-02
       97887  6.6589400E-02
       97888  5.8347635E-02
       97889  5.0128184E-02
       97890  4.1954849E-02
       97891  3.3883139E-02
       97892  2.6047017E-02
       97893  1.8774115E-02
       97894  1.2862388E-02
       97895  1.0157246E-02
       97896  1.2862526E-02
       97897  1.8774467E-02
       97898  2.6047718E-02
       97899  3.3884384E-02
       97900  4.1956913E-02
       97901  5.0131477E-02
       97902  5.8352724E-02
       97903  6.6597022E-02
       97904  7.4853778E-02
       97905  8.3117962E-02
       97906  9.1386937E-02
       97907  9.9659204E-02
       97908  0.1079338    
       97909  0.1162102    
       97910  0.1244877    
       97911  0.1327661    
       97912  0.1410449    
       97913  0.1493238    
       97914  0.1576023    
       97915  0.1658799    
       97916  0.1741562    
       97917  0.1824303    
       97918  0.1907014    
       97919  0.1989690    
       97920  0.2072327    
       97921  0.2154927    
       97922  0.2237492    
       97923  0.2320028    
       97924  0.2402539    
       97925  0.2485030    
       97926  0.2567499    
       97927  0.2649941    
       97928  0.2732341    
       97929  0.2814659    
       97930  0.2896809    
       97931  0.2978622    
       97932  0.3059754    
       97933  0.3139579    
       97934  0.3217090    
       97935  0.3291138    
       97936  0.3361816    
       97937  0.3430309    
       97938  0.3497814    
       97939  0.3565125    
       97940  0.3632694    
       97941  0.3700781    
       97942  0.3769515    
       97943  0.3838939    
       97944  0.3909061    
       97945  0.3979867    
       97946  0.4051337    
       97947  0.4123475    
       97948  0.4196307    
       97949  0.4269851    
       97950  0.4344072    
       97951  0.4418883    
       97952  0.4494203    
       97953  0.4569979    
       97954  0.4646171    
       97955  0.4722746    
       97956  0.4799674    
       97957  0.4876927    
       97958  0.4954479    
       97959  0.5032305    
       97960  0.5110382    
       97961  0.5188692    
       97962  0.5267215    
       97963  0.5345935    
       97964  0.5424834    
       97965  0.5503898    
       97966  0.5583115    
       97967  0.5662472    
       97968  0.5741959    
       97969  0.5821568    
       97970  0.5901287    
       97971  0.5981109    
       97972  0.6061025    
       97973  0.6141030    
       97974  0.6221114    
       97975  0.6301274    
       97976  0.6381502    
       97977  0.6461793    
       97978  0.6542143    
       97979  0.6622547    
       97980  0.6702999    
       97981  0.6783496    
       97982  0.6864034    
       97983  0.6944609    
       97984  0.7025215    
       97985  0.7105844    
       97986  0.7186482    
       97987  0.7267099    
       97988  0.7347629    
       97989  0.7427922    
       97990  0.7507641    
       97991  0.7586075    
       97992  0.7661902    
       97993  0.7733426    
       97994  0.7800415    
       97995  0.7864573    
       97996  0.7927510    
       97997  0.7990174    
       97998  0.8053076    
       97999  0.8116434    
       98000  0.8180307    
       98001  0.8244717    
       98002  0.8309670    
       98003  0.8375160    
       98004  0.8441180    
       98005  0.8507727    
       98006  0.8574798    
       98007  0.8642390    
       98008  0.8710502    
       98009  0.8779131    
       98010  0.8848271    
       98011  0.8917917    
       98012  0.8988068    
       98013  0.9058725    
       98014  0.9129897    
       98015  0.9201593    
       98016  0.9273819    
       98017  0.9346560    
       98018  0.9419774    
       98019  0.9493389    
       98020  0.9567344    
       98021  0.9641587    
       98022  0.9716060    
       98023  0.9790697    
       98024  0.9865407    
       98025  0.9940065    
       98026   1.001450    
       98027   1.008847    
       98028   1.016161    
       98029   1.023341    
       98030   1.030310    
       98031   1.036968    
       98032   1.043217    
       98033   1.049045    
       98034   1.054545    
       98035   1.059845    
       98036   1.065064    
       98037   1.070295    
       98038   1.075604    
       98039   1.081032    
       98040   1.086595    
       98041   1.092304    
       98042   1.098160    
       98043   1.104155    
       98044   1.110280    
       98045   1.116525    
       98046   1.122882    
       98047   1.129345    
       98048   1.135906    
       98049   1.142558    
       98050   1.149295    
       98051   1.156115    
       98052   1.163013    
       98053   1.169990    
       98054   1.177042    
       98055   1.184168    
       98056   1.191371    
       98057   1.198652    
       98058   1.206014    
       98059   1.213459    
       98060   1.220978    
       98061   1.228565    
       98062   1.236208    
       98063   1.243905    
       98064   1.251650    
       98065   1.259439    
       98066   1.267269    
       98067   1.275134    
       98068   1.283031    
       98069   1.290956    
       98070   1.298907    
       98071   1.306879    
       98072   1.314872    
       98073   1.322883    
       98074   1.330909    
       98075   1.338950    
       98076   1.347004    
       98077   1.355069    
       98078   1.363144    
       98079   1.371229    
       98080   1.379323    
       98081   1.387423    
       98082   1.395531    
       98083   1.403645    
       98084   1.411764    
       98085   1.419888    
       98086   1.428016    
       98087   1.436148    
       98088   1.444281    
       98089   1.452416    
       98090   1.460550    
       98091   1.468681    
       98092   1.476805    
       98093   1.484920    
       98094   1.493016    
       98095   1.501085    
       98096   1.509111    
       98097   1.517073    
       98098   1.524944    
       98099   1.532689    
       98100   1.540268    
       98101   1.547635    
       98102   1.554749    
       98103   1.561597    
       98104   1.568203    
       98105   1.574629    
       98106   1.580939    
       98107   1.587185    
       98108   1.593397    
       98109   1.599591    
       98110   1.605775    
       98111   1.611954    
       98112   1.618131    
       98113   1.624310    
       98114   1.630496    
       98115   1.636697    
       98116   1.642924    
       98117   1.649191    
       98118   1.655511    
       98119   1.661896    
       98120   1.668352    
       98121   1.674887    
       98122   1.681504    
       98123   1.688204    
       98124   1.694986    
       98125   1.701850    
       98126   1.708791    
       98127   1.715806    
       98128   1.722890    
       98129   1.730042    
       98130   1.737262    
       98131   1.744549    
       98132   1.751905    
       98133   1.759331    
       98134   1.766824    
       98135   1.774381    
       98136   1.781995    
       98137   1.789661    
       98138   1.797376    
       98139   1.805137    
       98140   1.812940    
       98141   1.820781    
       98142   1.828657    
       98143   1.836565    
       98144   1.844501    
       98145   1.852462    
       98146   1.860445    
       98147   1.868448    
       98148   1.876469    
       98149   1.884506    
       98150   1.892557    
       98151   1.900621    
       98152   1.908696    
       98153   1.916781    
       98154   1.924876    
       98155   1.932980    
       98156   1.941091    
       98157   1.949209    
       98158   1.957334    
       98159   1.965465    
       98160   1.973600    
       98161   1.981741    
       98162   1.989886    
       98163   1.998035    
       98164   2.006188    
       98165   2.014344    
       98166   2.022503    
       98167   2.030665    
       98168   2.038831    
       98169   2.046998    
       98170   2.055167    
       98171   2.063337    
       98172   2.071506    
       98173   2.079671    
       98174   2.087819    
       98175   2.095921    
