      145321   2.004151    
      145322   1.996082    
      145323   1.988013    
      145324   1.979945    
      145325   1.971879    
      145326   1.963813    
      145327   1.955749    
      145328   1.947686    
      145329   1.939624    
      145330   1.931564    
      145331   1.923505    
      145332   1.915447    
      145333   1.907392    
      145334   1.899338    
      145335   1.891286    
      145336   1.883237    
      145337   1.875189    
      145338   1.867144    
      145339   1.859102    
      145340   1.851062    
      145341   1.843025    
      145342   1.834992    
      145343   1.826962    
      145344   1.818935    
      145345   1.810912    
      145346   1.802892    
      145347   1.794878    
      145348   1.786867    
      145349   1.778862    
      145350   1.770861    
      145351   1.762866    
      145352   1.754876    
      145353   1.746893    
      145354   1.738916    
      145355   1.730946    
      145356   1.722983    
      145357   1.715028    
      145358   1.707082    
      145359   1.699144    
      145360   1.691216    
      145361   1.683298    
      145362   1.675391    
      145363   1.667496    
      145364   1.659613    
      145365   1.651744    
      145366   1.643890    
      145367   1.636051    
      145368   1.628229    
      145369   1.620425    
      145370   1.612642    
      145371   1.604879    
      145372   1.597141    
      145373   1.589427    
      145374   1.581740    
      145375   1.574084    
      145376   1.566461    
      145377   1.558875    
      145378   1.551330    
      145379   1.543830    
      145380   1.536381    
      145381   1.528988    
      145382   1.521654    
      145383   1.514381    
      145384   1.507165    
      145385   1.500005    
      145386   1.492897    
      145387   1.485837    
      145388   1.478821    
      145389   1.471845    
      145390   1.464902    
      145391   1.457992    
      145392   1.451112    
      145393   1.444265    
      145394   1.437453    
      145395   1.430680    
      145396   1.423951    
      145397   1.417271    
      145398   1.410645    
      145399   1.404077    
      145400   1.397570    
      145401   1.391126    
      145402   1.384743    
      145403   1.378418    
      145404   1.372148    
      145405   1.365927    
      145406   1.359744    
      145407   1.353582    
      145408   1.347409    
      145409   1.341163    
      145410   1.334745    
      145411   1.327999    
      145412   1.320792    
      145413   1.313183    
      145414   1.305339    
      145415   1.297378    
      145416   1.289363    
      145417   1.281323    
      145418   1.273273    
      145419   1.265216    
      145420   1.257158    
      145421   1.249098    
      145422   1.241037    
      145423   1.232978    
      145424   1.224919    
      145425   1.216862    
      145426   1.208807    
      145427   1.200754    
      145428   1.192704    
      145429   1.184657    
      145430   1.176613    
      145431   1.168574    
      145432   1.160539    
      145433   1.152509    
      145434   1.144484    
      145435   1.136465    
      145436   1.128452    
      145437   1.120446    
      145438   1.112446    
      145439   1.104455    
      145440   1.096471    
      145441   1.088496    
      145442   1.080531    
      145443   1.072576    
      145444   1.064631    
      145445   1.056699    
      145446   1.048779    
      145447   1.040873    
      145448   1.032981    
      145449   1.025105    
      145450   1.017247    
      145451   1.009408    
      145452   1.001589    
      145453  0.9937927    
      145454  0.9860207    
      145455  0.9782755    
      145456  0.9705596    
      145457  0.9628761    
      145458  0.9552281    
      145459  0.9476198    
      145460  0.9400559    
      145461  0.9325416    
      145462  0.9250828    
      145463  0.9176847    
      145464  0.9103503    
      145465  0.9030796    
      145466  0.8958708    
      145467  0.8887197    
      145468  0.8816174    
      145469  0.8745446    
      145470  0.8674666    
      145471  0.8603219    
      145472  0.8530213    
      145473  0.8454880    
      145474  0.8377384    
      145475  0.8298538    
      145476  0.8218979    
      145477  0.8139068    
      145478  0.8058990    
      145479  0.7978839    
      145480  0.7898661    
      145481  0.7818485    
      145482  0.7738324    
      145483  0.7658191    
      145484  0.7578096    
      145485  0.7498046    
      145486  0.7418051    
      145487  0.7338122    
      145488  0.7258270    
      145489  0.7178510    
      145490  0.7098856    
      145491  0.7019322    
      145492  0.6939924    
      145493  0.6860675    
      145494  0.6781592    
      145495  0.6702694    
      145496  0.6623999    
      145497  0.6545529    
      145498  0.6467310    
      145499  0.6389369    
      145500  0.6311738    
      145501  0.6234452    
      145502  0.6157554    
      145503  0.6081098    
      145504  0.6005146    
      145505  0.5929774    
      145506  0.5855068    
      145507  0.5781115    
      145508  0.5707977    
      145509  0.5635687    
      145510  0.5564278    
      145511  0.5493799    
      145512  0.5424303    
      145513  0.5355837    
      145514  0.5288435    
      145515  0.5222104    
      145516  0.5156814    
      145517  0.5092483    
      145518  0.5028960    
      145519  0.4965973    
      145520  0.4903015    
      145521  0.4839236    
      145522  0.4773277    
      145523  0.4703369    
      145524  0.4628569    
      145525  0.4550076    
      145526  0.4469537    
      145527  0.4387976    
      145528  0.4305926    
      145529  0.4223644    
      145530  0.4141247    
      145531  0.4058783    
      145532  0.3976270    
      145533  0.3893716    
      145534  0.3811125    
      145535  0.3728498    
      145536  0.3645839    
      145537  0.3563150    
      145538  0.3480436    
      145539  0.3397698    
      145540  0.3314941    
      145541  0.3232169    
      145542  0.3149386    
      145543  0.3066596    
      145544  0.2983800    
      145545  0.2901000    
      145546  0.2818197    
      145547  0.2735392    
      145548  0.2652586    
      145549  0.2569777    
      145550  0.2486968    
      145551  0.2404159    
      145552  0.2321348    
      145553  0.2238536    
      145554  0.2155725    
      145555  0.2072912    
      145556  0.1990100    
      145557  0.1907287    
      145558  0.1824475    
      145559  0.1741663    
      145560  0.1658852    
      145561  0.1576042    
      145562  0.1493236    
      145563  0.1410433    
      145564  0.1327635    
      145565  0.1244846    
      145566  0.1162066    
      145567  0.1079300    
      145568  9.9655226E-02
      145569  9.1382891E-02
      145570  8.3113939E-02
      145571  7.4849859E-02
      145572  6.6593267E-02
      145573  5.8349226E-02
      145574  5.0128303E-02
      145575  4.1954137E-02
      145576  3.3882059E-02
      145577  2.6045877E-02
      145578  1.8773114E-02
      145579  1.2861601E-02
      145580  1.0156553E-02
      145581  1.2861585E-02
      145582  1.8773075E-02
      145583  2.6045799E-02
      145584  3.3881929E-02
      145585  4.1953951E-02
      145586  5.0128043E-02
      145587  5.8348868E-02
      145588  6.6592790E-02
      145589  7.4849240E-02
      145590  8.3113179E-02
      145591  9.1381982E-02
      145592  9.9654168E-02
      145593  0.1079288    
      145594  0.1162053    
      145595  0.1244832    
      145596  0.1327621    
      145597  0.1410418    
      145598  0.1493220    
      145599  0.1576027    
      145600  0.1658836    
      145601  0.1741647    
      145602  0.1824459    
      145603  0.1907271    
      145604  0.1990083    
      145605  0.2072896    
      145606  0.2155708    
      145607  0.2238520    
      145608  0.2321331    
      145609  0.2404141    
      145610  0.2486951    
      145611  0.2569760    
      145612  0.2652567    
      145613  0.2735373    
      145614  0.2818177    
      145615  0.2900979    
      145616  0.2983777    
      145617  0.3066570    
      145618  0.3149357    
      145619  0.3232133    
      145620  0.3314896    
      145621  0.3397637    
      145622  0.3480348    
      145623  0.3563015    
      145624  0.3645618    
      145625  0.3728128    
      145626  0.3810510    
      145627  0.3892722    
      145628  0.3974710    
      145629  0.4056401    
      145630  0.4137683    
      145631  0.4218364    
      145632  0.4298080    
      145633  0.4376122    
      145634  0.4451274    
      145635  0.4521686    
      145636  0.4585966    
      145637  0.4645283    
      145638  0.4702154    
      145639  0.4758444    
      145640  0.4815239    
      145641  0.4873064    
      145642  0.4932122    
      145643  0.4992448    
      145644  0.5053984    
      145645  0.5116668    
      145646  0.5180442    
      145647  0.5245237    
      145648  0.5310981    
      145649  0.5377613    
      145650  0.5445084    
      145651  0.5513361    
      145652  0.5582417    
      145653  0.5652234    
      145654  0.5722799    
      145655  0.5794106    
      145656  0.5866162    
      145657  0.5938998    
      145658  0.6012652    
      145659  0.6087118    
      145660  0.6162337    
      145661  0.6238211    
      145662  0.6314664    
      145663  0.6391642    
      145664  0.6469102    
      145665  0.6547003    
      145666  0.6625302    
      145667  0.6703957    
      145668  0.6782932    
      145669  0.6862189    
      145670  0.6941696    
      145671  0.7021427    
      145672  0.7101358    
      145673  0.7181466    
      145674  0.7261733    
      145675  0.7342143    
      145676  0.7422681    
      145677  0.7503334    
      145678  0.7584090    
      145679  0.7664940    
      145680  0.7745875    
      145681  0.7826886    
      145682  0.7907965    
      145683  0.7989105    
      145684  0.8070301    
      145685  0.8151543    
      145686  0.8232827    
      145687  0.8314142    
      145688  0.8395480    
      145689  0.8476827    
      145690  0.8558170    
      145691  0.8639483    
      145692  0.8720735    
      145693  0.8801881    
      145694  0.8882850    
      145695  0.8963542    
      145696  0.9043810    
      145697  0.9123442    
      145698  0.9202159    
      145699  0.9279618    
      145700  0.9355413    
      145701  0.9429094    
      145702  0.9500262    
      145703  0.9568759    
      145704  0.9634832    
      145705  0.9699094    
      145706  0.9762205    
      145707  0.9824668    
      145708  0.9886789    
      145709  0.9948732    
      145710   1.001058    
      145711   1.007237    
      145712   1.013414    
      145713   1.019593    
      145714   1.025779    
      145715   1.031980    
      145716   1.038207    
      145717   1.044474    
      145718   1.050794    
      145719   1.057179    
      145720   1.063636    
      145721   1.070171    
      145722   1.076788    
      145723   1.083488    
      145724   1.090270    
      145725   1.097133    
      145726   1.104074    
      145727   1.111089    
      145728   1.118174    
      145729   1.125326    
      145730   1.132545    
      145731   1.139833    
      145732   1.147189    
      145733   1.154615    
      145734   1.162109    
      145735   1.169665    
      145736   1.177279    
      145737   1.184946    
      145738   1.192661    
      145739   1.200422    
      145740   1.208224    
      145741   1.216066    
      145742   1.223942    
      145743   1.231850    
      145744   1.239786    
      145745   1.247747    
      145746   1.255731    
      145747   1.263734    
      145748   1.271755    
      145749   1.279792    
      145750   1.287843    
      145751   1.295906    
      145752   1.303981    
      145753   1.312067    
      145754   1.320162    
      145755   1.328265    
      145756   1.336377    
      145757   1.344495    
      145758   1.352620    
      145759   1.360750    
      145760   1.368886    
      145761   1.377026    
      145762   1.385171    
      145763   1.393321    
      145764   1.401474    
      145765   1.409630    
      145766   1.417789    
      145767   1.425951    
      145768   1.434116    
      145769   1.442283    
      145770   1.450453    
      145771   1.458624    
      145772   1.466798    
      145773   1.474973    
      145774   1.483150    
      145775   1.491328    
      145776   1.499507    
      145777   1.507688    
      145778   1.515870    
      145779   1.524052    
      145780   1.532236    
      145781   1.540420    
      145782   1.548606    
      145783   1.556792    
      145784   1.564978    
      145785   1.573165    
      145786   1.581353    
      145787   1.589541    
      145788   1.597729    
      145789   1.605918    
      145790   1.614107    
      145791   1.622297    
      145792   1.630486    
      145793   1.638676    
      145794   1.646867    
      145795   1.655057    
      145796   1.663247    
      145797   1.671438    
      145798   1.679629    
      145799   1.687819    
      145800   1.696010    
      145801   1.704201    
      145802   1.712392    
      145803   1.720583    
      145804   1.728775    
      145805   1.736966    
      145806   1.745157    
      145807   1.753348    
      145808   1.761539    
      145809   1.769730    
      145810   1.777922    
      145811   1.786113    
      145812   1.794305    
      145813   1.802496    
      145814   1.810687    
      145815   1.818879    
      145816   1.827070    
      145817   1.835261    
      145818   1.843452    
      145819   1.851643    
      145820   1.859835    
      145821   1.868026    
