      197473   2.100591    
      197474   2.093679    
      197475   2.086816    
      197476   2.080005    
      197477   2.073246    
      197478   2.066543    
      197479   2.059897    
      197480   2.053310    
      197481   2.046779    
      197482   2.040302    
      197483   2.033874    
      197484   2.027488    
      197485   2.021136    
      197486   2.014806    
      197487   2.008472    
      197488   2.002085    
      197489   1.995560    
      197490   1.988763    
      197491   1.981560    
      197492   1.973971    
      197493   1.966140    
      197494   1.958185    
      197495   1.950172    
      197496   1.942131    
      197497   1.934077    
      197498   1.926017    
      197499   1.917953    
      197500   1.909887    
      197501   1.901821    
      197502   1.893755    
      197503   1.885689    
      197504   1.877624    
      197505   1.869561    
      197506   1.861500    
      197507   1.853440    
      197508   1.845384    
      197509   1.837330    
      197510   1.829280    
      197511   1.821234    
      197512   1.813192    
      197513   1.805155    
      197514   1.797123    
      197515   1.789097    
      197516   1.781076    
      197517   1.773062    
      197518   1.765055    
      197519   1.757056    
      197520   1.749064    
      197521   1.741081    
      197522   1.733107    
      197523   1.725143    
      197524   1.717190    
      197525   1.709248    
      197526   1.701318    
      197527   1.693402    
      197528   1.685501    
      197529   1.677615    
      197530   1.669747    
      197531   1.661897    
      197532   1.654068    
      197533   1.646261    
      197534   1.638478    
      197535   1.630723    
      197536   1.622996    
      197537   1.615302    
      197538   1.607644    
      197539   1.600026    
      197540   1.592453    
      197541   1.584930    
      197542   1.577464    
      197543   1.570060    
      197544   1.562722    
      197545   1.555452    
      197546   1.548246    
      197547   1.541101    
      197548   1.534009    
      197549   1.526951    
      197550   1.519892    
      197551   1.512772    
      197552   1.505500    
      197553   1.497994    
      197554   1.490262    
      197555   1.482388    
      197556   1.474438    
      197557   1.466450    
      197558   1.458445    
      197559   1.450432    
      197560   1.442416    
      197561   1.434399    
      197562   1.426385    
      197563   1.418373    
      197564   1.410365    
      197565   1.402361    
      197566   1.394363    
      197567   1.386371    
      197568   1.378387    
      197569   1.370413    
      197570   1.362449    
      197571   1.354497    
      197572   1.346559    
      197573   1.338636    
      197574   1.330729    
      197575   1.322841    
      197576   1.314973    
      197577   1.307129    
      197578   1.299309    
      197579   1.291517    
      197580   1.283757    
      197581   1.276032    
      197582   1.268345    
      197583   1.260704    
      197584   1.253113    
      197585   1.245581    
      197586   1.238117    
      197587   1.230729    
      197588   1.223423    
      197589   1.216203    
      197590   1.209072    
      197591   1.202035    
      197592   1.195098    
      197593   1.188267    
      197594   1.181545    
      197595   1.174934    
      197596   1.168432    
      197597   1.162036    
      197598   1.155740    
      197599   1.149541    
      197600   1.143429    
      197601   1.137397    
      197602   1.131436    
      197603   1.125538    
      197604   1.119694    
      197605   1.113883    
      197606   1.108062    
      197607   1.102145    
      197608   1.095987    
      197609   1.089421    
      197610   1.082411    
      197611   1.075084    
      197612   1.067577    
      197613   1.059974    
      197614   1.052322    
      197615   1.044644    
      197616   1.036956    
      197617   1.029266    
      197618   1.021580    
      197619   1.013904    
      197620   1.006242    
      197621  0.9985970    
      197622  0.9909726    
      197623  0.9833721    
      197624  0.9757984    
      197625  0.9682549    
      197626  0.9607452    
      197627  0.9532735    
      197628  0.9458447    
      197629  0.9384636    
      197630  0.9311349    
      197631  0.9238620    
      197632  0.9166468    
      197633  0.9094912    
      197634  0.9023970    
      197635  0.8953677    
      197636  0.8884069    
      197637  0.8815181    
      197638  0.8747054    
      197639  0.8679724    
      197640  0.8613226    
      197641  0.8547589    
      197642  0.8482825    
      197643  0.8418933    
      197644  0.8355908    
      197645  0.8293731    
      197646  0.8232293    
      197647  0.8171271    
      197648  0.8109977    
      197649  0.8047131    
      197650  0.7980641    
      197651  0.7908651    
      197652  0.7832023    
      197653  0.7752782    
      197654  0.7672290    
      197655  0.7591240    
      197656  0.7509953    
      197657  0.7428572    
      197658  0.7347159    
      197659  0.7265742    
      197660  0.7184330    
      197661  0.7102928    
      197662  0.7021543    
      197663  0.6940173    
      197664  0.6858822    
      197665  0.6777494    
      197666  0.6696190    
      197667  0.6614912    
      197668  0.6533662    
      197669  0.6452444    
      197670  0.6371261    
      197671  0.6290116    
      197672  0.6209012    
      197673  0.6127954    
      197674  0.6046944    
      197675  0.5965989    
      197676  0.5885092    
      197677  0.5804259    
      197678  0.5723495    
      197679  0.5642807    
      197680  0.5562201    
      197681  0.5481685    
      197682  0.5401268    
      197683  0.5320957    
      197684  0.5240764    
      197685  0.5160699    
      197686  0.5080776    
      197687  0.5001006    
      197688  0.4921406    
      197689  0.4841992    
      197690  0.4762784    
      197691  0.4683802    
      197692  0.4605070    
      197693  0.4526615    
      197694  0.4448465    
      197695  0.4370651    
      197696  0.4293206    
      197697  0.4216166    
      197698  0.4139568    
      197699  0.4063451    
      197700  0.3987854    
      197701  0.3912813    
      197702  0.3838354    
      197703  0.3764496    
      197704  0.3691252    
      197705  0.3618636    
      197706  0.3546679    
      197707  0.3475417    
      197708  0.3404905    
      197709  0.3335219    
      197710  0.3266456    
      197711  0.3198729    
      197712  0.3132166    
      197713  0.3066889    
      197714  0.3003001    
      197715  0.2940540    
      197716  0.2879449    
      197717  0.2819590    
      197718  0.2760698    
      197719  0.2702336    
      197720  0.2643758    
      197721  0.2583813    
      197722  0.2520890    
      197723  0.2453271    
      197724  0.2380617    
      197725  0.2304259    
      197726  0.2225727    
      197727  0.2145977    
      197728  0.2065480    
      197729  0.1984477    
      197730  0.1903096    
      197731  0.1821415    
      197732  0.1739487    
      197733  0.1657348    
      197734  0.1575032    
      197735  0.1492571    
      197736  0.1410005    
      197737  0.1327366    
      197738  0.1244683    
      197739  0.1161973    
      197740  0.1079254    
      197741  9.9653706E-02
      197742  9.1383383E-02
      197743  8.3115697E-02
      197744  7.4852377E-02
      197745  6.6596180E-02
      197746  5.8352262E-02
      197747  5.0131258E-02
      197748  4.1956849E-02
      197749  3.3884406E-02
      197750  2.6047792E-02
      197751  1.8774565E-02
      197752  1.2862634E-02
      197753  1.0157388E-02
      197754  1.2862643E-02
      197755  1.8774588E-02
      197756  2.6047839E-02
      197757  3.3884492E-02
      197758  4.1956991E-02
      197759  5.0131492E-02
      197760  5.8352631E-02
      197761  6.6596761E-02
      197762  7.4853264E-02
      197763  8.3117060E-02
      197764  9.1385461E-02
      197765  9.9656858E-02
      197766  0.1079302    
      197767  0.1162045    
      197768  0.1244790    
      197769  0.1327527    
      197770  0.1410245    
      197771  0.1492927    
      197772  0.1575552    
      197773  0.1658088    
      197774  0.1740494    
      197775  0.1822712    
      197776  0.1904658    
      197777  0.1986222    
      197778  0.2067263    
      197779  0.2147642    
      197780  0.2227207    
      197781  0.2305708    
      197782  0.2382671    
      197783  0.2457358    
      197784  0.2529123    
      197785  0.2597834    
      197786  0.2663967    
      197787  0.2728315    
      197788  0.2791559    
      197789  0.2854173    
      197790  0.2916456    
      197791  0.2978579    
      197792  0.3040645    
      197793  0.3102722    
      197794  0.3164871    
      197795  0.3227168    
      197796  0.3289718    
      197797  0.3352659    
      197798  0.3416141    
      197799  0.3480296    
      197800  0.3545230    
      197801  0.3611006    
      197802  0.3677641    
      197803  0.3745123    
      197804  0.3813441    
      197805  0.3882567    
      197806  0.3952472    
      197807  0.4023127    
      197808  0.4094483    
      197809  0.4166486    
      197810  0.4239089    
      197811  0.4312244    
      197812  0.4385896    
      197813  0.4460002    
      197814  0.4534542    
      197815  0.4609523    
      197816  0.4684951    
      197817  0.4760814    
      197818  0.4837096    
      197819  0.4913793    
      197820  0.4990892    
      197821  0.5068378    
      197822  0.5146229    
      197823  0.5224417    
      197824  0.5302919    
      197825  0.5381704    
      197826  0.5460747    
      197827  0.5540023    
      197828  0.5619513    
      197829  0.5699195    
      197830  0.5779051    
      197831  0.5859067    
      197832  0.5939227    
      197833  0.6019518    
      197834  0.6099929    
      197835  0.6180449    
      197836  0.6261069    
      197837  0.6341779    
      197838  0.6422573    
      197839  0.6503443    
      197840  0.6584383    
      197841  0.6665387    
      197842  0.6746450    
      197843  0.6827567    
      197844  0.6908733    
      197845  0.6989945    
      197846  0.7071199    
      197847  0.7152493    
      197848  0.7233822    
      197849  0.7315184    
      197850  0.7396576    
      197851  0.7477998    
      197852  0.7559445    
      197853  0.7640916    
      197854  0.7722410    
      197855  0.7803925    
      197856  0.7885457    
      197857  0.7967008    
      197858  0.8048574    
      197859  0.8130155    
      197860  0.8211750    
      197861  0.8293356    
      197862  0.8374976    
      197863  0.8456604    
      197864  0.8538243    
      197865  0.8619890    
      197866  0.8701544    
      197867  0.8783206    
      197868  0.8864874    
      197869  0.8946548    
      197870  0.9028226    
      197871  0.9109909    
      197872  0.9191595    
      197873  0.9273285    
      197874  0.9354976    
      197875  0.9436671    
      197876  0.9518366    
      197877  0.9600062    
      197878  0.9681761    
      197879  0.9763457    
      197880  0.9845155    
      197881  0.9926853    
      197882   1.000855    
      197883   1.009025    
      197884   1.017194    
      197885   1.025363    
      197886   1.033533    
      197887   1.041701    
      197888   1.049870    
      197889   1.058038    
      197890   1.066206    
      197891   1.074373    
      197892   1.082540    
      197893   1.090707    
      197894   1.098873    
      197895   1.107039    
      197896   1.115204    
      197897   1.123368    
      197898   1.131532    
      197899   1.139695    
      197900   1.147858    
      197901   1.156019    
