      210376   2.128821    
      210377   2.120764    
      210378   2.112703    
      210379   2.104639    
      210380   2.096573    
      210381   2.088506    
      210382   2.080440    
      210383   2.072374    
      210384   2.064309    
      210385   2.056246    
      210386   2.048185    
      210387   2.040125    
      210388   2.032069    
      210389   2.024015    
      210390   2.015965    
      210391   2.007919    
      210392   1.999877    
      210393   1.991840    
      210394   1.983808    
      210395   1.975781    
      210396   1.967761    
      210397   1.959747    
      210398   1.951740    
      210399   1.943740    
      210400   1.935749    
      210401   1.927766    
      210402   1.919792    
      210403   1.911828    
      210404   1.903874    
      210405   1.895932    
      210406   1.888003    
      210407   1.880087    
      210408   1.872185    
      210409   1.864300    
      210410   1.856431    
      210411   1.848582    
      210412   1.840753    
      210413   1.832946    
      210414   1.825163    
      210415   1.817407    
      210416   1.809681    
      210417   1.801987    
      210418   1.794329    
      210419   1.786711    
      210420   1.779137    
      210421   1.771615    
      210422   1.764148    
      210423   1.756745    
      210424   1.749407    
      210425   1.742136    
      210426   1.734931    
      210427   1.727786    
      210428   1.720694    
      210429   1.713636    
      210430   1.706578    
      210431   1.699457    
      210432   1.692185    
      210433   1.684679    
      210434   1.676948    
      210435   1.669074    
      210436   1.661124    
      210437   1.653136    
      210438   1.645130    
      210439   1.637117    
      210440   1.629100    
      210441   1.621084    
      210442   1.613069    
      210443   1.605057    
      210444   1.597049    
      210445   1.589046    
      210446   1.581047    
      210447   1.573056    
      210448   1.565072    
      210449   1.557097    
      210450   1.549134    
      210451   1.541182    
      210452   1.533244    
      210453   1.525320    
      210454   1.517414    
      210455   1.509526    
      210456   1.501658    
      210457   1.493814    
      210458   1.485994    
      210459   1.478202    
      210460   1.470442    
      210461   1.462716    
      210462   1.455030    
      210463   1.447388    
      210464   1.439798    
      210465   1.432266    
      210466   1.424802    
      210467   1.417414    
      210468   1.410108    
      210469   1.402888    
      210470   1.395757    
      210471   1.388720    
      210472   1.381784    
      210473   1.374952    
      210474   1.368230    
      210475   1.361619    
      210476   1.355118    
      210477   1.348721    
      210478   1.342426    
      210479   1.336226    
      210480   1.330114    
      210481   1.324082    
      210482   1.318121    
      210483   1.312224    
      210484   1.306380    
      210485   1.300568    
      210486   1.294747    
      210487   1.288830    
      210488   1.282673    
      210489   1.276106    
      210490   1.269096    
      210491   1.261769    
      210492   1.254262    
      210493   1.246659    
      210494   1.239007    
      210495   1.231329    
      210496   1.223641    
      210497   1.215950    
      210498   1.208265    
      210499   1.200589    
      210500   1.192926    
      210501   1.185281    
      210502   1.177657    
      210503   1.170056    
      210504   1.162483    
      210505   1.154939    
      210506   1.147430    
      210507   1.139958    
      210508   1.132529    
      210509   1.125148    
      210510   1.117820    
      210511   1.110547    
      210512   1.103332    
      210513   1.096176    
      210514   1.089082    
      210515   1.082053    
      210516   1.075092    
      210517   1.068203    
      210518   1.061391    
      210519   1.054658    
      210520   1.048008    
      210521   1.041445    
      210522   1.034968    
      210523   1.028579    
      210524   1.022277    
      210525   1.016059    
      210526   1.009915    
      210527   1.003812    
      210528  0.9976801    
      210529  0.9913908    
      210530  0.9847338    
      210531  0.9775252    
      210532  0.9698557    
      210533  0.9619268    
      210534  0.9538738    
      210535  0.9457653    
      210536  0.9376331    
      210537  0.9294914    
      210538  0.9213463    
      210539  0.9132004    
      210540  0.9050549    
      210541  0.8969101    
      210542  0.8887665    
      210543  0.8806244    
      210544  0.8724838    
      210545  0.8643451    
      210546  0.8562085    
      210547  0.8480742    
      210548  0.8399424    
      210549  0.8318135    
      210550  0.8236878    
      210551  0.8155655    
      210552  0.8074470    
      210553  0.7993327    
      210554  0.7912232    
      210555  0.7831187    
      210556  0.7750199    
      210557  0.7669272    
      210558  0.7588413    
      210559  0.7507628    
      210560  0.7426924    
      210561  0.7346308    
      210562  0.7265792    
      210563  0.7185385    
      210564  0.7105097    
      210565  0.7024940    
      210566  0.6944929    
      210567  0.6865078    
      210568  0.6785402    
      210569  0.6705922    
      210570  0.6626657    
      210571  0.6547632    
      210572  0.6468869    
      210573  0.6390399    
      210574  0.6312252    
      210575  0.6234459    
      210576  0.6157054    
      210577  0.6080072    
      210578  0.6003549    
      210579  0.5927520    
      210580  0.5852019    
      210581  0.5777073    
      210582  0.5702706    
      210583  0.5628934    
      210584  0.5555770    
      210585  0.5483234    
      210586  0.5411355    
      210587  0.5340174    
      210588  0.5269747    
      210589  0.5200153    
      210590  0.5131490    
      210591  0.5063874    
      210592  0.4997435    
      210593  0.4932299    
      210594  0.4868575    
      210595  0.4806309    
      210596  0.4745466    
      210597  0.4685945    
      210598  0.4627546    
      210599  0.4569979    
      210600  0.4512826    
      210601  0.4455444    
      210602  0.4396869    
      210603  0.4335760    
      210604  0.4270432    
      210605  0.4199833    
      210606  0.4124757    
      210607  0.4046801    
      210608  0.3967173    
      210609  0.3886595    
      210610  0.3805439    
      210611  0.3723887    
      210612  0.3642036    
      210613  0.3559949    
      210614  0.3477667    
      210615  0.3395231    
      210616  0.3312680    
      210617  0.3230047    
      210618  0.3147359    
      210619  0.3064632    
      210620  0.2981879    
      210621  0.2899108    
      210622  0.2816324    
      210623  0.2733533    
      210624  0.2650736    
      210625  0.2567935    
      210626  0.2485131    
      210627  0.2402324    
      210628  0.2319517    
      210629  0.2236708    
      210630  0.2153898    
      210631  0.2071088    
      210632  0.1988277    
      210633  0.1905467    
      210634  0.1822657    
      210635  0.1739847    
      210636  0.1657038    
      210637  0.1574232    
      210638  0.1491428    
      210639  0.1408628    
      210640  0.1325833    
      210641  0.1243047    
      210642  0.1160272    
      210643  0.1077511    
      210644  9.9477023E-02
      210645  9.1205627E-02
      210646  8.2937971E-02
      210647  7.4675739E-02
      210648  6.6421814E-02
      210649  5.8181617E-02
      210650  4.9966224E-02
      210651  4.1799925E-02
      210652  3.3738844E-02
      210653  2.5917236E-02
      210654  1.8661521E-02
      210655  1.2763499E-02
      210656  1.0048764E-02
      210657  1.2683767E-02
      210658  1.8465422E-02
      210659  2.5553018E-02
      210660  3.3144619E-02
      210661  4.0907353E-02
      210662  4.8704151E-02
      210663  5.6479551E-02
      210664  6.4207852E-02
      210665  7.1865737E-02
      210666  7.9412229E-02
      210667  8.6789742E-02
      210668  9.3950599E-02
      210669  0.1008866    
      210670  0.1076264    
      210671  0.1142175    
      210672  0.1207062    
      210673  0.1271296    
      210674  0.1335147    
      210675  0.1398822    
      210676  0.1462511    
      210677  0.1526404    
      210678  0.1590680    
      210679  0.1655480    
      210680  0.1720916    
      210681  0.1787068    
      210682  0.1853980    
      210683  0.1921673    
      210684  0.1990148    
      210685  0.2059373    
      210686  0.2129282    
      210687  0.2199816    
      210688  0.2270930    
      210689  0.2342604    
      210690  0.2414832    
      210691  0.2487603    
      210692  0.2560914    
      210693  0.2634768    
      210694  0.2709160    
      210695  0.2784074    
      210696  0.2859484    
      210697  0.2935355    
      210698  0.3011659    
      210699  0.3088380    
      210700  0.3165503    
      210701  0.3243010    
      210702  0.3320878    
      210703  0.3399082    
      210704  0.3477596    
      210705  0.3556392    
      210706  0.3635445    
      210707  0.3714731    
      210708  0.3794227    
      210709  0.3873915    
      210710  0.3953777    
      210711  0.4033797    
      210712  0.4113961    
      210713  0.4194256    
      210714  0.4274670    
      210715  0.4355193    
      210716  0.4435815    
      210717  0.4516528    
      210718  0.4597324    
      210719  0.4678196    
      210720  0.4759138    
      210721  0.4840143    
      210722  0.4921207    
      210723  0.5002325    
      210724  0.5083492    
      210725  0.5164706    
      210726  0.5245960    
      210727  0.5327255    
      210728  0.5408585    
      210729  0.5489949    
      210730  0.5571343    
      210731  0.5652764    
      210732  0.5734212    
      210733  0.5815685    
      210734  0.5897179    
      210735  0.5978694    
      210736  0.6060227    
      210737  0.6141778    
      210738  0.6223345    
      210739  0.6304927    
      210740  0.6386523    
      210741  0.6468132    
      210742  0.6549751    
      210743  0.6631380    
      210744  0.6713018    
      210745  0.6794666    
      210746  0.6876321    
      210747  0.6957983    
      210748  0.7039651    
      210749  0.7121325    
      210750  0.7203003    
      210751  0.7284687    
      210752  0.7366373    
      210753  0.7448063    
      210754  0.7529756    
      210755  0.7611450    
      210756  0.7693146    
      210757  0.7774844    
      210758  0.7856542    
      210759  0.7938241    
      210760  0.8019940    
      210761  0.8101639    
      210762  0.8183336    
      210763  0.8265033    
      210764  0.8346727    
      210765  0.8428420    
      210766  0.8510112    
      210767  0.8591800    
      210768  0.8673486    
      210769  0.8755168    
      210770  0.8836848    
      210771  0.8918523    
      210772  0.9000194    
      210773  0.9081861    
      210774  0.9163522    
      210775  0.9245179    
      210776  0.9326829    
      210777  0.9408473    
      210778  0.9490112    
      210779  0.9571743    
      210780  0.9653367    
      210781  0.9734986    
