       56841  0.8262907    
       56842  0.8182218    
       56843  0.8101537    
       56844  0.8020865    
       56845  0.7940204    
       56846  0.7859554    
       56847  0.7778916    
       56848  0.7698292    
       56849  0.7617680    
       56850  0.7537084    
       56851  0.7456504    
       56852  0.7375939    
       56853  0.7295394    
       56854  0.7214868    
       56855  0.7134362    
       56856  0.7053878    
       56857  0.6973418    
       56858  0.6892983    
       56859  0.6812572    
       56860  0.6732192    
       56861  0.6651841    
       56862  0.6571522    
       56863  0.6491235    
       56864  0.6410986    
       56865  0.6330773    
       56866  0.6250601    
       56867  0.6170471    
       56868  0.6090386    
       56869  0.6010345    
       56870  0.5930350    
       56871  0.5850396    
       56872  0.5770479    
       56873  0.5690590    
       56874  0.5610719    
       56875  0.5530847    
       56876  0.5450951    
       56877  0.5370991    
       56878  0.5290911    
       56879  0.5210630    
       56880  0.5130043    
       56881  0.5049022    
       56882  0.4967490    
       56883  0.4885513    
       56884  0.4803272    
       56885  0.4720867    
       56886  0.4638351    
       56887  0.4555757    
       56888  0.4473109    
       56889  0.4390420    
       56890  0.4307704    
       56891  0.4224967    
       56892  0.4142214    
       56893  0.4059451    
       56894  0.3976678    
       56895  0.3893899    
       56896  0.3811115    
       56897  0.3728327    
       56898  0.3645537    
       56899  0.3562743    
       56900  0.3479948    
       56901  0.3397151    
       56902  0.3314352    
       56903  0.3231552    
       56904  0.3148752    
       56905  0.3065950    
       56906  0.2983147    
       56907  0.2900343    
       56908  0.2817539    
       56909  0.2734734    
       56910  0.2651928    
       56911  0.2569123    
       56912  0.2486317    
       56913  0.2403510    
       56914  0.2320704    
       56915  0.2237898    
       56916  0.2155093    
       56917  0.2072289    
       56918  0.1989487    
       56919  0.1906687    
       56920  0.1823889    
       56921  0.1741093    
       56922  0.1658299    
       56923  0.1575508    
       56924  0.1492721    
       56925  0.1409939    
       56926  0.1327164    
       56927  0.1244399    
       56928  0.1161645    
       56929  0.1078907    
       56930  9.9619001E-02
       56931  9.1349885E-02
       56932  8.3084270E-02
       56933  7.4823588E-02
       56934  6.6570386E-02
       56935  5.8329679E-02
       56936  5.0111976E-02
       56937  4.1940875E-02
       56938  3.3871699E-02
       56939  2.6038215E-02
       56940  1.8767832E-02
       56941  1.2858193E-02
       56942  1.0154122E-02
       56943  1.2858881E-02
       56944  1.8769516E-02
       56945  2.6041279E-02
       56946  3.3876535E-02
       56947  4.1947834E-02
       56948  5.0121382E-02
       56949  5.8341846E-02
       56950  6.6585578E-02
       56951  7.4841946E-02
       56952  8.3105892E-02
       56953  9.1374740E-02
       56954  9.9647000E-02
       56955  0.1079217    
       56956  0.1161983    
       56957  0.1244762    
       56958  0.1327552    
       56959  0.1410349    
       56960  0.1493152    
       56961  0.1575958    
       56962  0.1658767    
       56963  0.1741578    
       56964  0.1824390    
       56965  0.1907203    
       56966  0.1990016    
       56967  0.2072828    
       56968  0.2155640    
       56969  0.2238452    
       56970  0.2321264    
       56971  0.2404075    
       56972  0.2486885    
       56973  0.2569695    
       56974  0.2652504    
       56975  0.2735312    
       56976  0.2818120    
       56977  0.2900927    
       56978  0.2983733    
       56979  0.3066539    
       56980  0.3149344    
       56981  0.3232147    
       56982  0.3314950    
       56983  0.3397752    
       56984  0.3480553    
       56985  0.3563353    
       56986  0.3646152    
       56987  0.3728949    
       56988  0.3811745    
       56989  0.3894539    
       56990  0.3977332    
       56991  0.4060122    
       56992  0.4142910    
       56993  0.4225693    
       56994  0.4308471    
       56995  0.4391243    
       56996  0.4474006    
       56997  0.4556760    
       56998  0.4639502    
       56999  0.4722235    
       57000  0.4804958    
       57001  0.4887671    
       57002  0.4970377    
       57003  0.5053077    
       57004  0.5135773    
       57005  0.5218466    
       57006  0.5301152    
       57007  0.5383822    
       57008  0.5466456    
       57009  0.5549042    
       57010  0.5631558    
       57011  0.5713960    
       57012  0.5796167    
       57013  0.5878026    
       57014  0.5959258    
       57015  0.6039381    
       57016  0.6117651    
       57017  0.6193749    
       57018  0.6268324    
       57019  0.6342193    
       57020  0.6415994    
       57021  0.6490103    
       57022  0.6564662    
       57023  0.6639686    
       57024  0.6715172    
       57025  0.6791099    
       57026  0.6867436    
       57027  0.6944151    
       57028  0.7021209    
       57029  0.7098581    
       57030  0.7176238    
       57031  0.7254153    
       57032  0.7332304    
       57033  0.7410662    
       57034  0.7489207    
       57035  0.7567910    
       57036  0.7646745    
       57037  0.7725682    
       57038  0.7804688    
       57039  0.7883725    
       57040  0.7962755    
       57041  0.8041734    
       57042  0.8120602    
       57043  0.8199270    
       57044  0.8277575    
       57045  0.8355211    
       57046  0.8431589    
       57047  0.8505695    
       57048  0.8576298    
       57049  0.8643032    
       57050  0.8706986    
       57051  0.8769510    
       57052  0.8831520    
       57053  0.8893566    
       57054  0.8955946    
       57055  0.9018832    
       57056  0.9082333    
       57057  0.9146521    
       57058  0.9211463    
       57059  0.9277205    
       57060  0.9343765    
       57061  0.9411138    
       57062  0.9479302    
       57063  0.9548225    
       57064  0.9617877    
       57065  0.9688231    
       57066  0.9759274    
       57067  0.9831000    
       57068  0.9903423    
       57069  0.9976556    
       57070   1.005039    
       57071   1.012487    
       57072   1.019990    
       57073   1.027542    
       57074   1.035138    
       57075   1.042775    
       57076   1.050451    
       57077   1.058161    
       57078   1.065904    
       57079   1.073677    
       57080   1.081477    
       57081   1.089303    
       57082   1.097152    
       57083   1.105021    
       57084   1.112911    
       57085   1.120817    
       57086   1.128741    
       57087   1.136679    
       57088   1.144631    
       57089   1.152595    
       57090   1.160571    
       57091   1.168558    
       57092   1.176555    
       57093   1.184561    
       57094   1.192575    
       57095   1.200596    
       57096   1.208625    
       57097   1.216661    
       57098   1.224702    
       57099   1.232749    
       57100   1.240801    
       57101   1.248858    
       57102   1.256918    
       57103   1.264983    
       57104   1.273051    
       57105   1.281122    
       57106   1.289195    
       57107   1.297271    
       57108   1.305347    
       57109   1.313421    
       57110   1.321487    
       57111   1.329535    
       57112   1.337536    
       57113   1.345433    
       57114   1.353116    
       57115   1.360429    
       57116   1.367309    
       57117   1.373888    
       57118   1.380328    
       57119   1.386726    
       57120   1.393137    
       57121   1.399587    
       57122   1.406085    
       57123   1.412635    
       57124   1.419237    
       57125   1.425892    
       57126   1.432599    
       57127   1.439358    
       57128   1.446169    
       57129   1.453032    
       57130   1.459946    
       57131   1.466910    
       57132   1.473925    
       57133   1.480991    
       57134   1.488108    
       57135   1.495277    
       57136   1.502500    
       57137   1.509774    
       57138   1.517095    
       57139   1.524456    
       57140   1.531852    
       57141   1.539276    
       57142   1.546723    
       57143   1.554187    
       57144   1.561658    
       57145   1.569123    
       57146   1.576567    
       57147   1.583963    
       57148   1.591278    
       57149   1.598458    
       57150   1.605427    
       57151   1.612085    
       57152   1.618335    
       57153   1.624163    
       57154   1.629663    
       57155   1.634963    
       57156   1.640182    
       57157   1.645413    
       57158   1.650722    
       57159   1.656149    
       57160   1.661713    
       57161   1.667422    
       57162   1.673277    
       57163   1.679272    
       57164   1.685397    
       57165   1.691641    
       57166   1.697999    
       57167   1.704462    
       57168   1.711023    
       57169   1.717675    
       57170   1.724412    
       57171   1.731232    
       57172   1.738131    
       57173   1.745107    
       57174   1.752158    
       57175   1.759285    
       57176   1.766488    
       57177   1.773768    
       57178   1.781131    
       57179   1.788575    
       57180   1.796095    
       57181   1.803681    
       57182   1.811325    
       57183   1.819021    
       57184   1.826767    
       57185   1.834556    
       57186   1.842385    
       57187   1.850250    
       57188   1.858147    
       57189   1.866072    
       57190   1.874023    
       57191   1.881996    
       57192   1.889989    
       57193   1.898000    
       57194   1.906026    
       57195   1.914067    
       57196   1.922121    
       57197   1.930186    
       57198   1.938261    
       57199   1.946346    
       57200   1.954440    
       57201   1.962540    
       57202   1.970648    
       57203   1.978762    
       57204   1.986881    
       57205   1.995005    
       57206   2.003133    
       57207   2.011264    
       57208   2.019398    
       57209   2.027533    
       57210   2.035666    
       57211   2.043797    
       57212   2.051922    
       57213   2.060036    
       57214   2.068133    
       57215   2.076201    
       57216   2.084228    
       57217   2.092190    
       57218   2.100060    
       57219   2.107802    
       57220   2.115372    
       57221   2.122717    
       57222   2.129773    
