       19881  0.2901065    
       19882  0.2818258    
       19883  0.2735450    
       19884  0.2652641    
       19885  0.2569832    
       19886  0.2487022    
       19887  0.2404211    
       19888  0.2321399    
       19889  0.2238588    
       19890  0.2155776    
       19891  0.2072963    
       19892  0.1990150    
       19893  0.1907337    
       19894  0.1824525    
       19895  0.1741712    
       19896  0.1658901    
       19897  0.1576092    
       19898  0.1493285    
       19899  0.1410481    
       19900  0.1327683    
       19901  0.1244893    
       19902  0.1162113    
       19903  0.1079347    
       19904  9.9659875E-02
       19905  9.1387466E-02
       19906  8.3118409E-02
       19907  7.4854165E-02
       19908  6.6597372E-02
       19909  5.8353044E-02
       19910  5.0131764E-02
       19911  4.1957177E-02
       19912  3.3884622E-02
       19913  2.6047930E-02
       19914  1.8774647E-02
       19915  1.2862684E-02
       19916  1.0157422E-02
       19917  1.2862682E-02
       19918  1.8774645E-02
       19919  2.6047925E-02
       19920  3.3884618E-02
       19921  4.1957177E-02
       19922  5.0131768E-02
       19923  5.8353044E-02
       19924  6.6597372E-02
       19925  7.4854173E-02
       19926  8.3118409E-02
       19927  9.1387480E-02
       19928  9.9659875E-02
       19929  0.1079347    
       19930  0.1162113    
       19931  0.1244893    
       19932  0.1327684    
       19933  0.1410481    
       19934  0.1493285    
       19935  0.1576092    
       19936  0.1658901    
       19937  0.1741712    
       19938  0.1824525    
       19939  0.1907337    
       19940  0.1990150    
       19941  0.2072963    
       19942  0.2155775    
       19943  0.2238587    
       19944  0.2321399    
       19945  0.2404210    
       19946  0.2487021    
       19947  0.2569831    
       19948  0.2652640    
       19949  0.2735448    
       19950  0.2818256    
       19951  0.2901062    
       19952  0.2983868    
       19953  0.3066673    
       19954  0.3149476    
       19955  0.3232278    
       19956  0.3315078    
       19957  0.3397875    
       19958  0.3480670    
       19959  0.3563461    
       19960  0.3646250    
       19961  0.3729035    
       19962  0.3811818    
       19963  0.3894597    
       19964  0.3977373    
       19965  0.4060146    
       19966  0.4142914    
       19967  0.4225678    
       19968  0.4308436    
       19969  0.4391187    
       19970  0.4473933    
       19971  0.4556672    
       19972  0.4639402    
       19973  0.4722119    
       19974  0.4804812    
       19975  0.4887458    
       19976  0.4970004    
       19977  0.5052330    
       19978  0.5134183    
       19979  0.5215042    
       19980  0.5293915    
       19981  0.5369151    
       19982  0.5439372    
       19983  0.5505296    
       19984  0.5568699    
       19985  0.5630983    
       19986  0.5692980    
       19987  0.5755171    
       19988  0.5817825    
       19989  0.5881058    
       19990  0.5944910    
       19991  0.6009411    
       19992  0.6074584    
       19993  0.6140441    
       19994  0.6206985    
       19995  0.6274216    
       19996  0.6342136    
       19997  0.6410747    
       19998  0.6480054    
       19999  0.6550055    
       20000  0.6620746    
       20001  0.6692123    
       20002  0.6764196    
       20003  0.6836987    
       20004  0.6910489    
       20005  0.6984643    
       20006  0.7059363    
       20007  0.7134579    
       20008  0.7210238    
       20009  0.7286299    
       20010  0.7362726    
       20011  0.7439486    
       20012  0.7516552    
       20013  0.7593898    
       20014  0.7671500    
       20015  0.7749338    
       20016  0.7827395    
       20017  0.7905650    
       20018  0.7984091    
       20019  0.8062703    
       20020  0.8141471    
       20021  0.8220385    
       20022  0.8299434    
       20023  0.8378607    
       20024  0.8457896    
       20025  0.8537294    
       20026  0.8616791    
       20027  0.8696381    
       20028  0.8776058    
       20029  0.8855816    
       20030  0.8935649    
       20031  0.9015552    
       20032  0.9095517    
       20033  0.9175541    
       20034  0.9255616    
       20035  0.9335735    
       20036  0.9415891    
       20037  0.9496076    
       20038  0.9576283    
       20039  0.9656506    
       20040  0.9736737    
       20041  0.9816967    
       20042  0.9897189    
       20043  0.9977388    
       20044   1.005755    
       20045   1.013764    
       20046   1.021758    
       20047   1.029724    
       20048   1.037631    
       20049   1.045423    
       20050   1.053005    
       20051   1.060298    
       20052   1.067343    
       20053   1.074254    
       20054   1.081131    
       20055   1.088032    
       20056   1.094988    
       20057   1.102015    
       20058   1.109119    
       20059   1.116303    
       20060   1.123570    
       20061   1.130919    
       20062   1.138341    
       20063   1.145826    
       20064   1.153364    
       20065   1.160948    
       20066   1.168574    
       20067   1.176238    
       20068   1.183937    
       20069   1.191667    
       20070   1.199425    
       20071   1.207209    
       20072   1.215016    
       20073   1.222845    
       20074   1.230691    
       20075   1.238553    
       20076   1.246428    
       20077   1.254313    
       20078   1.262205    
       20079   1.270100    
       20080   1.277993    
       20081   1.285881    
       20082   1.293757    
       20083   1.301611    
       20084   1.309426    
       20085   1.317170    
       20086   1.324779    
       20087   1.332150    
       20088   1.339164    
       20089   1.345798    
       20090   1.352168    
       20091   1.358407    
       20092   1.364600    
       20093   1.370800    
       20094   1.377036    
       20095   1.383323    
       20096   1.389671    
       20097   1.396089    
       20098   1.402582    
       20099   1.409156    
       20100   1.415811    
       20101   1.422548    
       20102   1.429364    
       20103   1.436255    
       20104   1.443220    
       20105   1.450255    
       20106   1.457359    
       20107   1.464531    
       20108   1.471773    
       20109   1.479086    
       20110   1.486469    
       20111   1.493917    
       20112   1.501420    
       20113   1.508971    
       20114   1.516567    
       20115   1.524204    
       20116   1.531879    
       20117   1.539590    
       20118   1.547332    
       20119   1.555105    
       20120   1.562905    
       20121   1.570731    
       20122   1.578580    
       20123   1.586450    
       20124   1.594339    
       20125   1.602246    
       20126   1.610169    
       20127   1.618107    
       20128   1.626059    
       20129   1.634023    
       20130   1.641999    
       20131   1.649986    
       20132   1.657983    
       20133   1.665989    
       20134   1.674003    
       20135   1.682025    
       20136   1.690053    
       20137   1.698089    
       20138   1.706130    
       20139   1.714177    
       20140   1.722229    
       20141   1.730286    
       20142   1.738346    
       20143   1.746411    
       20144   1.754479    
       20145   1.762550    
       20146   1.770624    
       20147   1.778700    
       20148   1.786779    
       20149   1.794859    
       20150   1.802941    
       20151   1.811023    
       20152   1.819106    
       20153   1.827190    
       20154   1.835272    
       20155   1.843354    
       20156   1.851432    
       20157   1.859506    
       20158   1.867573    
       20159   1.875628    
       20160   1.883662    
       20161   1.891666    
       20162   1.899624    
       20163   1.907527    
       20164   1.915384    
       20165   1.923209    
       20166   1.931017    
       20167   1.938818    
       20168   1.946621    
       20169   1.954429    
       20170   1.962246    
       20171   1.970074    
       20172   1.977912    
       20173   1.985762    
       20174   1.993623    
       20175   2.001495    
       20176   2.009377    
       20177   2.017269    
       20178   2.025169    
       20179   2.033078    
       20180   2.040993    
       20181   2.048912    
       20182   2.056834    
       20183   2.064754    
       20184   2.072669    
       20185   2.080569    
       20186   2.088445    
       20187   2.096282    
       20188   2.104055    
       20189   2.111725    
       20190   2.119221    
       20191   2.126420    
       20192   2.133149    
       20193   2.139286    
       20194   2.144933    
       20195   2.150279    
       20196   2.155469    
