      150921   2.084963    
      150922   2.076894    
      150923   2.068825    
      150924   2.060757    
      150925   2.052691    
      150926   2.044625    
      150927   2.036561    
      150928   2.028498    
      150929   2.020436    
      150930   2.012375    
      150931   2.004316    
      150932   1.996259    
      150933   1.988203    
      150934   1.980150    
      150935   1.972098    
      150936   1.964048    
      150937   1.956001    
      150938   1.947956    
      150939   1.939914    
      150940   1.931874    
      150941   1.923837    
      150942   1.915803    
      150943   1.907773    
      150944   1.899746    
      150945   1.891723    
      150946   1.883704    
      150947   1.875689    
      150948   1.867679    
      150949   1.859673    
      150950   1.851673    
      150951   1.843678    
      150952   1.835688    
      150953   1.827705    
      150954   1.819728    
      150955   1.811758    
      150956   1.803795    
      150957   1.795840    
      150958   1.787894    
      150959   1.779956    
      150960   1.772028    
      150961   1.764110    
      150962   1.756203    
      150963   1.748308    
      150964   1.740425    
      150965   1.732556    
      150966   1.724702    
      150967   1.716863    
      150968   1.709041    
      150969   1.701238    
      150970   1.693454    
      150971   1.685692    
      150972   1.677953    
      150973   1.670239    
      150974   1.662552    
      150975   1.654896    
      150976   1.647274    
      150977   1.639687    
      150978   1.632142    
      150979   1.624642    
      150980   1.617193    
      150981   1.609800    
      150982   1.602466    
      150983   1.595193    
      150984   1.587977    
      150985   1.580817    
      150986   1.573709    
      150987   1.566649    
      150988   1.559634    
      150989   1.552657    
      150990   1.545715    
      150991   1.538804    
      150992   1.531924    
      150993   1.525077    
      150994   1.518265    
      150995   1.511492    
      150996   1.504763    
      150997   1.498084    
      150998   1.491458    
      150999   1.484890    
      151000   1.478383    
      151001   1.471938    
      151002   1.465555    
      151003   1.459230    
      151004   1.452961    
      151005   1.446740    
      151006   1.440557    
      151007   1.434395    
      151008   1.428221    
      151009   1.421976    
      151010   1.415558    
      151011   1.408812    
      151012   1.401604    
      151013   1.393995    
      151014   1.386150    
      151015   1.378189    
      151016   1.370174    
      151017   1.362135    
      151018   1.354084    
      151019   1.346027    
      151020   1.337968    
      151021   1.329908    
      151022   1.321848    
      151023   1.313788    
      151024   1.305729    
      151025   1.297672    
      151026   1.289616    
      151027   1.281563    
      151028   1.273513    
      151029   1.265465    
      151030   1.257422    
      151031   1.249382    
      151032   1.241346    
      151033   1.233316    
      151034   1.225290    
      151035   1.217270    
      151036   1.209257    
      151037   1.201250    
      151038   1.193250    
      151039   1.185257    
      151040   1.177273    
      151041   1.169297    
      151042   1.161330    
      151043   1.153374    
      151044   1.145428    
      151045   1.137493    
      151046   1.129572    
      151047   1.121663    
      151048   1.113769    
      151049   1.105891    
      151050   1.098030    
      151051   1.090188    
      151052   1.082365    
      151053   1.074565    
      151054   1.066789    
      151055   1.059039    
      151056   1.051318    
      151057   1.043628    
      151058   1.035974    
      151059   1.028359    
      151060   1.020787    
      151061   1.013264    
      151062   1.005796    
      151063  0.9983881    
      151064  0.9910444    
      151065  0.9837654    
      151066  0.9765491    
      151067  0.9693919    
      151068  0.9622850    
      151069  0.9552096    
      151070  0.9481316    
      151071  0.9409906    
      151072  0.9336978    
      151073  0.9261740    
      151074  0.9184315    
      151075  0.9105509    
      151076  0.9025971    
      151077  0.8946072    
      151078  0.8866001    
      151079  0.8785855    
      151080  0.8705682    
      151081  0.8625508    
      151082  0.8545350    
      151083  0.8465220    
      151084  0.8385127    
      151085  0.8305079    
      151086  0.8225087    
      151087  0.8145161    
      151088  0.8065312    
      151089  0.7985555    
      151090  0.7905903    
      151091  0.7826372    
      151092  0.7746977    
      151093  0.7667731    
      151094  0.7588651    
      151095  0.7509756    
      151096  0.7431064    
      151097  0.7352599    
      151098  0.7274384    
      151099  0.7196448    
      151100  0.7118821    
      151101  0.7041540    
      151102  0.6964649    
      151103  0.6888200    
      151104  0.6812257    
      151105  0.6736894    
      151106  0.6662199    
      151107  0.6588259    
      151108  0.6515135    
      151109  0.6442860    
      151110  0.6371471    
      151111  0.6301012    
      151112  0.6231540    
      151113  0.6163103    
      151114  0.6095735    
      151115  0.6029449    
      151116  0.5964222    
      151117  0.5899990    
      151118  0.5836650    
      151119  0.5774053    
      151120  0.5711875    
      151121  0.5649556    
      151122  0.5586173    
      151123  0.5520209    
      151124  0.5449777    
      151125  0.5374386    
      151126  0.5295561    
      151127  0.5214887    
      151128  0.5133280    
      151129  0.5051211    
      151130  0.4968917    
      151131  0.4886511    
      151132  0.4804035    
      151133  0.4721508    
      151134  0.4638938    
      151135  0.4556330    
      151136  0.4473687    
      151137  0.4391013    
      151138  0.4308312    
      151139  0.4225587    
      151140  0.4142843    
      151141  0.4060082    
      151142  0.3977310    
      151143  0.3894530    
      151144  0.3811744    
      151145  0.3728954    
      151146  0.3646160    
      151147  0.3563364    
      151148  0.3480565    
      151149  0.3397765    
      151150  0.3314964    
      151151  0.3232162    
      151152  0.3149359    
      151153  0.3066555    
      151154  0.2983750    
      151155  0.2900944    
      151156  0.2818137    
      151157  0.2735330    
      151158  0.2652521    
      151159  0.2569713    
      151160  0.2486903    
      151161  0.2404093    
      151162  0.2321283    
      151163  0.2238472    
      151164  0.2155660    
      151165  0.2072849    
      151166  0.1990037    
      151167  0.1907225    
      151168  0.1824414    
      151169  0.1741604    
      151170  0.1658794    
      151171  0.1575987    
      151172  0.1493184    
      151173  0.1410384    
      151174  0.1327591    
      151175  0.1244806    
      151176  0.1162032    
      151177  0.1079272    
      151178  9.9653080E-02
      151179  9.1381378E-02
      151180  8.3113030E-02
      151181  7.4849509E-02
      151182  6.6593409E-02
      151183  5.8349755E-02
      151184  5.0129101E-02
      151185  4.1955084E-02
      151186  3.3883035E-02
      151187  2.6046783E-02
      151188  1.8773876E-02
      151189  1.2862195E-02
      151190  1.0157081E-02
      151191  1.2862313E-02
      151192  1.8774167E-02
      151193  2.6047327E-02
      151194  3.3883911E-02
      151195  4.1956380E-02
      151196  5.0130904E-02
      151197  5.8352131E-02
      151198  6.6596426E-02
      151199  7.4853197E-02
      151200  8.3117418E-02
      151201  9.1386467E-02
      151202  9.9658862E-02
      151203  0.1079337    
      151204  0.1162103    
      151205  0.1244883    
      151206  0.1327673    
      151207  0.1410470    
      151208  0.1493273    
      151209  0.1576079    
      151210  0.1658888    
      151211  0.1741698    
      151212  0.1824509    
      151213  0.1907319    
      151214  0.1990128    
      151215  0.2072935    
      151216  0.2155740    
      151217  0.2238539    
      151218  0.2321332    
      151219  0.2404116    
      151220  0.2486885    
      151221  0.2569634    
      151222  0.2652353    
      151223  0.2735028    
      151224  0.2817640    
      151225  0.2900163    
      151226  0.2982562    
      151227  0.3064796    
      151228  0.3146816    
      151229  0.3228557    
      151230  0.3309928    
      151231  0.3390784    
      151232  0.3470874    
      151233  0.3549704    
      151234  0.3626295    
      151235  0.3699040    
      151236  0.3766192    
      151237  0.3827775    
      151238  0.3886036    
      151239  0.3943118    
      151240  0.4000362    
      151241  0.4058466    
      151242  0.4117706    
      151243  0.4178153    
      151244  0.4239773    
      151245  0.4302520    
      151246  0.4366342    
      151247  0.4431176    
      151248  0.4496951    
      151249  0.4563607    
      151250  0.4631098    
      151251  0.4699390    
      151252  0.4768460    
      151253  0.4838288    
      151254  0.4908862    
      151255  0.4980176    
      151256  0.5052237    
      151257  0.5125079    
      151258  0.5198737    
      151259  0.5273207    
      151260  0.5348430    
      151261  0.5424306    
      151262  0.5500760    
      151263  0.5577740    
      151264  0.5655202    
      151265  0.5733103    
      151266  0.5811403    
      151267  0.5890060    
      151268  0.5969035    
      151269  0.6048293    
      151270  0.6127801    
      151271  0.6207533    
      151272  0.6287464    
      151273  0.6367573    
      151274  0.6447840    
      151275  0.6528251    
      151276  0.6608789    
      151277  0.6689442    
      151278  0.6770199    
      151279  0.6851050    
      151280  0.6931984    
      151281  0.7012995    
      151282  0.7094074    
      151283  0.7175215    
      151284  0.7256410    
      151285  0.7337652    
      151286  0.7418936    
      151287  0.7500252    
      151288  0.7581590    
      151289  0.7662939    
      151290  0.7744281    
      151291  0.7825594    
      151292  0.7906847    
      151293  0.7987993    
      151294  0.8068963    
      151295  0.8149655    
      151296  0.8229923    
      151297  0.8309557    
      151298  0.8388275    
      151299  0.8465736    
      151300  0.8541533    
      151301  0.8615217    
      151302  0.8686385    
      151303  0.8754884    
      151304  0.8820958    
      151305  0.8885221    
      151306  0.8948334    
      151307  0.9010798    
      151308  0.9072920    
      151309  0.9134862    
      151310  0.9196706    
      151311  0.9258497    
      151312  0.9320266    
      151313  0.9382056    
      151314  0.9443919    
      151315  0.9505931    
      151316  0.9568204    
      151317  0.9630873    
      151318  0.9694079    
      151319  0.9757926    
      151320  0.9822494    
      151321  0.9887843    
      151322  0.9954015    
      151323   1.002102    
      151324   1.008884    
      151325   1.015747    
      151326   1.022688    
      151327   1.029703    
      151328   1.036787    
      151329   1.043939    
      151330   1.051159    
      151331   1.058446    
      151332   1.065803    
      151333   1.073229    
      151334   1.080722    
      151335   1.088279    
      151336   1.095893    
      151337   1.103559    
      151338   1.111275    
      151339   1.119035    
      151340   1.126838    
      151341   1.134680    
      151342   1.142556    
      151343   1.150464    
      151344   1.158400    
      151345   1.166361    
      151346   1.174345    
      151347   1.182348    
      151348   1.190369    
      151349   1.198405    
      151350   1.206456    
      151351   1.214520    
      151352   1.222595    
      151353   1.230681    
      151354   1.238776    
      151355   1.246879    
      151356   1.254991    
      151357   1.263109    
      151358   1.271233    
      151359   1.279364    
      151360   1.287500    
      151361   1.295640    
      151362   1.303785    
      151363   1.311934    
      151364   1.320087    
      151365   1.328243    
      151366   1.336403    
      151367   1.344565    
      151368   1.352730    
      151369   1.360897    
      151370   1.369066    
      151371   1.377238    
      151372   1.385411    
      151373   1.393586    
      151374   1.401763    
      151375   1.409941    
      151376   1.418121    
      151377   1.426301    
      151378   1.434483    
      151379   1.442666    
      151380   1.450850    
      151381   1.459034    
      151382   1.467219    
      151383   1.475405    
      151384   1.483592    
      151385   1.491779    
      151386   1.499966    
      151387   1.508154    
      151388   1.516343    
      151389   1.524532    
      151390   1.532721    
      151391   1.540910    
      151392   1.549100    
      151393   1.557290    
      151394   1.565480    
      151395   1.573670    
      151396   1.581861    
      151397   1.590052    
      151398   1.598242    
      151399   1.606433    
      151400   1.614624    
      151401   1.622815    
      151402   1.631006    
      151403   1.639197    
      151404   1.647388    
      151405   1.655579    
      151406   1.663771    
      151407   1.671962    
      151408   1.680153    
      151409   1.688344    
      151410   1.696535    
      151411   1.704727    
      151412   1.712918    
      151413   1.721109    
      151414   1.729300    
      151415   1.737492    
      151416   1.745683    
      151417   1.753874    
      151418   1.762066    
      151419   1.770257    
      151420   1.778448    
      151421   1.786639    
