      215986   2.120217    
      215987   2.112158    
      215988   2.104101    
      215989   2.096048    
      215990   2.087997    
      215991   2.079951    
      215992   2.071909    
      215993   2.063872    
      215994   2.055840    
      215995   2.047814    
      215996   2.039793    
      215997   2.031779    
      215998   2.023772    
      215999   2.015773    
      216000   2.007781    
      216001   1.999798    
      216002   1.991824    
      216003   1.983860    
      216004   1.975907    
      216005   1.967965    
      216006   1.960036    
      216007   1.952120    
      216008   1.944218    
      216009   1.936332    
      216010   1.928464    
      216011   1.920614    
      216012   1.912785    
      216013   1.904978    
      216014   1.897195    
      216015   1.889440    
      216016   1.881714    
      216017   1.874020    
      216018   1.866362    
      216019   1.858743    
      216020   1.851170    
      216021   1.843647    
      216022   1.836181    
      216023   1.828777    
      216024   1.821439    
      216025   1.814168    
      216026   1.806962    
      216027   1.799818    
      216028   1.792726    
      216029   1.785668    
      216030   1.778610    
      216031   1.771490    
      216032   1.764217    
      216033   1.756711    
      216034   1.748980    
      216035   1.741106    
      216036   1.733155    
      216037   1.725168    
      216038   1.717162    
      216039   1.709149    
      216040   1.701133    
      216041   1.693117    
      216042   1.685102    
      216043   1.677090    
      216044   1.669082    
      216045   1.661078    
      216046   1.653080    
      216047   1.645088    
      216048   1.637104    
      216049   1.629130    
      216050   1.621166    
      216051   1.613214    
      216052   1.605276    
      216053   1.597352    
      216054   1.589446    
      216055   1.581558    
      216056   1.573691    
      216057   1.565846    
      216058   1.558026    
      216059   1.550235    
      216060   1.542474    
      216061   1.534749    
      216062   1.527063    
      216063   1.519421    
      216064   1.511830    
      216065   1.504298    
      216066   1.496834    
      216067   1.489446    
      216068   1.482140    
      216069   1.474920    
      216070   1.467789    
      216071   1.460753    
      216072   1.453816    
      216073   1.446985    
      216074   1.440263    
      216075   1.433652    
      216076   1.427150    
      216077   1.420754    
      216078   1.414458    
      216079   1.408258    
      216080   1.402147    
      216081   1.396114    
      216082   1.390154    
      216083   1.384257    
      216084   1.378412    
      216085   1.372601    
      216086   1.366780    
      216087   1.360863    
      216088   1.354705    
      216089   1.348139    
      216090   1.341128    
      216091   1.333801    
      216092   1.326294    
      216093   1.318691    
      216094   1.311039    
      216095   1.303361    
      216096   1.295673    
      216097   1.287983    
      216098   1.280297    
      216099   1.272621    
      216100   1.264959    
      216101   1.257314    
      216102   1.249689    
      216103   1.242089    
      216104   1.234515    
      216105   1.226972    
      216106   1.219462    
      216107   1.211990    
      216108   1.204561    
      216109   1.197181    
      216110   1.189852    
      216111   1.182579    
      216112   1.175364    
      216113   1.168208    
      216114   1.161114    
      216115   1.154085    
      216116   1.147125    
      216117   1.140236    
      216118   1.133423    
      216119   1.126691    
      216120   1.120041    
      216121   1.113478    
      216122   1.107002    
      216123   1.100612    
      216124   1.094310    
      216125   1.088091    
      216126   1.081945    
      216127   1.075836    
      216128   1.069693    
      216129   1.063382    
      216130   1.056688    
      216131   1.049439    
      216132   1.041741    
      216133   1.033796    
      216134   1.025732    
      216135   1.017616    
      216136   1.009477    
      216137   1.001329    
      216138  0.9931779    
      216139  0.9850265    
      216140  0.9768759    
      216141  0.9687264    
      216142  0.9605784    
      216143  0.9524322    
      216144  0.9442878    
      216145  0.9361457    
      216146  0.9280058    
      216147  0.9198686    
      216148  0.9117342    
      216149  0.9036030    
      216150  0.8954752    
      216151  0.8873512    
      216152  0.8792313    
      216153  0.8711158    
      216154  0.8630052    
      216155  0.8549000    
      216156  0.8468007    
      216157  0.8387078    
      216158  0.8306219    
      216159  0.8225437    
      216160  0.8144738    
      216161  0.8064132    
      216162  0.7983626    
      216163  0.7903231    
      216164  0.7822959    
      216165  0.7742822    
      216166  0.7662833    
      216167  0.7583008    
      216168  0.7503364    
      216169  0.7423919    
      216170  0.7344696    
      216171  0.7265716    
      216172  0.7187003    
      216173  0.7108588    
      216174  0.7030498    
      216175  0.6952763    
      216176  0.6875413    
      216177  0.6798480    
      216178  0.6721997    
      216179  0.6646000    
      216180  0.6570523    
      216181  0.6495597    
      216182  0.6421249    
      216183  0.6347495    
      216184  0.6274350    
      216185  0.6201833    
      216186  0.6129975    
      216187  0.6058817    
      216188  0.5988414    
      216189  0.5918846    
      216190  0.5850213    
      216191  0.5782628    
      216192  0.5716224    
      216193  0.5651130    
      216194  0.5587453    
      216195  0.5525241    
      216196  0.5464467    
      216197  0.5405037    
      216198  0.5346767    
      216199  0.5289400    
      216200  0.5232595    
      216201  0.5175899    
      216202  0.5118680    
      216203  0.5060014    
      216204  0.4998623    
      216205  0.4933026    
      216206  0.4862591    
      216207  0.4788159    
      216208  0.4711071    
      216209  0.4632356    
      216210  0.4552623    
      216211  0.4472211    
      216212  0.4391319    
      216213  0.4310066    
      216214  0.4228538    
      216215  0.4146801    
      216216  0.4064915    
      216217  0.3982928    
      216218  0.3900873    
      216219  0.3818775    
      216220  0.3736652    
      216221  0.3654513    
      216222  0.3572369    
      216223  0.3490224    
      216224  0.3408083    
      216225  0.3325950    
      216226  0.3243827    
      216227  0.3161717    
      216228  0.3079622    
      216229  0.2997545    
      216230  0.2915488    
      216231  0.2833452    
      216232  0.2751442    
      216233  0.2669459    
      216234  0.2587507    
      216235  0.2505589    
      216236  0.2423709    
      216237  0.2341872    
      216238  0.2260081    
      216239  0.2178342    
      216240  0.2096661    
      216241  0.2015042    
      216242  0.1933493    
      216243  0.1852018    
      216244  0.1770622    
      216245  0.1689308    
      216246  0.1608079    
      216247  0.1526933    
      216248  0.1445863    
      216249  0.1364857    
      216250  0.1283894    
      216251  0.1202940    
      216252  0.1121959    
      216253  0.1040914    
      216254  9.5979169E-02
      216255  8.7862700E-02
      216256  7.9753131E-02
      216257  7.1669839E-02
      216258  6.3629702E-02
      216259  5.5644002E-02
      216260  4.7722768E-02
      216261  3.9883763E-02
      216262  3.2171130E-02
      216263  2.4702910E-02
      216264  1.7783798E-02
      216265  1.2166565E-02
      216266  9.5934113E-03
      216267  1.2134109E-02
      216268  1.7700579E-02
      216269  2.4537604E-02
      216270  3.1879444E-02
      216271  3.9409503E-02
      216272  4.6997588E-02
      216273  5.4581802E-02
      216274  6.2112063E-02
      216275  6.9528289E-02
      216276  7.6787874E-02
      216277  8.3891302E-02
      216278  9.0875030E-02
      216279  9.7786605E-02
      216280  0.1046715    
      216281  0.1115645    
      216282  0.1184875    
      216283  0.1254526    
      216284  0.1324667    
      216285  0.1395332    
      216286  0.1466520    
      216287  0.1538209    
      216288  0.1610374    
      216289  0.1682997    
      216290  0.1756076    
      216291  0.1829612    
      216292  0.1903609    
      216293  0.1978064    
      216294  0.2052969    
      216295  0.2128309    
      216296  0.2204068    
      216297  0.2280223    
      216298  0.2356765    
      216299  0.2433687    
      216300  0.2510982    
      216301  0.2588634    
      216302  0.2666625    
      216303  0.2744935    
      216304  0.2823539    
      216305  0.2902412    
      216306  0.2981532    
      216307  0.3060876    
      216308  0.3140422    
      216309  0.3220156    
      216310  0.3300058    
      216311  0.3380114    
      216312  0.3460310    
      216313  0.3540634    
      216314  0.3621075    
      216315  0.3701622    
      216316  0.3782266    
      216317  0.3862999    
      216318  0.3943813    
      216319  0.4024702    
      216320  0.4105659    
      216321  0.4186679    
      216322  0.4267756    
      216323  0.4348887    
      216324  0.4430067    
      216325  0.4511291    
      216326  0.4592556    
      216327  0.4673861    
      216328  0.4755200    
      216329  0.4836572    
      216330  0.4917974    
      216331  0.4999404    
      216332  0.5080859    
      216333  0.5162338    
      216334  0.5243840    
      216335  0.5325361    
      216336  0.5406901    
      216337  0.5488458    
      216338  0.5570030    
      216339  0.5651618    
      216340  0.5733219    
      216341  0.5814832    
      216342  0.5896456    
      216343  0.5978090    
      216344  0.6059734    
      216345  0.6141386    
      216346  0.6223046    
      216347  0.6304712    
      216348  0.6386385    
      216349  0.6468064    
      216350  0.6549747    
      216351  0.6631435    
      216352  0.6713126    
      216353  0.6794820    
      216354  0.6876518    
      216355  0.6958216    
      216356  0.7039918    
      216357  0.7121619    
      216358  0.7203321    
      216359  0.7285025    
      216360  0.7366728    
      216361  0.7448430    
      216362  0.7530131    
      216363  0.7611833    
      216364  0.7693532    
      216365  0.7775229    
      216366  0.7856925    
      216367  0.7938617    
      216368  0.8020307    
      216369  0.8101993    
      216370  0.8183675    
      216371  0.8265353    
      216372  0.8347028    
      216373  0.8428698    
      216374  0.8510362    
      216375  0.8592021    
      216376  0.8673674    
      216377  0.8755322    
      216378  0.8836963    
      216379  0.8918598    
      216380  0.9000224    
      216381  0.9081844    
