      184570   2.097946    
      184571   2.090139    
      184572   2.082353    
      184573   2.074589    
      184574   2.066848    
      184575   2.059134    
      184576   2.051447    
      184577   2.043790    
      184578   2.036166    
      184579   2.028575    
      184580   2.021021    
      184581   2.013505    
      184582   2.006029    
      184583   1.998596    
      184584   1.991209    
      184585   1.983871    
      184586   1.976583    
      184587   1.969343    
      184588   1.962152    
      184589   1.955007    
      184590   1.947909    
      184591   1.940857    
      184592   1.933851    
      184593   1.926892    
      184594   1.919980    
      184595   1.913116    
      184596   1.906304    
      184597   1.899546    
      184598   1.892843    
      184599   1.886198    
      184600   1.879610    
      184601   1.873080    
      184602   1.866603    
      184603   1.860174    
      184604   1.853788    
      184605   1.847436    
      184606   1.841106    
      184607   1.834773    
      184608   1.828385    
      184609   1.821860    
      184610   1.815063    
      184611   1.807860    
      184612   1.800271    
      184613   1.792440    
      184614   1.784486    
      184615   1.776473    
      184616   1.768431    
      184617   1.760377    
      184618   1.752317    
      184619   1.744253    
      184620   1.736188    
      184621   1.728122    
      184622   1.720055    
      184623   1.711990    
      184624   1.703925    
      184625   1.695862    
      184626   1.687800    
      184627   1.679741    
      184628   1.671685    
      184629   1.663631    
      184630   1.655581    
      184631   1.647535    
      184632   1.639493    
      184633   1.631456    
      184634   1.623424    
      184635   1.615398    
      184636   1.607377    
      184637   1.599363    
      184638   1.591356    
      184639   1.583356    
      184640   1.575364    
      184641   1.567381    
      184642   1.559407    
      184643   1.551443    
      184644   1.543490    
      184645   1.535548    
      184646   1.527619    
      184647   1.519703    
      184648   1.511801    
      184649   1.503916    
      184650   1.496047    
      184651   1.488197    
      184652   1.480368    
      184653   1.472561    
      184654   1.464779    
      184655   1.457023    
      184656   1.449297    
      184657   1.441603    
      184658   1.433945    
      184659   1.426327    
      184660   1.418753    
      184661   1.411231    
      184662   1.403764    
      184663   1.396360    
      184664   1.389023    
      184665   1.381752    
      184666   1.374546    
      184667   1.367401    
      184668   1.360310    
      184669   1.353252    
      184670   1.346193    
      184671   1.339073    
      184672   1.331801    
      184673   1.324295    
      184674   1.316563    
      184675   1.308689    
      184676   1.300739    
      184677   1.292751    
      184678   1.284746    
      184679   1.276733    
      184680   1.268716    
      184681   1.260700    
      184682   1.252685    
      184683   1.244673    
      184684   1.236665    
      184685   1.228661    
      184686   1.220663    
      184687   1.212672    
      184688   1.204688    
      184689   1.196713    
      184690   1.188750    
      184691   1.180798    
      184692   1.172859    
      184693   1.164936    
      184694   1.157030    
      184695   1.149142    
      184696   1.141274    
      184697   1.133429    
      184698   1.125610    
      184699   1.117818    
      184700   1.110058    
      184701   1.102332    
      184702   1.094646    
      184703   1.087005    
      184704   1.079414    
      184705   1.071882    
      184706   1.064417    
      184707   1.057029    
      184708   1.049724    
      184709   1.042503    
      184710   1.035372    
      184711   1.028336    
      184712   1.021399    
      184713   1.014568    
      184714   1.007845    
      184715   1.001234    
      184716  0.9947325    
      184717  0.9883363    
      184718  0.9820404    
      184719  0.9758404    
      184720  0.9697286    
      184721  0.9636965    
      184722  0.9577357    
      184723  0.9518381    
      184724  0.9459934    
      184725  0.9401821    
      184726  0.9343615    
      184727  0.9284444    
      184728  0.9222875    
      184729  0.9157217    
      184730  0.9087118    
      184731  0.9013852    
      184732  0.8938783    
      184733  0.8862756    
      184734  0.8786232    
      184735  0.8709457    
      184736  0.8632574    
      184737  0.8555672    
      184738  0.8478816    
      184739  0.8402056    
      184740  0.8325431    
      184741  0.8248980    
      184742  0.8172735    
      184743  0.8096728    
      184744  0.8020991    
      184745  0.7945555    
      184746  0.7870457    
      184747  0.7795740    
      184748  0.7721452    
      184749  0.7647641    
      184750  0.7574353    
      184751  0.7501622    
      184752  0.7429471    
      184753  0.7357913    
      184754  0.7286969    
      184755  0.7216674    
      184756  0.7147063    
      184757  0.7078173    
      184758  0.7010041    
      184759  0.6942708    
      184760  0.6876206    
      184761  0.6810565    
      184762  0.6745797    
      184763  0.6681900    
      184764  0.6618869    
      184765  0.6556686    
      184766  0.6495236    
      184767  0.6434190    
      184768  0.6372852    
      184769  0.6309924    
      184770  0.6243297    
      184771  0.6171151    
      184772  0.6094425    
      184773  0.6015129    
      184774  0.5934606    
      184775  0.5853535    
      184776  0.5772232    
      184777  0.5690837    
      184778  0.5609410    
      184779  0.5527977    
      184780  0.5446548    
      184781  0.5365133    
      184782  0.5283729    
      184783  0.5202343    
      184784  0.5120976    
      184785  0.5039629    
      184786  0.4958306    
      184787  0.4877007    
      184788  0.4795736    
      184789  0.4714496    
      184790  0.4633289    
      184791  0.4552119    
      184792  0.4470989    
      184793  0.4389903    
      184794  0.4308864    
      184795  0.4227876    
      184796  0.4146945    
      184797  0.4066075    
      184798  0.3985272    
      184799  0.3904541    
      184800  0.3823889    
      184801  0.3743322    
      184802  0.3662849    
      184803  0.3582478    
      184804  0.3502219    
      184805  0.3422081    
      184806  0.3342075    
      184807  0.3262215    
      184808  0.3182513    
      184809  0.3102984    
      184810  0.3023645    
      184811  0.2944513    
      184812  0.2865608    
      184813  0.2786950    
      184814  0.2708562    
      184815  0.2630467    
      184816  0.2552689    
      184817  0.2475250    
      184818  0.2398174    
      184819  0.2321486    
      184820  0.2245209    
      184821  0.2169366    
      184822  0.2093980    
      184823  0.2019067    
      184824  0.1944645    
      184825  0.1870734    
      184826  0.1797354    
      184827  0.1724532    
      184828  0.1652301    
      184829  0.1580707    
      184830  0.1509799    
      184831  0.1439619    
      184832  0.1370184    
      184833  0.1301435    
      184834  0.1233153    
      184835  0.1164898    
      184836  0.1095968    
      184837  0.1025541    
      184838  9.5304310E-02
      184839  8.7846480E-02
      184840  8.0228284E-02
      184841  7.2505936E-02
      184842  6.4712480E-02
      184843  5.6865569E-02
      184844  4.8981931E-02
      184845  4.1089796E-02
      184846  3.3250283E-02
      184847  2.5603466E-02
      184848  1.8481091E-02
      184849  1.2680156E-02
      184850  1.0032896E-02
      184851  1.2731300E-02
      184852  1.8608380E-02
      184853  2.5843123E-02
      184854  3.3646844E-02
      184855  4.1694224E-02
      184856  4.9850542E-02
      184857  5.8058843E-02
      184858  6.6294074E-02
      184859  7.4544534E-02
      184860  8.2804352E-02
      184861  9.1070309E-02
      184862  9.9340484E-02
      184863  0.1076137    
      184864  0.1158891    
      184865  0.1241660    
      184866  0.1324442    
      184867  0.1407232    
      184868  0.1490028    
      184869  0.1572828    
      184870  0.1655631    
      184871  0.1738436    
      184872  0.1821243    
      184873  0.1904051    
      184874  0.1986859    
      184875  0.2069667    
      184876  0.2152476    
      184877  0.2235284    
      184878  0.2318092    
      184879  0.2400899    
      184880  0.2483706    
      184881  0.2566511    
      184882  0.2649314    
      184883  0.2732116    
      184884  0.2814915    
      184885  0.2897709    
      184886  0.2980497    
      184887  0.3063276    
      184888  0.3146042    
      184889  0.3228790    
      184890  0.3311509    
      184891  0.3394187    
      184892  0.3476804    
      184893  0.3559331    
      184894  0.3641723    
      184895  0.3723916    
      184896  0.3805818    
      184897  0.3887299    
      184898  0.3968189    
      184899  0.4048284    
      184900  0.4127275    
      184901  0.4204681    
      184902  0.4279884    
      184903  0.4352250    
      184904  0.4421496    
      184905  0.4487898    
      184906  0.4552188    
      184907  0.4615138    
      184908  0.4677349    
      184909  0.4739202    
      184910  0.4800892    
      184911  0.4862520    
      184912  0.4924148    
      184913  0.4985828    
      184914  0.5047622    
      184915  0.5109614    
      184916  0.5171912    
      184917  0.5234656    
      184918  0.5297986    
      184919  0.5362018    
      184920  0.5426834    
      184921  0.5492473    
      184922  0.5558941    
      184923  0.5626243    
      184924  0.5694376    
      184925  0.5763324    
      184926  0.5833064    
      184927  0.5903561    
      184928  0.5974783    
      184929  0.6046710    
      184930  0.6119320    
      184931  0.6192590    
      184932  0.6266483    
      184933  0.6340927    
      184934  0.6415840    
      184935  0.6491152    
      184936  0.6566826    
      184937  0.6642848    
      184938  0.6719226    
      184939  0.6795976    
      184940  0.6873105    
      184941  0.6950604    
      184942  0.7028458    
      184943  0.7106649    
      184944  0.7185149    
      184945  0.7263933    
      184946  0.7342976    
      184947  0.7422252    
      184948  0.7501741    
      184949  0.7581422    
      184950  0.7661278    
      184951  0.7741293    
      184952  0.7821453    
      184953  0.7901744    
      184954  0.7982154    
      184955  0.8062674    
      184956  0.8143293    
      184957  0.8224003    
      184958  0.8304797    
      184959  0.8385668    
      184960  0.8466609    
      184961  0.8547612    
      184962  0.8628674    
      184963  0.8709791    
      184964  0.8790956    
      184965  0.8872168    
      184966  0.8953422    
      184967  0.9034715    
      184968  0.9116045    
      184969  0.9197407    
      184970  0.9278799    
      184971  0.9360220    
      184972  0.9441668    
      184973  0.9523138    
      184974  0.9604632    
      184975  0.9686147    
      184976  0.9767680    
      184977  0.9849230    
      184978  0.9930797    
      184979   1.001238    
      184980   1.009397    
      184981   1.017558    
      184982   1.025720    
      184983   1.033883    
      184984   1.042047    
      184985   1.050211    
      184986   1.058377    
      184987   1.066543    
      184988   1.074710    
      184989   1.082877    
      184990   1.091045    
      184991   1.099213    
      184992   1.107382    
      184993   1.115551    
      184994   1.123720    
      184995   1.131889    
      184996   1.140059    
      184997   1.148228    
      184998   1.156398    
      184999   1.164568    
      185000   1.172738    
      185001   1.180907    
      185002   1.189077    
      185003   1.197247    
      185004   1.205416    
      185005   1.213585    
      185006   1.221755    
      185007   1.229923    
      185008   1.238092    
      185009   1.246260    
      185010   1.254428    
      185011   1.262595    
      185012   1.270762    
      185013   1.278929    
      185014   1.287095    
      185015   1.295261    
      185016   1.303426    
      185017   1.311590    
      185018   1.319754    
      185019   1.327917    
      185020   1.336080    
      185021   1.344241    
