      269281   2.129517    
      269282   2.123557    
      269283   2.117660    
      269284   2.111815    
      269285   2.106004    
      269286   2.100183    
      269287   2.094266    
      269288   2.088108    
      269289   2.081541    
      269290   2.074529    
      269291   2.067202    
      269292   2.059695    
      269293   2.052092    
      269294   2.044440    
      269295   2.036762    
      269296   2.029073    
      269297   2.021383    
      269298   2.013698    
      269299   2.006021    
      269300   1.998359    
      269301   1.990714    
      269302   1.983090    
      269303   1.975489    
      269304   1.967916    
      269305   1.960372    
      269306   1.952863    
      269307   1.945391    
      269308   1.937963    
      269309   1.930582    
      269310   1.923253    
      269311   1.915980    
      269312   1.908766    
      269313   1.901610    
      269314   1.894516    
      269315   1.887487    
      269316   1.880526    
      269317   1.873638    
      269318   1.866826    
      269319   1.860093    
      269320   1.853443    
      269321   1.846878    
      269322   1.840396    
      269323   1.833991    
      269324   1.827643    
      269325   1.821312    
      269326   1.814916    
      269327   1.808306    
      269328   1.801279    
      269329   1.793770    
      269330   1.785925    
      269331   1.777902    
      269332   1.769796    
      269333   1.761652    
      269334   1.753493    
      269335   1.745327    
      269336   1.737158    
      269337   1.728989    
      269338   1.720821    
      269339   1.712653    
      269340   1.704486    
      269341   1.696321    
      269342   1.688156    
      269343   1.679993    
      269344   1.671832    
      269345   1.663672    
      269346   1.655515    
      269347   1.647359    
      269348   1.639206    
      269349   1.631055    
      269350   1.622907    
      269351   1.614763    
      269352   1.606621    
      269353   1.598484    
      269354   1.590350    
      269355   1.582222    
      269356   1.574097    
      269357   1.565979    
      269358   1.557866    
      269359   1.549760    
      269360   1.541661    
      269361   1.533570    
      269362   1.525487    
      269363   1.517415    
      269364   1.509353    
      269365   1.501303    
      269366   1.493266    
      269367   1.485245    
      269368   1.477239    
      269369   1.469252    
      269370   1.461286    
      269371   1.453343    
      269372   1.445426    
      269373   1.437538    
      269374   1.429683    
      269375   1.421866    
      269376   1.414089    
      269377   1.406358    
      269378   1.398677    
      269379   1.391048    
      269380   1.383475    
      269381   1.375960    
      269382   1.368506    
      269383   1.361112    
      269384   1.353780    
      269385   1.346510    
      269386   1.339307    
      269387   1.332173    
      269388   1.325114    
      269389   1.318138    
      269390   1.311254    
      269391   1.304474    
      269392   1.297811    
      269393   1.291276    
      269394   1.284881    
      269395   1.278631    
      269396   1.272520    
      269397   1.266538    
      269398   1.260665    
      269399   1.254874    
      269400   1.249128    
      269401   1.243379    
      269402   1.237561    
      269403   1.231583    
      269404   1.225330    
      269405   1.218688    
      269406   1.211624    
      269407   1.204201    
      269408   1.196527    
      269409   1.188688    
      269410   1.180743    
      269411   1.172726    
      269412   1.164658    
      269413   1.156552    
      269414   1.148417    
      269415   1.140261    
      269416   1.132089    
      269417   1.123907    
      269418   1.115718    
      269419   1.107524    
      269420   1.099329    
      269421   1.091132    
      269422   1.082935    
      269423   1.074738    
      269424   1.066542    
      269425   1.058348    
      269426   1.050155    
      269427   1.041964    
      269428   1.033776    
      269429   1.025591    
      269430   1.017408    
      269431   1.009229    
      269432   1.001054    
      269433  0.9928840    
      269434  0.9847184    
      269435  0.9765584    
      269436  0.9684048    
      269437  0.9602582    
      269438  0.9521198    
      269439  0.9439905    
      269440  0.9358718    
      269441  0.9277650    
      269442  0.9196721    
      269443  0.9115952    
      269444  0.9035369    
      269445  0.8955002    
      269446  0.8874891    
      269447  0.8795081    
      269448  0.8715630    
      269449  0.8636608    
      269450  0.8558105    
      269451  0.8480229    
      269452  0.8403111    
      269453  0.8326893    
      269454  0.8251728    
      269455  0.8177764    
      269456  0.8105123    
      269457  0.8033897    
      269458  0.7964154    
      269459  0.7895919    
      269460  0.7829150    
      269461  0.7763765    
      269462  0.7699641    
      269463  0.7636619    
      269464  0.7574521    
      269465  0.7513175    
      269466  0.7452443    
      269467  0.7392228    
      269468  0.7332481    
      269469  0.7273190    
      269470  0.7214367    
      269471  0.7156043    
      269472  0.7098271    
      269473  0.7041106    
      269474  0.6984596    
      269475  0.6928743    
      269476  0.6873450    
      269477  0.6818468    
      269478  0.6763301    
      269479  0.6707048    
      269480  0.6648287    
      269481  0.6585071    
      269482  0.6516016    
      269483  0.6441966    
      269484  0.6364719    
      269485  0.6285621    
      269486  0.6205428    
      269487  0.6124541    
      269488  0.6043180    
      269489  0.5961474    
      269490  0.5879505    
      269491  0.5797328    
      269492  0.5714989    
      269493  0.5632525    
      269494  0.5549964    
      269495  0.5467330    
      269496  0.5384639    
      269497  0.5301917    
      269498  0.5219176    
      269499  0.5136423    
      269500  0.5053661    
      269501  0.4970894    
      269502  0.4888122    
      269503  0.4805347    
      269504  0.4722568    
      269505  0.4639787    
      269506  0.4557004    
      269507  0.4474220    
      269508  0.4391433    
      269509  0.4308645    
      269510  0.4225855    
      269511  0.4143064    
      269512  0.4060271    
      269513  0.3977478    
      269514  0.3894683    
      269515  0.3811887    
      269516  0.3729090    
      269517  0.3646291    
      269518  0.3563492    
      269519  0.3480692    
      269520  0.3397891    
      269521  0.3315089    
      269522  0.3232286    
      269523  0.3149482    
      269524  0.3066677    
      269525  0.2983871    
      269526  0.2901065    
      269527  0.2818258    
      269528  0.2735450    
      269529  0.2652641    
      269530  0.2569832    
      269531  0.2487022    
      269532  0.2404211    
      269533  0.2321399    
      269534  0.2238588    
      269535  0.2155776    
      269536  0.2072963    
      269537  0.1990150    
      269538  0.1907337    
      269539  0.1824525    
      269540  0.1741712    
      269541  0.1658901    
      269542  0.1576092    
      269543  0.1493285    
      269544  0.1410481    
      269545  0.1327683    
      269546  0.1244893    
      269547  0.1162113    
      269548  0.1079347    
      269549  9.9659875E-02
      269550  9.1387466E-02
      269551  8.3118409E-02
      269552  7.4854165E-02
      269553  6.6597372E-02
      269554  5.8353044E-02
      269555  5.0131764E-02
      269556  4.1957177E-02
      269557  3.3884622E-02
      269558  2.6047930E-02
      269559  1.8774647E-02
      269560  1.2862684E-02
      269561  1.0157422E-02
      269562  1.2862682E-02
      269563  1.8774645E-02
      269564  2.6047925E-02
      269565  3.3884618E-02
      269566  4.1957177E-02
      269567  5.0131768E-02
      269568  5.8353044E-02
      269569  6.6597372E-02
      269570  7.4854173E-02
      269571  8.3118409E-02
      269572  9.1387480E-02
      269573  9.9659875E-02
      269574  0.1079347    
      269575  0.1162113    
      269576  0.1244893    
      269577  0.1327684    
      269578  0.1410481    
      269579  0.1493285    
      269580  0.1576092    
      269581  0.1658901    
