      275452   2.150105    
      275453   2.142497    
      275454   2.134842    
      275455   2.127164    
      275456   2.119475    
      275457   2.111785    
      275458   2.104099    
      275459   2.096423    
      275460   2.088761    
      275461   2.081116    
      275462   2.073491    
      275463   2.065890    
      275464   2.058317    
      275465   2.050773    
      275466   2.043264    
      275467   2.035792    
      275468   2.028364    
      275469   2.020983    
      275470   2.013654    
      275471   2.006382    
      275472   1.999166    
      275473   1.992011    
      275474   1.984917    
      275475   1.977888    
      275476   1.970928    
      275477   1.964039    
      275478   1.957227    
      275479   1.950495    
      275480   1.943844    
      275481   1.937278    
      275482   1.930794    
      275483   1.924384    
      275484   1.918023    
      275485   1.911664    
      275486   1.905211    
      275487   1.898502    
      275488   1.891346    
      275489   1.883734    
      275490   1.875833    
      275491   1.867784    
      275492   1.859666    
      275493   1.851517    
      275494   1.843356    
      275495   1.835189    
      275496   1.827020    
      275497   1.818851    
      275498   1.810683    
      275499   1.802515    
      275500   1.794348    
      275501   1.786182    
      275502   1.778018    
      275503   1.769855    
      275504   1.761693    
      275505   1.753534    
      275506   1.745376    
      275507   1.737221    
      275508   1.729067    
      275509   1.720917    
      275510   1.712769    
      275511   1.704624    
      275512   1.696483    
      275513   1.688345    
      275514   1.680212    
      275515   1.672083    
      275516   1.663959    
      275517   1.655841    
      275518   1.647728    
      275519   1.639622    
      275520   1.631523    
      275521   1.623432    
      275522   1.615350    
      275523   1.607277    
      275524   1.599215    
      275525   1.591165    
      275526   1.583128    
      275527   1.575106    
      275528   1.567101    
      275529   1.559114    
      275530   1.551148    
      275531   1.543205    
      275532   1.535288    
      275533   1.527400    
      275534   1.519546    
      275535   1.511728    
      275536   1.503952    
      275537   1.496221    
      275538   1.488539    
      275539   1.480910    
      275540   1.473337    
      275541   1.465823    
      275542   1.458368    
      275543   1.450974    
      275544   1.443642    
      275545   1.436373    
      275546   1.429169    
      275547   1.422036    
      275548   1.414977    
      275549   1.408000    
      275550   1.401117    
      275551   1.394336    
      275552   1.387673    
      275553   1.381139    
      275554   1.374744    
      275555   1.368493    
      275556   1.362383    
      275557   1.356401    
      275558   1.350528    
      275559   1.344737    
      275560   1.338991    
      275561   1.333242    
      275562   1.327424    
      275563   1.321446    
      275564   1.315194    
      275565   1.308552    
      275566   1.301487    
      275567   1.294065    
      275568   1.286390    
      275569   1.278551    
      275570   1.270606    
      275571   1.262590    
      275572   1.254522    
      275573   1.246416    
      275574   1.238281    
      275575   1.230124    
      275576   1.221952    
      275577   1.213770    
      275578   1.205581    
      275579   1.197388    
      275580   1.189192    
      275581   1.180995    
      275582   1.172798    
      275583   1.164601    
      275584   1.156405    
      275585   1.148211    
      275586   1.140018    
      275587   1.131828    
      275588   1.123639    
      275589   1.115454    
      275590   1.107272    
      275591   1.099093    
      275592   1.090918    
      275593   1.082747    
      275594   1.074582    
      275595   1.066422    
      275596   1.058268    
      275597   1.050122    
      275598   1.041983    
      275599   1.033854    
      275600   1.025735    
      275601   1.017629    
      275602   1.009536    
      275603   1.001459    
      275604  0.9934005    
      275605  0.9853638    
      275606  0.9773527    
      275607  0.9693717    
      275608  0.9614266    
      275609  0.9535244    
      275610  0.9456741    
      275611  0.9378866    
      275612  0.9301747    
      275613  0.9225529    
      275614  0.9150365    
      275615  0.9076402    
      275616  0.9003760    
      275617  0.8932534    
      275618  0.8862793    
      275619  0.8794559    
      275620  0.8727793    
      275621  0.8662409    
      275622  0.8598288    
      275623  0.8535269    
      275624  0.8473175    
      275625  0.8411834    
      275626  0.8351107    
      275627  0.8290898    
      275628  0.8231158    
      275629  0.8171878    
      275630  0.8113066    
      275631  0.8054758    
      275632  0.7997003    
      275633  0.7939861    
      275634  0.7883381    
      275635  0.7827569    
      275636  0.7772344    
      275637  0.7717482    
      275638  0.7662548    
      275639  0.7606770    
      275640  0.7548876    
      275641  0.7487075    
      275642  0.7419704    
      275643  0.7346997    
      275644  0.7270626    
      275645  0.7192090    
      275646  0.7112285    
      275647  0.7031693    
      275648  0.6950580    
      275649  0.6869094    
      275650  0.6787331    
      275651  0.6705354    
      275652  0.6623216    
      275653  0.6540954    
      275654  0.6458605    
      275655  0.6376189    
      275656  0.6293724    
      275657  0.6211220    
      275658  0.6128684    
      275659  0.6046122    
      275660  0.5963535    
      275661  0.5880924    
      275662  0.5798291    
      275663  0.5715635    
      275664  0.5632954    
      275665  0.5550247    
      275666  0.5467514    
      275667  0.5384760    
      275668  0.5301996    
      275669  0.5219229    
      275670  0.5136458    
      275671  0.5053684    
      275672  0.4970908    
      275673  0.4888131    
      275674  0.4805353    
      275675  0.4722572    
      275676  0.4639789    
      275677  0.4557006    
      275678  0.4474220    
      275679  0.4391433    
      275680  0.4308645    
      275681  0.4225855    
      275682  0.4143064    
      275683  0.4060271    
      275684  0.3977478    
      275685  0.3894683    
      275686  0.3811887    
      275687  0.3729090    
      275688  0.3646291    
      275689  0.3563492    
      275690  0.3480692    
      275691  0.3397891    
      275692  0.3315089    
      275693  0.3232286    
      275694  0.3149482    
      275695  0.3066677    
      275696  0.2983871    
      275697  0.2901065    
      275698  0.2818258    
      275699  0.2735450    
      275700  0.2652641    
      275701  0.2569832    
      275702  0.2487022    
      275703  0.2404211    
      275704  0.2321399    
      275705  0.2238588    
      275706  0.2155776    
      275707  0.2072963    
      275708  0.1990150    
      275709  0.1907337    
      275710  0.1824525    
      275711  0.1741712    
      275712  0.1658901    
      275713  0.1576092    
      275714  0.1493285    
      275715  0.1410481    
      275716  0.1327683    
      275717  0.1244893    
      275718  0.1162113    
      275719  0.1079347    
      275720  9.9659875E-02
      275721  9.1387466E-02
      275722  8.3118409E-02
      275723  7.4854165E-02
      275724  6.6597372E-02
      275725  5.8353044E-02
      275726  5.0131764E-02
      275727  4.1957177E-02
      275728  3.3884622E-02
      275729  2.6047930E-02
      275730  1.8774647E-02
      275731  1.2862684E-02
      275732  1.0157422E-02
      275733  1.2862682E-02
      275734  1.8774645E-02
      275735  2.6047925E-02
      275736  3.3884618E-02
      275737  4.1957177E-02
      275738  5.0131768E-02
      275739  5.8353044E-02
      275740  6.6597372E-02
      275741  7.4854173E-02
