       91561   1.287317    
       91562   1.279249    
       91563   1.271182    
       91564   1.263116    
       91565   1.255051    
       91566   1.246986    
       91567   1.238923    
       91568   1.230862    
       91569   1.222801    
       91570   1.214742    
       91571   1.206685    
       91572   1.198629    
       91573   1.190575    
       91574   1.182524    
       91575   1.174474    
       91576   1.166426    
       91577   1.158381    
       91578   1.150338    
       91579   1.142298    
       91580   1.134261    
       91581   1.126226    
       91582   1.118195    
       91583   1.110167    
       91584   1.102143    
       91585   1.094123    
       91586   1.086107    
       91587   1.078095    
       91588   1.070087    
       91589   1.062085    
       91590   1.054088    
       91591   1.046096    
       91592   1.038110    
       91593   1.030130    
       91594   1.022157    
       91595   1.014191    
       91596   1.006233    
       91597  0.9982826    
       91598  0.9903406    
       91599  0.9824078    
       91600  0.9744847    
       91601  0.9665719    
       91602  0.9586703    
       91603  0.9507806    
       91604  0.9429038    
       91605  0.9350406    
       91606  0.9271921    
       91607  0.9193597    
       91608  0.9115444    
       91609  0.9037476    
       91610  0.8959707    
       91611  0.8882153    
       91612  0.8804833    
       91613  0.8727764    
       91614  0.8650972    
       91615  0.8574479    
       91616  0.8498317    
       91617  0.8422519    
       91618  0.8347126    
       91619  0.8272184    
       91620  0.8197746    
       91621  0.8123858    
       91622  0.8050550    
       91623  0.7977827    
       91624  0.7905669    
       91625  0.7834053    
       91626  0.7762944    
       91627  0.7692306    
       91628  0.7622098    
       91629  0.7552269    
       91630  0.7482780    
       91631  0.7413608    
       91632  0.7344748    
       91633  0.7276218    
       91634  0.7208045    
       91635  0.7140267    
       91636  0.7072929    
       91637  0.7006078    
       91638  0.6939758    
       91639  0.6874009    
       91640  0.6808854    
       91641  0.6744286    
       91642  0.6680245    
       91643  0.6616580    
       91644  0.6552984    
       91645  0.6488897    
       91646  0.6423341    
       91647  0.6354828    
       91648  0.6281874    
       91649  0.6204684    
       91650  0.6124850    
       91651  0.6043622    
       91652  0.5961704    
       91653  0.5879452    
       91654  0.5797030    
       91655  0.5714519    
       91656  0.5631951    
       91657  0.5549340    
       91658  0.5466692    
       91659  0.5384009    
       91660  0.5301301    
       91661  0.5218580    
       91662  0.5135849    
       91663  0.5053111    
       91664  0.4970366    
       91665  0.4887615    
       91666  0.4804859    
       91667  0.4722096    
       91668  0.4639329    
       91669  0.4556556    
       91670  0.4473779    
       91671  0.4390997    
       91672  0.4308213    
       91673  0.4225426    
       91674  0.4142637    
       91675  0.4059845    
       91676  0.3977053    
       91677  0.3894259    
       91678  0.3811464    
       91679  0.3728667    
       91680  0.3645869    
       91681  0.3563070    
       91682  0.3480270    
       91683  0.3397469    
       91684  0.3314667    
       91685  0.3231865    
       91686  0.3149061    
       91687  0.3066257    
       91688  0.2983452    
       91689  0.2900646    
       91690  0.2817839    
       91691  0.2735032    
       91692  0.2652224    
       91693  0.2569415    
       91694  0.2486606    
       91695  0.2403796    
       91696  0.2320985    
       91697  0.2238175    
       91698  0.2155363    
       91699  0.2072552    
       91700  0.1989740    
       91701  0.1906928    
       91702  0.1824117    
       91703  0.1741306    
       91704  0.1658496    
       91705  0.1575688    
       91706  0.1492883    
       91707  0.1410081    
       91708  0.1327285    
       91709  0.1244497    
       91710  0.1161720    
       91711  0.1078957    
       91712  9.9621363E-02
       91713  9.1349617E-02
       91714  8.3081499E-02
       91715  7.4818589E-02
       91716  6.6563636E-02
       91717  5.8321752E-02
       91718  5.0103519E-02
       91719  4.1932523E-02
       91720  3.3864025E-02
       91721  2.6031690E-02
       91722  1.8762773E-02
       91723  1.2854598E-02
       91724  1.0151356E-02
       91725  1.2855656E-02
       91726  1.8765302E-02
       91727  2.6036158E-02
       91728  3.3870816E-02
       91729  4.1941844E-02
       91730  5.0115332E-02
       91731  5.8335833E-02
       91732  6.6579625E-02
       91733  7.4836046E-02
       91734  8.3100013E-02
       91735  9.1368891E-02
       91736  9.9641159E-02
       91737  0.1079159    
       91738  0.1161924    
       91739  0.1244704    
       91740  0.1327493    
       91741  0.1410291    
       91742  0.1493093    
       91743  0.1575899    
       91744  0.1658708    
       91745  0.1741519    
       91746  0.1824329    
       91747  0.1907140    
       91748  0.1989951    
       91749  0.2072761    
       91750  0.2155569    
       91751  0.2238373    
       91752  0.2321175    
       91753  0.2403970    
       91754  0.2486758    
       91755  0.2569534    
       91756  0.2652294    
       91757  0.2735031    
       91758  0.2817737    
       91759  0.2900407    
       91760  0.2983037    
       91761  0.3065627    
       91762  0.3148179    
       91763  0.3230697    
       91764  0.3313184    
       91765  0.3395638    
       91766  0.3478051    
       91767  0.3560393    
       91768  0.3642601    
       91769  0.3724532    
       91770  0.3805894    
       91771  0.3886108    
       91772  0.3964169    
       91773  0.4038737    
       91774  0.4109353    
       91775  0.4177085    
       91776  0.4243332    
       91777  0.4309085    
       91778  0.4374953    
       91779  0.4441295    
       91780  0.4508297    
       91781  0.4576027    
       91782  0.4644498    
       91783  0.4713697    
       91784  0.4783607    
       91785  0.4854214    
       91786  0.4925507    
       91787  0.4997483    
       91788  0.5070161    
       91789  0.5143562    
       91790  0.5217665    
       91791  0.5292393    
       91792  0.5367661    
       91793  0.5443413    
       91794  0.5519606    
       91795  0.5596207    
       91796  0.5673179    
       91797  0.5750492    
       91798  0.5828116    
       91799  0.5906023    
       91800  0.5984189    
       91801  0.6062589    
       91802  0.6141202    
       91803  0.6220012    
       91804  0.6298997    
       91805  0.6378145    
       91806  0.6457442    
       91807  0.6536875    
       91808  0.6616434    
       91809  0.6696109    
       91810  0.6775889    
       91811  0.6855768    
       91812  0.6935738    
       91813  0.7015792    
       91814  0.7095922    
       91815  0.7176123    
       91816  0.7256389    
       91817  0.7336715    
       91818  0.7417097    
       91819  0.7497530    
       91820  0.7578009    
       91821  0.7658530    
       91822  0.7739090    
       91823  0.7819685    
       91824  0.7900309    
       91825  0.7980955    
       91826  0.8061607    
       91827  0.8142239    
       91828  0.8222781    
       91829  0.8303084    
       91830  0.8382810    
       91831  0.8461249    
       91832  0.8537076    
       91833  0.8608595    
       91834  0.8675578    
       91835  0.8739734    
       91836  0.8802669    
       91837  0.8865333    
       91838  0.8928233    
       91839  0.8991590    
       91840  0.9055462    
       91841  0.9119871    
       91842  0.9184823    
       91843  0.9250312    
       91844  0.9316331    
       91845  0.9382877    
       91846  0.9449946    
       91847  0.9517538    
       91848  0.9585649    
       91849  0.9654277    
       91850  0.9723416    
       91851  0.9793061    
       91852  0.9863211    
       91853  0.9933868    
       91854   1.000504    
       91855   1.007674    
       91856   1.014896    
       91857   1.022170    
       91858   1.029492    
       91859   1.036853    
       91860   1.044249    
       91861   1.051673    
       91862   1.059120    
       91863   1.066584    
       91864   1.074055    
       91865   1.081520    
       91866   1.088964    
       91867   1.096361    
       91868   1.103675    
       91869   1.110855    
       91870   1.117824    
       91871   1.124482    
       91872   1.130731    
       91873   1.136560    
       91874   1.142059    
       91875   1.147359    
       91876   1.152578    
       91877   1.157809    
       91878   1.163118    
       91879   1.168546    
       91880   1.174109    
       91881   1.179818    
       91882   1.185674    
       91883   1.191669    
       91884   1.197794    
       91885   1.204039    
       91886   1.210397    
       91887   1.216860    
       91888   1.223421    
       91889   1.230072    
       91890   1.236809    
       91891   1.243629    
       91892   1.250528    
       91893   1.257504    
       91894   1.264556    
       91895   1.271683    
       91896   1.278885    
       91897   1.286166    
       91898   1.293529    
       91899   1.300973    
       91900   1.308493    
       91901   1.316079    
       91902   1.323723    
       91903   1.331419    
       91904   1.339164    
       91905   1.346954    
       91906   1.354783    
       91907   1.362648    
       91908   1.370545    
       91909   1.378470    
       91910   1.386421    
       91911   1.394394    
       91912   1.402386    
       91913   1.410397    
       91914   1.418424    
       91915   1.426464    
       91916   1.434518    
       91917   1.442583    
       91918   1.450659    
       91919   1.458744    
       91920   1.466837    
       91921   1.474938    
       91922   1.483046    
       91923   1.491159    
       91924   1.499279    
       91925   1.507403    
       91926   1.515531    
       91927   1.523662    
       91928   1.531796    
       91929   1.539930    
       91930   1.548064    
       91931   1.556195    
       91932   1.564320    
       91933   1.572434    
       91934   1.580531    
       91935   1.588599    
       91936   1.596625    
       91937   1.604588    
       91938   1.612459    
       91939   1.620204    
       91940   1.627782    
       91941   1.635149    
       91942   1.642263    
       91943   1.649111    
       91944   1.655717    
       91945   1.662142    
       91946   1.668453    
       91947   1.674699    
       91948   1.680911    
       91949   1.687104    
       91950   1.693289    
       91951   1.699468    
       91952   1.705645    
       91953   1.711823    
       91954   1.718010    
       91955   1.724211    
       91956   1.730438    
       91957   1.736705    
       91958   1.743025    
       91959   1.749410    
       91960   1.755866    
       91961   1.762401    
       91962   1.769018    
       91963   1.775718    
       91964   1.782500    
       91965   1.789363    
       91966   1.796304    
       91967   1.803319    
       91968   1.810404    
       91969   1.817556    
       91970   1.824775    
       91971   1.832063    
       91972   1.839419    
       91973   1.846845    
       91974   1.854338    
       91975   1.861895    
       91976   1.869509    
       91977   1.877175    
       91978   1.884890    
       91979   1.892651    
       91980   1.900454    
       91981   1.908295    
       91982   1.916172    
       91983   1.924079    
       91984   1.932015    
       91985   1.939976    
       91986   1.947959    
       91987   1.955962    
       91988   1.963983    
       91989   1.972020    
       91990   1.980071    
       91991   1.988135    
       91992   1.996210    
       91993   2.004295    
       91994   2.012390    
       91995   2.020494    
       91996   2.028605    
       91997   2.036723    
       91998   2.044848    
       91999   2.052978    
       92000   2.061112    
       92001   2.069249    
       92002   2.077383    
       92003   2.085504    
       92004   2.093581    
