       34441  0.5053685    
       34442  0.4970909    
       34443  0.4888132    
       34444  0.4805353    
       34445  0.4722572    
       34446  0.4639789    
       34447  0.4557006    
       34448  0.4474220    
       34449  0.4391433    
       34450  0.4308645    
       34451  0.4225855    
       34452  0.4143064    
       34453  0.4060271    
       34454  0.3977478    
       34455  0.3894683    
       34456  0.3811887    
       34457  0.3729090    
       34458  0.3646291    
       34459  0.3563492    
       34460  0.3480692    
       34461  0.3397891    
       34462  0.3315089    
       34463  0.3232286    
       34464  0.3149482    
       34465  0.3066677    
       34466  0.2983871    
       34467  0.2901065    
       34468  0.2818258    
       34469  0.2735450    
       34470  0.2652641    
       34471  0.2569832    
       34472  0.2487022    
       34473  0.2404211    
       34474  0.2321399    
       34475  0.2238588    
       34476  0.2155776    
       34477  0.2072963    
       34478  0.1990150    
       34479  0.1907337    
       34480  0.1824525    
       34481  0.1741712    
       34482  0.1658901    
       34483  0.1576092    
       34484  0.1493285    
       34485  0.1410481    
       34486  0.1327683    
       34487  0.1244893    
       34488  0.1162113    
       34489  0.1079347    
       34490  9.9659875E-02
       34491  9.1387466E-02
       34492  8.3118409E-02
       34493  7.4854165E-02
       34494  6.6597372E-02
       34495  5.8353044E-02
       34496  5.0131764E-02
       34497  4.1957177E-02
       34498  3.3884618E-02
       34499  2.6047925E-02
       34500  1.8774645E-02
       34501  1.2862683E-02
       34502  1.0157421E-02
       34503  1.2862680E-02
       34504  1.8774642E-02
       34505  2.6047919E-02
       34506  3.3884607E-02
       34507  4.1957155E-02
       34508  5.0131734E-02
       34509  5.8352992E-02
       34510  6.6597298E-02
       34511  7.4854054E-02
       34512  8.3118230E-02
       34513  9.1387212E-02
       34514  9.9659480E-02
       34515  0.1079341    
       34516  0.1162104    
       34517  0.1244880    
       34518  0.1327664    
       34519  0.1410454    
       34520  0.1493247    
       34521  0.1576042    
       34522  0.1658838    
       34523  0.1741633    
       34524  0.1824428    
       34525  0.1907221    
       34526  0.1990011    
       34527  0.2072798    
       34528  0.2155582    
       34529  0.2238361    
       34530  0.2321137    
       34531  0.2403908    
       34532  0.2486675    
       34533  0.2569440    
       34534  0.2652202    
       34535  0.2734962    
       34536  0.2817718    
       34537  0.2900472    
       34538  0.2983221    
       34539  0.3065962    
       34540  0.3148685    
       34541  0.3231372    
       34542  0.3313984    
       34543  0.3396438    
       34544  0.3478571    
       34545  0.3560063    
       34546  0.3640334    
       34547  0.3718378    
       34548  0.3792971    
       34549  0.3863709    
       34550  0.3931707    
       34551  0.3998345    
       34552  0.4064549    
       34553  0.4130868    
       34554  0.4197608    
       34555  0.4264933    
       34556  0.4332909    
       34557  0.4401563    
       34558  0.4470907    
       34559  0.4540944    
       34560  0.4611667    
       34561  0.4683073    
       34562  0.4755177    
       34563  0.4827997    
       34564  0.4901528    
       34565  0.4975706    
       34566  0.5050445    
       34567  0.5125679    
       34568  0.5201353    
       34569  0.5277426    
       34570  0.5353864    
       34571  0.5430636    
       34572  0.5507712    
       34573  0.5585066    
       34574  0.5662677    
       34575  0.5740523    
       34576  0.5818585    
       34577  0.5896847    
       34578  0.5975294    
       34579  0.6053910    
       34580  0.6132683    
       34581  0.6211601    
       34582  0.6290654    
       34583  0.6369832    
       34584  0.6449124    
       34585  0.6528524    
       34586  0.6608025    
       34587  0.6687619    
       34588  0.6767300    
       34589  0.6847062    
       34590  0.6926899    
       34591  0.7006805    
       34592  0.7086774    
       34593  0.7166800    
       34594  0.7246879    
       34595  0.7327002    
       34596  0.7407162    
       34597  0.7487352    
       34598  0.7567564    
       34599  0.7647790    
       34600  0.7728025    
       34601  0.7808259    
       34602  0.7888485    
       34603  0.7968691    
       34604  0.8048859    
       34605  0.8128954    
       34606  0.8208909    
       34607  0.8288582    
       34608  0.8367681    
       34609  0.8445638    
       34610  0.8521521    
       34611  0.8594530    
       34612  0.8665026    
       34613  0.8734179    
       34614  0.8802972    
       34615  0.8871996    
       34616  0.8941574    
       34617  0.9011855    
       34618  0.9082897    
       34619  0.9154730    
       34620  0.9227390    
       34621  0.9300872    
       34622  0.9375097    
       34623  0.9449942    
       34624  0.9525317    
       34625  0.9601161    
       34626  0.9677424    
       34627  0.9754066    
       34628  0.9831052    
       34629  0.9908351    
       34630  0.9985934    
       34631   1.006378    
       34632   1.014185    
       34633   1.022013    
       34634   1.029859    
       34635   1.037721    
       34636   1.045596    
       34637   1.053482    
       34638   1.061373    
       34639   1.069268    
       34640   1.077162    
       34641   1.085050    
       34642   1.092925    
       34643   1.100780    
       34644   1.108595    
       34645   1.116338    
       34646   1.123948    
       34647   1.131318    
       34648   1.138332    
       34649   1.144965    
       34650   1.151335    
       34651   1.157574    
       34652   1.163767    
       34653   1.169968    
       34654   1.176203    
       34655   1.182490    
       34656   1.188839    
       34657   1.195256    
       34658   1.201750    
       34659   1.208323    
       34660   1.214979    
       34661   1.221715    
       34662   1.228531    
       34663   1.235423    
       34664   1.242388    
       34665   1.249423    
       34666   1.256527    
       34667   1.263699    
       34668   1.270941    
       34669   1.278254    
       34670   1.285637    
       34671   1.293085    
       34672   1.300588    
       34673   1.308139    
       34674   1.315735    
       34675   1.323372    
       34676   1.331047    
       34677   1.338758    
       34678   1.346501    
       34679   1.354274    
       34680   1.362074    
       34681   1.369899    
       34682   1.377748    
       34683   1.385618    
       34684   1.393507    
       34685   1.401414    
       34686   1.409337    
       34687   1.417275    
       34688   1.425227    
       34689   1.433192    
       34690   1.441168    
       34691   1.449154    
       34692   1.457151    
       34693   1.465157    
       34694   1.473171    
       34695   1.481193    
       34696   1.489221    
       34697   1.497257    
       34698   1.505298    
       34699   1.513345    
       34700   1.521397    
       34701   1.529454    
       34702   1.537514    
       34703   1.545579    
       34704   1.553647    
       34705   1.561718    
       34706   1.569792    
       34707   1.577868    
       34708   1.585947    
       34709   1.594027    
       34710   1.602109    
       34711   1.610191    
       34712   1.618274    
       34713   1.626358    
       34714   1.634440    
       34715   1.642522    
       34716   1.650600    
       34717   1.658674    
       34718   1.666741    
       34719   1.674795    
       34720   1.682830    
       34721   1.690834    
       34722   1.698792    
       34723   1.706695    
       34724   1.714552    
       34725   1.722377    
       34726   1.730185    
       34727   1.737987    
       34728   1.745789    
       34729   1.753598    
       34730   1.761414    
       34731   1.769241    
       34732   1.777078    
       34733   1.784925    
       34734   1.792780    
       34735   1.800638    
       34736   1.808493    
       34737   1.816329    
       34738   1.824119    
       34739   1.831827    
       34740   1.839442    
       34741   1.846992    
       34742   1.854506    
       34743   1.862004    
       34744   1.869490    
       34745   1.876962    
       34746   1.884408    
       34747   1.891806    
       34748   1.899121    
       34749   1.906301    
       34750   1.913270    
       34751   1.919928    
       34752   1.926178    
       34753   1.932007    
       34754   1.937507    
       34755   1.942807    
       34756   1.948025    
       34757   1.953256    
       34758   1.958566    
       34759   1.963993    
       34760   1.969556    
       34761   1.975265    
       34762   1.981120    
       34763   1.987115    
       34764   1.993240    
       34765   1.999485    
       34766   2.005842    
       34767   2.012305    
       34768   2.018866    
       34769   2.025517    
       34770   2.032255    
       34771   2.039074    
       34772   2.045974    
       34773   2.052950    
       34774   2.060002    
       34775   2.067129    
       34776   2.074331    
       34777   2.081611    
       34778   2.088972    
       34779   2.096413    
       34780   2.103923    
       34781   2.111481    
       34782   2.119051    
