      161008   2.156334    
      161009   2.148255    
      161010   2.140177    
      161011   2.132101    
      161012   2.124025    
      161013   2.115952    
      161014   2.107880    
      161015   2.099810    
      161016   2.091742    
      161017   2.083676    
      161018   2.075613    
      161019   2.067552    
      161020   2.059493    
      161021   2.051437    
      161022   2.043384    
      161023   2.035334    
      161024   2.027287    
      161025   2.019243    
      161026   2.011204    
      161027   2.003167    
      161028   1.995136    
      161029   1.987108    
      161030   1.979085    
      161031   1.971067    
      161032   1.963054    
      161033   1.955047    
      161034   1.947045    
      161035   1.939050    
      161036   1.931062    
      161037   1.923081    
      161038   1.915107    
      161039   1.907141    
      161040   1.899185    
      161041   1.891237    
      161042   1.883300    
      161043   1.875373    
      161044   1.867458    
      161045   1.859554    
      161046   1.851664    
      161047   1.843788    
      161048   1.835927    
      161049   1.828083    
      161050   1.820257    
      161051   1.812450    
      161052   1.804663    
      161053   1.796899    
      161054   1.789159    
      161055   1.781444    
      161056   1.773758    
      161057   1.766101    
      161058   1.758476    
      161059   1.750886    
      161060   1.743331    
      161061   1.735814    
      161062   1.728338    
      161063   1.720904    
      161064   1.713517    
      161065   1.706179    
      161066   1.698891    
      161067   1.691651    
      161068   1.684460    
      161069   1.677315    
      161070   1.670217    
      161071   1.663165    
      161072   1.656159    
      161073   1.649199    
      161074   1.642287    
      161075   1.635424    
      161076   1.628612    
      161077   1.621853    
      161078   1.615150    
      161079   1.608505    
      161080   1.601917    
      161081   1.595386    
      161082   1.588908    
      161083   1.582480    
      161084   1.576093    
      161085   1.569741    
      161086   1.563410    
      161087   1.557076    
      161088   1.550689    
      161089   1.544164    
      161090   1.537367    
      161091   1.530163    
      161092   1.522574    
      161093   1.514743    
      161094   1.506789    
      161095   1.498775    
      161096   1.490734    
      161097   1.482680    
      161098   1.474620    
      161099   1.466556    
      161100   1.458491    
      161101   1.450424    
      161102   1.442358    
      161103   1.434292    
      161104   1.426228    
      161105   1.418164    
      161106   1.410103    
      161107   1.402044    
      161108   1.393987    
      161109   1.385934    
      161110   1.377884    
      161111   1.369837    
      161112   1.361796    
      161113   1.353758    
      161114   1.345726    
      161115   1.337700    
      161116   1.329679    
      161117   1.321666    
      161118   1.313658    
      161119   1.305659    
      161120   1.297667    
      161121   1.289684    
      161122   1.281710    
      161123   1.273746    
      161124   1.265793    
      161125   1.257851    
      161126   1.249921    
      161127   1.242005    
      161128   1.234104    
      161129   1.226218    
      161130   1.218350    
      161131   1.210500    
      161132   1.202671    
      161133   1.194864    
      161134   1.187081    
      161135   1.179326    
      161136   1.171599    
      161137   1.163905    
      161138   1.156247    
      161139   1.148629    
      161140   1.141056    
      161141   1.133533    
      161142   1.126066    
      161143   1.118662    
      161144   1.111325    
      161145   1.104054    
      161146   1.096847    
      161147   1.089703    
      161148   1.082611    
      161149   1.075552    
      161150   1.068494    
      161151   1.061374    
      161152   1.054102    
      161153   1.046596    
      161154   1.038865    
      161155   1.030991    
      161156   1.023041    
      161157   1.015053    
      161158   1.007048    
      161159  0.9990343    
      161160  0.9910181    
      161161  0.9830019    
      161162  0.9749872    
      161163  0.9669753    
      161164  0.9589670    
      161165  0.9509633    
      161166  0.9429651    
      161167  0.9349736    
      161168  0.9269899    
      161169  0.9190153    
      161170  0.9110514    
      161171  0.9030995    
      161172  0.8951612    
      161173  0.8872379    
      161174  0.8793315    
      161175  0.8714435    
      161176  0.8635760    
      161177  0.8557312    
      161178  0.8479117    
      161179  0.8401201    
      161180  0.8323596    
      161181  0.8246340    
      161182  0.8169476    
      161183  0.8093058    
      161184  0.8017151    
      161185  0.7941831    
      161186  0.7867186    
      161187  0.7793303    
      161188  0.7720240    
      161189  0.7648036    
      161190  0.7576722    
      161191  0.7506350    
      161192  0.7436979    
      161193  0.7368660    
      161194  0.7301433    
      161195  0.7235316    
      161196  0.7170296    
      161197  0.7106329    
      161198  0.7043364    
      161199  0.6981358    
      161200  0.6920234    
      161201  0.6859905    
      161202  0.6800287    
      161203  0.6741299    
      161204  0.6682836    
      161205  0.6624696    
      161206  0.6566446    
      161207  0.6507201    
      161208  0.6445506    
      161209  0.6379672    
      161210  0.6309402    
      161211  0.6236001    
      161212  0.6160823    
      161213  0.6084706    
      161214  0.6008098    
      161215  0.5931243    
      161216  0.5854282    
      161217  0.5777302    
      161218  0.5700365    
      161219  0.5623520    
      161220  0.5546807    
      161221  0.5470261    
      161222  0.5393912    
      161223  0.5317783    
      161224  0.5241889    
      161225  0.5166221    
      161226  0.5090749    
      161227  0.5015420    
      161228  0.4940121    
      161229  0.4864649    
      161230  0.4788665    
      161231  0.4711682    
      161232  0.4633169    
      161233  0.4553046    
      161234  0.4471844    
      161235  0.4389984    
      161236  0.4307735    
      161237  0.4225258    
      161238  0.4142649    
      161239  0.4059962    
      161240  0.3977230    
      161241  0.3894472    
      161242  0.3811697    
      161243  0.3728913    
      161244  0.3646123    
      161245  0.3563330    
      161246  0.3480533    
      161247  0.3397735    
      161248  0.3314936    
      161249  0.3232135    
      161250  0.3149334    
      161251  0.3066533    
      161252  0.2983732    
      161253  0.2900931    
      161254  0.2818129    
      161255  0.2735328    
      161256  0.2652527    
      161257  0.2569726    
      161258  0.2486925    
      161259  0.2404123    
      161260  0.2321320    
      161261  0.2238518    
      161262  0.2155714    
      161263  0.2072910    
      161264  0.1990105    
      161265  0.1907299    
      161266  0.1824493    
      161267  0.1741687    
      161268  0.1658880    
      161269  0.1576075    
      161270  0.1493271    
      161271  0.1410471    
      161272  0.1327676    
      161273  0.1244887    
      161274  0.1162109    
      161275  0.1079344    
      161276  9.9659629E-02
      161277  9.1387279E-02
      161278  8.3118260E-02
      161279  7.4854046E-02
      161280  6.6597261E-02
      161281  5.8352947E-02
      161282  5.0131686E-02
      161283  4.1957110E-02
      161284  3.3884563E-02
      161285  2.6047874E-02
      161286  1.8774601E-02
      161287  1.2862644E-02
      161288  1.0157377E-02
      161289  1.2862610E-02
      161290  1.8774515E-02
      161291  2.6047705E-02
      161292  3.3884261E-02
      161293  4.1956611E-02
      161294  5.0130893E-02
      161295  5.8351699E-02
      161296  6.6595323E-02
      161297  7.4851066E-02
      161298  8.3113700E-02
      161299  9.1380343E-02
      161300  9.9649079E-02
      161301  0.1079184    
      161302  0.1161866    
      161303  0.1244519    
      161304  0.1327119    
      161305  0.1409636    
      161306  0.1492034    
      161307  0.1574276    
      161308  0.1656324    
      161309  0.1738126    
      161310  0.1819615    
      161311  0.1900696    
      161312  0.1981239    
      161313  0.2061033    
      161314  0.2139709    
      161315  0.2216544    
      161316  0.2290312    
      161317  0.2359647    
      161318  0.2424167    
      161319  0.2485339    
      161320  0.2545078    
      161321  0.2604693    
      161322  0.2664922    
      161323  0.2726074    
      161324  0.2788237    
      161325  0.2851426    
      161326  0.2915613    
      161327  0.2980749    
      161328  0.3046778    
      161329  0.3113648    
      161330  0.3181320    
      161331  0.3249763    
      161332  0.3318958    
      161333  0.3388893    
      161334  0.3459557    
      161335  0.3530944    
      161336  0.3603066    
      161337  0.3675958    
      161338  0.3749658    
      161339  0.3824166    
      161340  0.3899418    
      161341  0.3975320    
      161342  0.4051796    
      161343  0.4128795    
      161344  0.4206275    
      161345  0.4284196    
      161346  0.4362515    
      161347  0.4441193    
      161348  0.4520191    
      161349  0.4599473    
      161350  0.4679009    
      161351  0.4758771    
      161352  0.4838735    
      161353  0.4918879    
      161354  0.4999185    
      161355  0.5079635    
      161356  0.5160216    
      161357  0.5240913    
      161358  0.5321715    
      161359  0.5402611    
      161360  0.5483593    
      161361  0.5564652    
      161362  0.5645781    
      161363  0.5726970    
      161364  0.5808214    
      161365  0.5889506    
      161366  0.5970839    
      161367  0.6052203    
      161368  0.6133590    
      161369  0.6214987    
      161370  0.6296378    
      161371  0.6377740    
      161372  0.6459042    
      161373  0.6540236    
      161374  0.6621256    
      161375  0.6702001    
      161376  0.6782325    
      161377  0.6862019    
      161378  0.6940805    
      161379  0.7018343    
      161380  0.7094229    
      161381  0.7168008    
      161382  0.7239270    
      161383  0.7307856    
      161384  0.7373998    
      161385  0.7438308    
      161386  0.7501450    
      161387  0.7563933    
      161388  0.7626069    
      161389  0.7688020    
      161390  0.7749871    
      161391  0.7811668    
      161392  0.7873443    
      161393  0.7935238    
      161394  0.7997104    
      161395  0.8059119    
      161396  0.8121392    
      161397  0.8184063    
      161398  0.8247271    
      161399  0.8311119    
      161400  0.8375689    
      161401  0.8441041    
      161402  0.8507212    
      161403  0.8574215    
      161404  0.8642039    
      161405  0.8710672    
      161406  0.8780082    
      161407  0.8850229    
      161408  0.8921073    
      161409  0.8992595    
      161410  0.9064791    
      161411  0.9137667    
      161412  0.9211235    
      161413  0.9285496    
      161414  0.9360434    
      161415  0.9436004    
      161416  0.9512148    
      161417  0.9588816    
      161418  0.9665972    
      161419  0.9743582    
      161420  0.9821613    
      161421  0.9900032    
      161422  0.9978800    
      161423   1.005788    
      161424   1.013724    
      161425   1.021685    
      161426   1.029669    
      161427   1.037672    
      161428   1.045693    
      161429   1.053730    
      161430   1.061781    
      161431   1.069845    
      161432   1.077920    
      161433   1.086006    
      161434   1.094101    
      161435   1.102205    
      161436   1.110316    
      161437   1.118434    
      161438   1.126559    
      161439   1.134689    
      161440   1.142825    
      161441   1.150966    
      161442   1.159111    
      161443   1.167260    
      161444   1.175413    
      161445   1.183569    
      161446   1.191729    
      161447   1.199891    
      161448   1.208056    
      161449   1.216223    
      161450   1.224393    
      161451   1.232564    
      161452   1.240738    
      161453   1.248913    
      161454   1.257090    
      161455   1.265268    
      161456   1.273447    
      161457   1.281628    
      161458   1.289809    
      161459   1.297992    
      161460   1.306176    
      161461   1.314360    
      161462   1.322546    
      161463   1.330732    
      161464   1.338918    
      161465   1.347106    
      161466   1.355293    
      161467   1.363481    
      161468   1.371670    
      161469   1.379858    
      161470   1.388048    
      161471   1.396237    
      161472   1.404427    
      161473   1.412617    
      161474   1.420807    
      161475   1.428998    
      161476   1.437188    
      161477   1.445379    
      161478   1.453570    
      161479   1.461760    
      161480   1.469951    
      161481   1.478142    
      161482   1.486333    
      161483   1.494524    
      161484   1.502716    
      161485   1.510907    
      161486   1.519098    
      161487   1.527289    
      161488   1.535480    
      161489   1.543672    
      161490   1.551863    
      161491   1.560054    
      161492   1.568246    
      161493   1.576437    
      161494   1.584628    
      161495   1.592820    
      161496   1.601011    
      161497   1.609202    
      161498   1.617393    
      161499   1.625585    
      161500   1.633776    
      161501   1.641967    
