      119561   1.658653    
      119562   1.650583    
      119563   1.642515    
      119564   1.634448    
      119565   1.626381    
      119566   1.618316    
      119567   1.610251    
      119568   1.602188    
      119569   1.594126    
      119570   1.586066    
      119571   1.578007    
      119572   1.569949    
      119573   1.561893    
      119574   1.553840    
      119575   1.545788    
      119576   1.537739    
      119577   1.529691    
      119578   1.521646    
      119579   1.513604    
      119580   1.505564    
      119581   1.497528    
      119582   1.489494    
      119583   1.481464    
      119584   1.473437    
      119585   1.465414    
      119586   1.457395    
      119587   1.449380    
      119588   1.441369    
      119589   1.433364    
      119590   1.425363    
      119591   1.417368    
      119592   1.409378    
      119593   1.401395    
      119594   1.393418    
      119595   1.385448    
      119596   1.377485    
      119597   1.369530    
      119598   1.361583    
      119599   1.353646    
      119600   1.345718    
      119601   1.337800    
      119602   1.329893    
      119603   1.321998    
      119604   1.314116    
      119605   1.306246    
      119606   1.298392    
      119607   1.290553    
      119608   1.282731    
      119609   1.274928    
      119610   1.267144    
      119611   1.259382    
      119612   1.251643    
      119613   1.243929    
      119614   1.236243    
      119615   1.228586    
      119616   1.220963    
      119617   1.213377    
      119618   1.205832    
      119619   1.198332    
      119620   1.190883    
      119621   1.183490    
      119622   1.176156    
      119623   1.168882    
      119624   1.161666    
      119625   1.154506    
      119626   1.147398    
      119627   1.140338    
      119628   1.133322    
      119629   1.126345    
      119630   1.119403    
      119631   1.112492    
      119632   1.105612    
      119633   1.098765    
      119634   1.091953    
      119635   1.085180    
      119636   1.078451    
      119637   1.071771    
      119638   1.065145    
      119639   1.058577    
      119640   1.052070    
      119641   1.045625    
      119642   1.039242    
      119643   1.032917    
      119644   1.026647    
      119645   1.020426    
      119646   1.014243    
      119647   1.008081    
      119648   1.001907    
      119649  0.9956620    
      119650  0.9892442    
      119651  0.9824988    
      119652  0.9752914    
      119653  0.9676833    
      119654  0.9598390    
      119655  0.9518781    
      119656  0.9438632    
      119657  0.9358236    
      119658  0.9277726    
      119659  0.9197164    
      119660  0.9116575    
      119661  0.9035975    
      119662  0.8955374    
      119663  0.8874776    
      119664  0.8794190    
      119665  0.8713619    
      119666  0.8633066    
      119667  0.8552537    
      119668  0.8472036    
      119669  0.8391567    
      119670  0.8311132    
      119671  0.8230737    
      119672  0.8150388    
      119673  0.8070087    
      119674  0.7989838    
      119675  0.7909647    
      119676  0.7829518    
      119677  0.7749455    
      119678  0.7669463    
      119679  0.7589547    
      119680  0.7509713    
      119681  0.7429966    
      119682  0.7350314    
      119683  0.7270763    
      119684  0.7191322    
      119685  0.7111997    
      119686  0.7032800    
      119687  0.6953738    
      119688  0.6874825    
      119689  0.6796072    
      119690  0.6717494    
      119691  0.6639105    
      119692  0.6560925    
      119693  0.6482970    
      119694  0.6405260    
      119695  0.6327820    
      119696  0.6250676    
      119697  0.6173857    
      119698  0.6097401    
      119699  0.6021347    
      119700  0.5945745    
      119701  0.5870652    
      119702  0.5796129    
      119703  0.5722233    
      119704  0.5648993    
      119705  0.5576408    
      119706  0.5504457    
      119707  0.5433089    
      119708  0.5362180    
      119709  0.5291494    
      119710  0.5220589    
      119711  0.5148724    
      119712  0.5074948    
      119713  0.4998701    
      119714  0.4920495    
      119715  0.4841164    
      119716  0.4761256    
      119717  0.4681067    
      119718  0.4600745    
      119719  0.4520363    
      119720  0.4439957    
      119721  0.4359543    
      119722  0.4279129    
      119723  0.4198714    
      119724  0.4118297    
      119725  0.4037870    
      119726  0.3957425    
      119727  0.3876942    
      119728  0.3796396    
      119729  0.3715748    
      119730  0.3634940    
      119731  0.3553893    
      119732  0.3472512    
      119733  0.3390738    
      119734  0.3308651    
      119735  0.3226379    
      119736  0.3143979    
      119737  0.3061485    
      119738  0.2978918    
      119739  0.2896296    
      119740  0.2813632    
      119741  0.2730936    
      119742  0.2648215    
      119743  0.2565477    
      119744  0.2482726    
      119745  0.2399964    
      119746  0.2317196    
      119747  0.2234423    
      119748  0.2151647    
      119749  0.2068869    
      119750  0.1986092    
      119751  0.1903316    
      119752  0.1820545    
      119753  0.1737778    
      119754  0.1655021    
      119755  0.1572276    
      119756  0.1489548    
      119757  0.1406843    
      119758  0.1324169    
      119759  0.1241532    
      119760  0.1158934    
      119761  0.1076377    
      119762  9.9385813E-02
      119763  9.1137782E-02
      119764  8.2893938E-02
      119765  7.4655280E-02
      119766  6.6423982E-02
      119767  5.8204778E-02
      119768  5.0007969E-02
      119769  4.1856855E-02
      119770  3.3806480E-02
      119771  2.5990291E-02
      119772  1.8735055E-02
      119773  1.2837265E-02
      119774  1.0139481E-02
      119775  1.2843071E-02
      119776  1.8749265E-02
      119777  2.6016168E-02
      119778  3.3847239E-02
      119779  4.1915350E-02
      119780  5.0086655E-02
      119781  5.8305588E-02
      119782  6.6548258E-02
      119783  7.4803911E-02
      119784  8.3067343E-02
      119785  9.1335833E-02
      119786  9.9607840E-02
      119787  0.1078824    
      119788  0.1161588    
      119789  0.1244366    
      119790  0.1327155    
      119791  0.1409951    
      119792  0.1492753    
      119793  0.1575559    
      119794  0.1658367    
      119795  0.1741177    
      119796  0.1823989    
      119797  0.1906801    
      119798  0.1989613    
      119799  0.2072425    
      119800  0.2155237    
      119801  0.2238048    
      119802  0.2320859    
      119803  0.2403670    
      119804  0.2486480    
      119805  0.2569289    
      119806  0.2652098    
      119807  0.2734906    
      119808  0.2817713    
      119809  0.2900519    
      119810  0.2983324    
      119811  0.3066127    
      119812  0.3148929    
      119813  0.3231729    
      119814  0.3314527    
      119815  0.3397324    
      119816  0.3480119    
      119817  0.3562911    
      119818  0.3645702    
      119819  0.3728491    
      119820  0.3811279    
      119821  0.3894065    
      119822  0.3976851    
      119823  0.4059634    
      119824  0.4142417    
      119825  0.4225198    
      119826  0.4307979    
      119827  0.4390759    
      119828  0.4473537    
      119829  0.4556312    
      119830  0.4639085    
      119831  0.4721852    
      119832  0.4804607    
      119833  0.4887340    
      119834  0.4970027    
      119835  0.5052622    
      119836  0.5135029    
      119837  0.5217057    
      119838  0.5298344    
      119839  0.5378203    
      119840  0.5455536    
      119841  0.5529385    
      119842  0.5600133    
      119843  0.5668969    
      119844  0.5736892    
      119845  0.5804545    
      119846  0.5872281    
      119847  0.5940312    
      119848  0.6008753    
      119849  0.6077647    
      119850  0.6147007    
      119851  0.6216840    
      119852  0.6287144    
      119853  0.6357926    
      119854  0.6429191    
      119855  0.6500950    
      119856  0.6573212    
      119857  0.6645966    
      119858  0.6719168    
      119859  0.6792755    
      119860  0.6866665    
      119861  0.6940848    
      119862  0.7015251    
      119863  0.7089807    
      119864  0.7164425    
      119865  0.7238984    
      119866  0.7313308    
      119867  0.7387145    
      119868  0.7460133    
      119869  0.7531745    
      119870  0.7601217    
      119871  0.7667536    
      119872  0.7729772    
      119873  0.7787845    
      119874  0.7842697    
      119875  0.7895607    
      119876  0.7947730    
      119877  0.7999988    
      119878  0.8053041    
      119879  0.8107288    
      119880  0.8162926    
      119881  0.8220031    
      119882  0.8278591    
      119883  0.8338548    
      119884  0.8399796    
      119885  0.8462242    
      119886  0.8525817    
      119887  0.8590447    
      119888  0.8656052    
      119889  0.8722566    
      119890  0.8789939    
      119891  0.8858132    
      119892  0.8927122    
      119893  0.8996882    
      119894  0.9067401    
      119895  0.9138671    
      119896  0.9210696    
      119897  0.9283503    
      119898  0.9357128    
      119899  0.9431570    
      119900  0.9506769    
      119901  0.9582629    
      119902  0.9659068    
      119903  0.9736034    
      119904  0.9813485    
      119905  0.9891376    
      119906  0.9969668    
      119907   1.004832    
      119908   1.012729    
      119909   1.020654    
      119910   1.028605    
      119911   1.036577    
      119912   1.044570    
      119913   1.052581    
      119914   1.060607    
      119915   1.068648    
      119916   1.076702    
      119917   1.084767    
      119918   1.092842    
      119919   1.100927    
      119920   1.109021    
      119921   1.117122    
      119922   1.125229    
      119923   1.133343    
      119924   1.141462    
      119925   1.149586    
      119926   1.157714    
      119927   1.165846    
      119928   1.173979    
      119929   1.182114    
      119930   1.190248    
      119931   1.198378    
      119932   1.206503    
      119933   1.214617    
      119934   1.222714    
      119935   1.230783    
      119936   1.238809    
      119937   1.246771    
      119938   1.254642    
      119939   1.262387    
      119940   1.269966    
      119941   1.277333    
      119942   1.284447    
      119943   1.291295    
      119944   1.297901    
      119945   1.304326    
      119946   1.310637    
      119947   1.316882    
      119948   1.323094    
      119949   1.329288    
      119950   1.335472    
      119951   1.341651    
      119952   1.347828    
      119953   1.354007    
      119954   1.360193    
      119955   1.366394    
      119956   1.372621    
      119957   1.378888    
      119958   1.385209    
      119959   1.391593    
      119960   1.398050    
      119961   1.404585    
      119962   1.411202    
      119963   1.417902    
      119964   1.424684    
      119965   1.431547    
      119966   1.438488    
      119967   1.445503    
      119968   1.452587    
      119969   1.459739    
      119970   1.466959    
      119971   1.474247    
      119972   1.481603    
      119973   1.489029    
      119974   1.496522    
      119975   1.504079    
      119976   1.511693    
      119977   1.519359    
      119978   1.527074    
      119979   1.534835    
      119980   1.542637    
      119981   1.550479    
      119982   1.558355    
      119983   1.566263    
      119984   1.574199    
      119985   1.582160    
      119986   1.590143    
      119987   1.598146    
      119988   1.606167    
      119989   1.614203    
      119990   1.622254    
      119991   1.630318    
      119992   1.638393    
      119993   1.646479    
      119994   1.654574    
      119995   1.662677    
      119996   1.670789    
      119997   1.678907    
      119998   1.687032    
      119999   1.695162    
      120000   1.703298    
      120001   1.711439    
      120002   1.719584    
      120003   1.727733    
      120004   1.735886    
      120005   1.744042    
      120006   1.752201    
      120007   1.760364    
      120008   1.768528    
      120009   1.776695    
      120010   1.784865    
      120011   1.793037    
      120012   1.801210    
      120013   1.809385    
      120014   1.817562    
      120015   1.825740    
      120016   1.833920    
      120017   1.842100    
      120018   1.850282    
      120019   1.858465    
      120020   1.866648    
      120021   1.874833    
      120022   1.883018    
      120023   1.891204    
      120024   1.899390    
      120025   1.907577    
      120026   1.915765    
      120027   1.923953    
      120028   1.932141    
      120029   1.940330    
      120030   1.948519    
      120031   1.956709    
      120032   1.964899    
      120033   1.973089    
      120034   1.981279    
      120035   1.989469    
      120036   1.997659    
      120037   2.005850    
      120038   2.014041    
      120039   2.022232    
      120040   2.030423    
      120041   2.038614    
      120042   2.046805    
      120043   2.054996    
      120044   2.063187    
      120045   2.071378    
      120046   2.079569    
      120047   2.087760    
      120048   2.095951    
      120049   2.104142    
      120050   2.112332    
      120051   2.120519    
      120052   2.128700    
      120053   2.136862    
      120054   2.144977    
