       42281  0.6211307    
       42282  0.6128740    
       42283  0.6046157    
       42284  0.5963556    
       42285  0.5880936    
       42286  0.5798297    
       42287  0.5715636    
       42288  0.5632951    
       42289  0.5550243    
       42290  0.5467508    
       42291  0.5384755    
       42292  0.5301991    
       42293  0.5219222    
       42294  0.5136451    
       42295  0.5053678    
       42296  0.4970902    
       42297  0.4888124    
       42298  0.4805346    
       42299  0.4722564    
       42300  0.4639782    
       42301  0.4556998    
       42302  0.4474213    
       42303  0.4391426    
       42304  0.4308637    
       42305  0.4225848    
       42306  0.4143057    
       42307  0.4060264    
       42308  0.3977470    
       42309  0.3894676    
       42310  0.3811880    
       42311  0.3729083    
       42312  0.3646284    
       42313  0.3563485    
       42314  0.3480685    
       42315  0.3397883    
       42316  0.3315081    
       42317  0.3232278    
       42318  0.3149474    
       42319  0.3066669    
       42320  0.2983864    
       42321  0.2901057    
       42322  0.2818250    
       42323  0.2735442    
       42324  0.2652633    
       42325  0.2569824    
       42326  0.2487014    
       42327  0.2404204    
       42328  0.2321392    
       42329  0.2238581    
       42330  0.2155768    
       42331  0.2072956    
       42332  0.1990143    
       42333  0.1907330    
       42334  0.1824517    
       42335  0.1741705    
       42336  0.1658894    
       42337  0.1576084    
       42338  0.1493277    
       42339  0.1410474    
       42340  0.1327676    
       42341  0.1244886    
       42342  0.1162106    
       42343  0.1079340    
       42344  9.9659204E-02
       42345  9.1386795E-02
       42346  8.3117738E-02
       42347  7.4853510E-02
       42348  6.6596724E-02
       42349  5.8352411E-02
       42350  5.0131157E-02
       42351  4.1956596E-02
       42352  3.3884078E-02
       42353  2.6047442E-02
       42354  1.8774226E-02
       42355  1.2862314E-02
       42356  1.0157014E-02
       42357  1.2862010E-02
       42358  1.8773489E-02
       42359  2.6046094E-02
       42360  3.3881947E-02
       42361  4.1953519E-02
       42362  5.0126977E-02
       42363  5.8346983E-02
       42364  6.6589870E-02
       42365  7.4845031E-02
       42366  8.3107404E-02
       42367  9.1374323E-02
       42368  9.9644259E-02
       42369  0.1079163    
       42370  0.1161898    
       42371  0.1244643    
       42372  0.1327395    
       42373  0.1410152    
       42374  0.1492913    
       42375  0.1575676    
       42376  0.1658440    
       42377  0.1741205    
       42378  0.1823971    
       42379  0.1906738    
       42380  0.1989507    
       42381  0.2072277    
       42382  0.2155050    
       42383  0.2237824    
       42384  0.2320601    
       42385  0.2403380    
       42386  0.2486160    
       42387  0.2568939    
       42388  0.2651717    
       42389  0.2734489    
       42390  0.2817248    
       42391  0.2899981    
       42392  0.2982668    
       42393  0.3065270    
       42394  0.3147723    
       42395  0.3229910    
       42396  0.3311638    
       42397  0.3392584    
       42398  0.3472258    
       42399  0.3550024    
       42400  0.3625846    
       42401  0.3700374    
       42402  0.3774303    
       42403  0.3848162    
       42404  0.3922266    
       42405  0.3996745    
       42406  0.4071634    
       42407  0.4146947    
       42408  0.4222670    
       42409  0.4298779    
       42410  0.4375246    
       42411  0.4452040    
       42412  0.4529135    
       42413  0.4606507    
       42414  0.4684133    
       42415  0.4761992    
       42416  0.4840067    
       42417  0.4918341    
       42418  0.4996798    
       42419  0.5075424    
       42420  0.5154207    
       42421  0.5233134    
       42422  0.5312194    
       42423  0.5391377    
       42424  0.5470676    
       42425  0.5550084    
       42426  0.5629590    
       42427  0.5709190    
       42428  0.5788876    
       42429  0.5868643    
       42430  0.5948485    
       42431  0.6028395    
       42432  0.6108369    
       42433  0.6188401    
       42434  0.6268484    
       42435  0.6348611    
       42436  0.6428775    
       42437  0.6508968    
       42438  0.6589184    
       42439  0.6669415    
       42440  0.6749654    
       42441  0.6829894    
       42442  0.6910125    
       42443  0.6990336    
       42444  0.7070509    
       42445  0.7150612    
       42446  0.7230578    
       42447  0.7310270    
       42448  0.7389403    
       42449  0.7467422    
       42450  0.7543409    
       42451  0.7616541    
       42452  0.7687134    
       42453  0.7756345    
       42454  0.7825173    
       42455  0.7894213    
       42456  0.7963796    
       42457  0.8034077    
       42458  0.8105125    
       42459  0.8176973    
       42460  0.8249646    
       42461  0.8323138    
       42462  0.8397369    
       42463  0.8472219    
       42464  0.8547597    
       42465  0.8623441    
       42466  0.8699705    
       42467  0.8776348    
       42468  0.8853335    
       42469  0.8930635    
       42470  0.9008221    
       42471  0.9086062    
       42472  0.9164135    
       42473  0.9242415    
       42474  0.9320879    
       42475  0.9399500    
       42476  0.9478253    
       42477  0.9557105    
       42478  0.9636024    
       42479  0.9714972    
       42480  0.9793909    
       42481  0.9872787    
       42482  0.9951546    
       42483   1.003009    
       42484   1.010824    
       42485   1.018567    
       42486   1.026177    
       42487   1.033548    
       42488   1.040562    
       42489   1.047195    
       42490   1.053565    
       42491   1.059803    
       42492   1.065997    
       42493   1.072197    
       42494   1.078433    
       42495   1.084720    
       42496   1.091069    
       42497   1.097486    
       42498   1.103980    
       42499   1.110553    
       42500   1.117209    
       42501   1.123945    
       42502   1.130761    
       42503   1.137653    
       42504   1.144618    
       42505   1.151653    
       42506   1.158756    
       42507   1.165929    
       42508   1.173171    
       42509   1.180484    
       42510   1.187867    
       42511   1.195315    
       42512   1.202818    
       42513   1.210370    
       42514   1.217966    
       42515   1.225603    
       42516   1.233278    
       42517   1.240988    
       42518   1.248731    
       42519   1.256504    
       42520   1.264304    
       42521   1.272130    
       42522   1.279978    
       42523   1.287848    
       42524   1.295738    
       42525   1.303644    
       42526   1.311568    
       42527   1.319506    
       42528   1.327458    
       42529   1.335422    
       42530   1.343398    
       42531   1.351385    
       42532   1.359382    
       42533   1.367387    
       42534   1.375401    
       42535   1.383423    
       42536   1.391452    
       42537   1.399487    
       42538   1.407529    
       42539   1.415576    
       42540   1.423628    
       42541   1.431684    
       42542   1.439745    
       42543   1.447809    
       42544   1.455877    
       42545   1.463948    
       42546   1.472023    
       42547   1.480099    
       42548   1.488177    
       42549   1.496258    
       42550   1.504339    
       42551   1.512422    
       42552   1.520505    
       42553   1.528588    
       42554   1.536671    
       42555   1.544752    
       42556   1.552830    
       42557   1.560904    
       42558   1.568971    
       42559   1.577025    
       42560   1.585059    
       42561   1.593059    
       42562   1.601010    
       42563   1.608896    
       42564   1.616714    
       42565   1.624450    
       42566   1.632069    
       42567   1.639509    
       42568   1.646741    
       42569   1.653824    
       42570   1.660842    
       42571   1.667851    
       42572   1.674883    
       42573   1.681955    
       42574   1.689074    
       42575   1.696244    
       42576   1.703467    
       42577   1.710741    
       42578   1.718062    
       42579   1.725424    
       42580   1.732819    
       42581   1.740243    
       42582   1.747691    
       42583   1.755154    
       42584   1.762625    
       42585   1.770091    
       42586   1.777534    
       42587   1.784931    
       42588   1.792246    
       42589   1.799426    
       42590   1.806395    
       42591   1.813053    
       42592   1.819303    
       42593   1.825132    
       42594   1.830631    
       42595   1.835931    
       42596   1.841150    
       42597   1.846380    
       42598   1.851690    
       42599   1.857117    
       42600   1.862681    
       42601   1.868390    
       42602   1.874245    
       42603   1.880240    
       42604   1.886365    
       42605   1.892610    
       42606   1.898968    
       42607   1.905431    
       42608   1.911991    
       42609   1.918643    
       42610   1.925380    
       42611   1.932200    
       42612   1.939099    
       42613   1.946075    
       42614   1.953127    
       42615   1.960254    
       42616   1.967456    
       42617   1.974737    
       42618   1.982100    
       42619   1.989544    
       42620   1.997064    
       42621   2.004650    
       42622   2.012294    
       42623   2.019990    
       42624   2.027735    
       42625   2.035524    
       42626   2.043354    
       42627   2.051219    
       42628   2.059116    
       42629   2.067041    
       42630   2.074991    
       42631   2.082963    
       42632   2.090955    
       42633   2.098962    
       42634   2.106978    
       42635   2.114990    
       42636   2.122968    
