      122361   1.690746    
      122362   1.682677    
      122363   1.674608    
      122364   1.666541    
      122365   1.658474    
      122366   1.650409    
      122367   1.642344    
      122368   1.634281    
      122369   1.626219    
      122370   1.618159    
      122371   1.610100    
      122372   1.602042    
      122373   1.593987    
      122374   1.585933    
      122375   1.577881    
      122376   1.569832    
      122377   1.561784    
      122378   1.553739    
      122379   1.545697    
      122380   1.537657    
      122381   1.529621    
      122382   1.521587    
      122383   1.513557    
      122384   1.505530    
      122385   1.497507    
      122386   1.489488    
      122387   1.481473    
      122388   1.473463    
      122389   1.465457    
      122390   1.457456    
      122391   1.449461    
      122392   1.441472    
      122393   1.433488    
      122394   1.425511    
      122395   1.417541    
      122396   1.409578    
      122397   1.401623    
      122398   1.393677    
      122399   1.385739    
      122400   1.377811    
      122401   1.369894    
      122402   1.361987    
      122403   1.354091    
      122404   1.346209    
      122405   1.338340    
      122406   1.330485    
      122407   1.322646    
      122408   1.314825    
      122409   1.307021    
      122410   1.299238    
      122411   1.291476    
      122412   1.283736    
      122413   1.276023    
      122414   1.268336    
      122415   1.260680    
      122416   1.253057    
      122417   1.245471    
      122418   1.237925    
      122419   1.230425    
      122420   1.222976    
      122421   1.215583    
      122422   1.208250    
      122423   1.200976    
      122424   1.193760    
      122425   1.186600    
      122426   1.179491    
      122427   1.172432    
      122428   1.165416    
      122429   1.158439    
      122430   1.151497    
      122431   1.144586    
      122432   1.137706    
      122433   1.130859    
      122434   1.124047    
      122435   1.117274    
      122436   1.110545    
      122437   1.103865    
      122438   1.097239    
      122439   1.090671    
      122440   1.084164    
      122441   1.077719    
      122442   1.071336    
      122443   1.065011    
      122444   1.058741    
      122445   1.052520    
      122446   1.046337    
      122447   1.040175    
      122448   1.034001    
      122449   1.027756    
      122450   1.021338    
      122451   1.014593    
      122452   1.007386    
      122453  0.9997781    
      122454  0.9919339    
      122455  0.9839731    
      122456  0.9759582    
      122457  0.9679188    
      122458  0.9598680    
      122459  0.9518117    
      122460  0.9437529    
      122461  0.9356929    
      122462  0.9276328    
      122463  0.9195732    
      122464  0.9115146    
      122465  0.9034575    
      122466  0.8954023    
      122467  0.8873494    
      122468  0.8792993    
      122469  0.8712524    
      122470  0.8632091    
      122471  0.8551698    
      122472  0.8471348    
      122473  0.8391049    
      122474  0.8310801    
      122475  0.8230610    
      122476  0.8150482    
      122477  0.8070420    
      122478  0.7990429    
      122479  0.7910514    
      122480  0.7830679    
      122481  0.7750934    
      122482  0.7671283    
      122483  0.7591733    
      122484  0.7512293    
      122485  0.7432970    
      122486  0.7353773    
      122487  0.7274714    
      122488  0.7195802    
      122489  0.7117051    
      122490  0.7038474    
      122491  0.6960088    
      122492  0.6881909    
      122493  0.6803955    
      122494  0.6726248    
      122495  0.6648811    
      122496  0.6571670    
      122497  0.6494853    
      122498  0.6418399    
      122499  0.6342349    
      122500  0.6266752    
      122501  0.6191664    
      122502  0.6117147    
      122503  0.6043257    
      122504  0.5970026    
      122505  0.5897454    
      122506  0.5825522    
      122507  0.5754188    
      122508  0.5683348    
      122509  0.5612782    
      122510  0.5542092    
      122511  0.5470594    
      122512  0.5397339    
      122513  0.5321615    
      122514  0.5243782    
      122515  0.5164691    
      122516  0.5084950    
      122517  0.5004894    
      122518  0.4924690    
      122519  0.4844422    
      122520  0.4764133    
      122521  0.4683846    
      122522  0.4603574    
      122523  0.4523329    
      122524  0.4443118    
      122525  0.4362949    
      122526  0.4282832    
      122527  0.4202775    
      122528  0.4122790    
      122529  0.4042889    
      122530  0.3963087    
      122531  0.3883396    
      122532  0.3803830    
      122533  0.3724402    
      122534  0.3645128    
      122535  0.3566023    
      122536  0.3487102    
      122537  0.3408386    
      122538  0.3329895    
      122539  0.3251650    
      122540  0.3173668    
      122541  0.3095959    
      122542  0.3018518    
      122543  0.2941328    
      122544  0.2864346    
      122545  0.2787481    
      122546  0.2710557    
      122547  0.2633287    
      122548  0.2555256    
      122549  0.2476015    
      122550  0.2395525    
      122551  0.2314193    
      122552  0.2232320    
      122553  0.2150108    
      122554  0.2067691    
      122555  0.1985154    
      122556  0.1902554    
      122557  0.1819927    
      122558  0.1737300    
      122559  0.1654690    
      122560  0.1572106    
      122561  0.1489551    
      122562  0.1407021    
      122563  0.1324512    
      122564  0.1242018    
      122565  0.1159534    
      122566  0.1077057    
      122567  9.9459022E-02
      122568  9.1213651E-02
      122569  8.2970411E-02
      122570  7.4730575E-02
      122571  6.6496454E-02
      122572  5.8272697E-02
      122573  5.0069548E-02
      122574  4.1910477E-02
      122575  3.3850923E-02
      122576  2.6024885E-02
      122577  1.8759981E-02
      122578  1.2854045E-02
      122579  1.0152020E-02
      122580  1.2857646E-02
      122581  1.8768817E-02
      122582  2.6041124E-02
      122583  3.3876985E-02
      122584  4.1948907E-02
      122585  5.0123040E-02
      122586  5.8343992E-02
      122587  6.6588089E-02
      122588  7.4844718E-02
      122589  8.3108842E-02
      122590  9.1377839E-02
      122591  9.9650182E-02
      122592  0.1079250    
      122593  0.1162015    
      122594  0.1244795    
      122595  0.1327585    
      122596  0.1410383    
      122597  0.1493186    
      122598  0.1575992    
      122599  0.1658802    
      122600  0.1741613    
      122601  0.1824425    
      122602  0.1907237    
      122603  0.1990050    
      122604  0.2072862    
      122605  0.2155675    
      122606  0.2238486    
      122607  0.2321298    
      122608  0.2404108    
      122609  0.2486918    
      122610  0.2569726    
      122611  0.2652533    
      122612  0.2735339    
      122613  0.2818144    
      122614  0.2900946    
      122615  0.2983747    
      122616  0.3066546    
      122617  0.3149344    
      122618  0.3232139    
      122619  0.3314934    
      122620  0.3397727    
      122621  0.3480519    
      122622  0.3563310    
      122623  0.3646100    
      122624  0.3728889    
      122625  0.3811677    
      122626  0.3894465    
      122627  0.3977252    
      122628  0.4060038    
      122629  0.4142823    
      122630  0.4225606    
      122631  0.4308387    
      122632  0.4391163    
      122633  0.4473931    
      122634  0.4556683    
      122635  0.4639404    
      122636  0.4722062    
      122637  0.4804597    
      122638  0.4886886    
      122639  0.4968696    
      122640  0.5049584    
      122641  0.5128791    
      122642  0.5205225    
      122643  0.5278373    
      122644  0.5349020    
      122645  0.5418244    
      122646  0.5486860    
      122647  0.5555353    
      122648  0.5624006    
      122649  0.5692989    
      122650  0.5762388    
      122651  0.5832230    
      122652  0.5902524    
      122653  0.5973281    
      122654  0.6044514    
      122655  0.6116237    
      122656  0.6188463    
      122657  0.6261183    
      122658  0.6334356    
      122659  0.6407918    
      122660  0.6481807    
      122661  0.6555973    
      122662  0.6630361    
      122663  0.6704904    
      122664  0.6779513    
      122665  0.6854064    
      122666  0.6928381    
      122667  0.7002212    
      122668  0.7075197    
      122669  0.7146806    
      122670  0.7216274    
      122671  0.7282591    
      122672  0.7344826    
      122673  0.7402897    
      122674  0.7457749    
      122675  0.7510659    
      122676  0.7562783    
      122677  0.7615041    
      122678  0.7668094    
      122679  0.7722342    
      122680  0.7777983    
      122681  0.7835088    
      122682  0.7893649    
      122683  0.7953606    
      122684  0.8014853    
      122685  0.8077299    
      122686  0.8140875    
      122687  0.8205504    
      122688  0.8271109    
      122689  0.8337623    
      122690  0.8404996    
      122691  0.8473191    
      122692  0.8542181    
      122693  0.8611940    
      122694  0.8682458    
      122695  0.8753728    
      122696  0.8825754    
      122697  0.8898561    
      122698  0.8972187    
      122699  0.9046630    
      122700  0.9121829    
      122701  0.9197688    
      122702  0.9274128    
      122703  0.9351095    
      122704  0.9428546    
      122705  0.9506438    
      122706  0.9584730    
      122707  0.9663380    
      122708  0.9742349    
      122709  0.9821602    
      122710  0.9901106    
      122711  0.9980835    
      122712   1.006076    
      122713   1.014087    
      122714   1.022114    
      122715   1.030154    
      122716   1.038208    
      122717   1.046273    
      122718   1.054349    
      122719   1.062434    
      122720   1.070527    
      122721   1.078628    
      122722   1.086736    
      122723   1.094849    
      122724   1.102969    
      122725   1.111093    
      122726   1.119221    
      122727   1.127352    
      122728   1.135485    
      122729   1.143620    
      122730   1.151754    
      122731   1.159885    
      122732   1.168009    
      122733   1.176123    
      122734   1.184220    
      122735   1.192289    
      122736   1.200315    
      122737   1.208277    
      122738   1.216148    
      122739   1.223894    
      122740   1.231472    
      122741   1.238839    
      122742   1.245954    
      122743   1.252801    
      122744   1.259407    
      122745   1.265832    
      122746   1.272143    
      122747   1.278388    
      122748   1.284600    
      122749   1.290794    
      122750   1.296978    
      122751   1.303157    
      122752   1.309334    
      122753   1.315512    
      122754   1.321699    
      122755   1.327900    
      122756   1.334127    
      122757   1.340394    
      122758   1.346714    
      122759   1.353099    
      122760   1.359555    
      122761   1.366090    
      122762   1.372707    
      122763   1.379407    
      122764   1.386190    
      122765   1.393053    
      122766   1.399994    
      122767   1.407008    
      122768   1.414093    
      122769   1.421245    
      122770   1.428464    
      122771   1.435752    
      122772   1.443108    
      122773   1.450534    
      122774   1.458028    
      122775   1.465584    
      122776   1.473198    
      122777   1.480865    
      122778   1.488580    
      122779   1.496340    
      122780   1.504143    
      122781   1.511984    
      122782   1.519861    
      122783   1.527769    
      122784   1.535704    
      122785   1.543665    
      122786   1.551648    
      122787   1.559652    
      122788   1.567672    
      122789   1.575709    
      122790   1.583760    
      122791   1.591824    
      122792   1.599899    
      122793   1.607985    
      122794   1.616080    
      122795   1.624183    
      122796   1.632294    
      122797   1.640412    
      122798   1.648537    
      122799   1.656668    
      122800   1.664804    
      122801   1.672944    
      122802   1.681089    
      122803   1.689238    
      122804   1.697391    
      122805   1.705547    
      122806   1.713707    
      122807   1.721869    
      122808   1.730034    
      122809   1.738201    
      122810   1.746371    
      122811   1.754542    
      122812   1.762716    
      122813   1.770891    
      122814   1.779067    
      122815   1.787245    
      122816   1.795425    
      122817   1.803606    
      122818   1.811788    
      122819   1.819970    
      122820   1.828154    
      122821   1.836339    
      122822   1.844524    
      122823   1.852710    
      122824   1.860896    
      122825   1.869083    
      122826   1.877271    
      122827   1.885459    
      122828   1.893647    
      122829   1.901836    
      122830   1.910025    
      122831   1.918215    
      122832   1.926404    
      122833   1.934594    
      122834   1.942784    
      122835   1.950975    
      122836   1.959165    
      122837   1.967356    
      122838   1.975547    
      122839   1.983737    
      122840   1.991928    
      122841   2.000119    
      122842   2.008310    
      122843   2.016501    
      122844   2.024693    
      122845   2.032884    
      122846   2.041075    
      122847   2.049266    
      122848   2.057457    
      122849   2.065649    
      122850   2.073840    
      122851   2.082031    
      122852   2.090222    
      122853   2.098413    
      122854   2.106604    
      122855   2.114794    
      122856   2.122981    
      122857   2.131162    
      122858   2.139325    
      122859   2.147439    
