      205327   2.121931    
      205328   2.115544    
      205329   2.109019    
      205330   2.102221    
      205331   2.095018    
      205332   2.087429    
      205333   2.079598    
      205334   2.071643    
      205335   2.063630    
      205336   2.055589    
      205337   2.047535    
      205338   2.039474    
      205339   2.031411    
      205340   2.023345    
      205341   2.015279    
      205342   2.007213    
      205343   1.999147    
      205344   1.991082    
      205345   1.983019    
      205346   1.974957    
      205347   1.966898    
      205348   1.958842    
      205349   1.950788    
      205350   1.942738    
      205351   1.934692    
      205352   1.926650    
      205353   1.918613    
      205354   1.910581    
      205355   1.902555    
      205356   1.894534    
      205357   1.886520    
      205358   1.878513    
      205359   1.870513    
      205360   1.862522    
      205361   1.854539    
      205362   1.846565    
      205363   1.838601    
      205364   1.830647    
      205365   1.822705    
      205366   1.814776    
      205367   1.806860    
      205368   1.798959    
      205369   1.791073    
      205370   1.783204    
      205371   1.775355    
      205372   1.767525    
      205373   1.759718    
      205374   1.751936    
      205375   1.744180    
      205376   1.736454    
      205377   1.728760    
      205378   1.721102    
      205379   1.713484    
      205380   1.705910    
      205381   1.698388    
      205382   1.690921    
      205383   1.683517    
      205384   1.676180    
      205385   1.668909    
      205386   1.661703    
      205387   1.654558    
      205388   1.647467    
      205389   1.640409    
      205390   1.633350    
      205391   1.626230    
      205392   1.618958    
      205393   1.611452    
      205394   1.603721    
      205395   1.595846    
      205396   1.587896    
      205397   1.579909    
      205398   1.571903    
      205399   1.563890    
      205400   1.555873    
      205401   1.547857    
      205402   1.539842    
      205403   1.531830    
      205404   1.523822    
      205405   1.515818    
      205406   1.507820    
      205407   1.499829    
      205408   1.491845    
      205409   1.483870    
      205410   1.475906    
      205411   1.467954    
      205412   1.460016    
      205413   1.452093    
      205414   1.444187    
      205415   1.436299    
      205416   1.428431    
      205417   1.420586    
      205418   1.412767    
      205419   1.404975    
      205420   1.397215    
      205421   1.389489    
      205422   1.381803    
      205423   1.374161    
      205424   1.366570    
      205425   1.359039    
      205426   1.351574    
      205427   1.344186    
      205428   1.336880    
      205429   1.329660    
      205430   1.322529    
      205431   1.315493    
      205432   1.308556    
      205433   1.301725    
      205434   1.295003    
      205435   1.288392    
      205436   1.281890    
      205437   1.275494    
      205438   1.269198    
      205439   1.262998    
      205440   1.256887    
      205441   1.250855    
      205442   1.244894    
      205443   1.238996    
      205444   1.233152    
      205445   1.227340    
      205446   1.221519    
      205447   1.215602    
      205448   1.209445    
      205449   1.202878    
      205450   1.195868    
      205451   1.188541    
      205452   1.181034    
      205453   1.173432    
      205454   1.165779    
      205455   1.158102    
      205456   1.150413    
      205457   1.142723    
      205458   1.135038    
      205459   1.127361    
      205460   1.119699    
      205461   1.112054    
      205462   1.104429    
      205463   1.096829    
      205464   1.089255    
      205465   1.081712    
      205466   1.074202    
      205467   1.066730    
      205468   1.059302    
      205469   1.051921    
      205470   1.044592    
      205471   1.037319    
      205472   1.030104    
      205473   1.022948    
      205474   1.015854    
      205475   1.008825    
      205476   1.001864    
      205477  0.9949754    
      205478  0.9881629    
      205479  0.9814300    
      205480  0.9747804    
      205481  0.9682168    
      205482  0.9617405    
      205483  0.9553514    
      205484  0.9490489    
      205485  0.9428313    
      205486  0.9366874    
      205487  0.9305846    
      205488  0.9244539    
      205489  0.9181666    
      205490  0.9115131    
      205491  0.9043087    
      205492  0.8966423    
      205493  0.8887159    
      205494  0.8806650    
      205495  0.8725587    
      205496  0.8644286    
      205497  0.8562891    
      205498  0.8481465    
      205499  0.8400030    
      205500  0.8318601    
      205501  0.8237181    
      205502  0.8155773    
      205503  0.8074380    
      205504  0.7993006    
      205505  0.7911649    
      205506  0.7830315    
      205507  0.7749003    
      205508  0.7667717    
      205509  0.7586459    
      205510  0.7505233    
      205511  0.7424042    
      205512  0.7342888    
      205513  0.7261775    
      205514  0.7180707    
      205515  0.7099690    
      205516  0.7018727    
      205517  0.6937823    
      205518  0.6856986    
      205519  0.6776220    
      205520  0.6695533    
      205521  0.6614932    
      205522  0.6534427    
      205523  0.6454028    
      205524  0.6373745    
      205525  0.6293590    
      205526  0.6213577    
      205527  0.6133720    
      205528  0.6054037    
      205529  0.5974547    
      205530  0.5895268    
      205531  0.5816226    
      205532  0.5737445    
      205533  0.5658956    
      205534  0.5580788    
      205535  0.5502977    
      205536  0.5425555    
      205537  0.5348558    
      205538  0.5272022    
      205539  0.5195981    
      205540  0.5120468    
      205541  0.5045509    
      205542  0.4971130    
      205543  0.4897344    
      205544  0.4824165    
      205545  0.4751613    
      205546  0.4679719    
      205547  0.4608520    
      205548  0.4538074    
      205549  0.4468458    
      205550  0.4399772    
      205551  0.4332130    
      205552  0.4265661    
      205553  0.4200493    
      205554  0.4136730    
      205555  0.4074418    
      205556  0.4013517    
      205557  0.3953919    
      205558  0.3895412    
      205559  0.3837677    
      205560  0.3780232    
      205561  0.3722299    
      205562  0.3662742    
      205563  0.3599999    
      205564  0.3532400    
      205565  0.3459637    
      205566  0.3383080    
      205567  0.3304274    
      205568  0.3224227    
      205569  0.3143449    
      205570  0.3062190    
      205571  0.2980579    
      205572  0.2898692    
      205573  0.2816581    
      205574  0.2734281    
      205575  0.2651831    
      205576  0.2569268    
      205577  0.2486626    
      205578  0.2403929    
      205579  0.2321194    
      205580  0.2238432    
      205581  0.2155654    
      205582  0.2072865    
      205583  0.1990068    
      205584  0.1907265    
      205585  0.1824459    
      205586  0.1741651    
      205587  0.1658843    
      205588  0.1576036    
      205589  0.1493230    
      205590  0.1410428    
      205591  0.1327631    
      205592  0.1244841    
      205593  0.1162062    
      205594  0.1079296    
      205595  9.9654809E-02
      205596  9.1382429E-02
      205597  8.3113417E-02
      205598  7.4849248E-02
      205599  6.6592529E-02
      205600  5.8348320E-02
      205601  5.0127205E-02
      205602  4.1952841E-02
      205603  3.3880591E-02
      205604  2.6044307E-02
      205605  1.8771496E-02
      205606  1.2859877E-02
      205607  1.0154255E-02
      205608  1.2857313E-02
      205609  1.8765010E-02
      205610  2.6031587E-02
      205611  3.3858135E-02
      205612  4.1915402E-02
      205613  5.0066832E-02
      205614  5.8252886E-02
      205615  6.6443771E-02
      205616  7.4620143E-02
      205617  8.2765594E-02
      205618  9.0865642E-02
      205619  9.8910168E-02
      205620  0.1068909    
      205621  0.1147961    
      205622  0.1226083    
      205623  0.1302933    
      205624  0.1377929    
      205625  0.1450464    
      205626  0.1520252    
      205627  0.1587538    
      205628  0.1652944    
      205629  0.1717113    
      205630  0.1780532    
      205631  0.1843523    
      205632  0.1906272    
      205633  0.1968900    
      205634  0.2031503    
      205635  0.2094187    
      205636  0.2157084    
      205637  0.2220346    
      205638  0.2284124    
      205639  0.2348541    
      205640  0.2413691    
      205641  0.2479641    
      205642  0.2546425    
      205643  0.2614038    
      205644  0.2682445    
      205645  0.2751610    
      205646  0.2821488    
      205647  0.2892021    
      205648  0.2963153    
      205649  0.3034851    
      205650  0.3107099    
      205651  0.3179872    
      205652  0.3253167    
      205653  0.3326990    
      205654  0.3401343    
      205655  0.3476215    
      205656  0.3551587    
      205657  0.3627426    
      205658  0.3703702    
      205659  0.3780399    
      205660  0.3857502    
      205661  0.3934991    
      205662  0.4012845    
      205663  0.4091038    
      205664  0.4169542    
      205665  0.4248329    
      205666  0.4327375    
      205667  0.4406654    
      205668  0.4486145    
      205669  0.4565828    
      205670  0.4645686    
      205671  0.4725703    
      205672  0.4805863    
      205673  0.4886155    
      205674  0.4966567    
      205675  0.5047088    
      205676  0.5127708    
      205677  0.5208418    
      205678  0.5289212    
      205679  0.5370083    
      205680  0.5451022    
      205681  0.5532026    
      205682  0.5613089    
      205683  0.5694205    
      205684  0.5775372    
      205685  0.5856584    
      205686  0.5937839    
      205687  0.6019132    
      205688  0.6100461    
      205689  0.6181824    
      205690  0.6263217    
      205691  0.6344638    
      205692  0.6426085    
      205693  0.6507557    
      205694  0.6589051    
      205695  0.6670566    
      205696  0.6752099    
      205697  0.6833650    
      205698  0.6915216    
      205699  0.6996797    
      205700  0.7078392    
      205701  0.7159999    
      205702  0.7241617    
      205703  0.7323246    
      205704  0.7404885    
      205705  0.7486532    
      205706  0.7568187    
      205707  0.7649848    
      205708  0.7731516    
      205709  0.7813190    
      205710  0.7894868    
      205711  0.7976551    
      205712  0.8058237    
      205713  0.8139926    
      205714  0.8221617    
      205715  0.8303312    
      205716  0.8385008    
      205717  0.8466705    
      205718  0.8548403    
      205719  0.8630101    
      205720  0.8711799    
      205721  0.8793498    
      205722  0.8875195    
      205723  0.8956891    
      205724  0.9038585    
      205725  0.9120278    
      205726  0.9201969    
      205727  0.9283657    
      205728  0.9365342    
      205729  0.9447025    
      205730  0.9528704    
      205731  0.9610379    
      205732  0.9692050    
      205733  0.9773716    
      205734  0.9855376    
      205735  0.9937032    
      205736   1.001868    
      205737   1.010033    
      205738   1.018196    
      205739   1.026360    
      205740   1.034522    
      205741   1.042684    
