      110601   1.544038    
      110602   1.535969    
      110603   1.527901    
      110604   1.519834    
      110605   1.511767    
      110606   1.503702    
      110607   1.495637    
      110608   1.487574    
      110609   1.479512    
      110610   1.471452    
      110611   1.463393    
      110612   1.455336    
      110613   1.447280    
      110614   1.439227    
      110615   1.431175    
      110616   1.423126    
      110617   1.415078    
      110618   1.407033    
      110619   1.398991    
      110620   1.390952    
      110621   1.382915    
      110622   1.374881    
      110623   1.366851    
      110624   1.358824    
      110625   1.350801    
      110626   1.342782    
      110627   1.334767    
      110628   1.326757    
      110629   1.318751    
      110630   1.310750    
      110631   1.302755    
      110632   1.294766    
      110633   1.286782    
      110634   1.278805    
      110635   1.270835    
      110636   1.262873    
      110637   1.254918    
      110638   1.246971    
      110639   1.239034    
      110640   1.231106    
      110641   1.223188    
      110642   1.215281    
      110643   1.207386    
      110644   1.199503    
      110645   1.191634    
      110646   1.183779    
      110647   1.175940    
      110648   1.168118    
      110649   1.160315    
      110650   1.152531    
      110651   1.144769    
      110652   1.137030    
      110653   1.129316    
      110654   1.121630    
      110655   1.113973    
      110656   1.106350    
      110657   1.098764    
      110658   1.091218    
      110659   1.083718    
      110660   1.076269    
      110661   1.068876    
      110662   1.061542    
      110663   1.054268    
      110664   1.047053    
      110665   1.039892    
      110666   1.032784    
      110667   1.025724    
      110668   1.018708    
      110669   1.011731    
      110670   1.004788    
      110671  0.9978772    
      110672  0.9909972    
      110673  0.9841496    
      110674  0.9773374    
      110675  0.9705643    
      110676  0.9638352    
      110677  0.9571550    
      110678  0.9505286    
      110679  0.9439603    
      110680  0.9374532    
      110681  0.9310085    
      110682  0.9246247    
      110683  0.9182994    
      110684  0.9120295    
      110685  0.9058080    
      110686  0.8996245    
      110687  0.8934612    
      110688  0.8872846    
      110689  0.8810337    
      110690  0.8746052    
      110691  0.8678416    
      110692  0.8606138    
      110693  0.8529911    
      110694  0.8451377    
      110695  0.8371710    
      110696  0.8291518    
      110697  0.8211088    
      110698  0.8130547    
      110699  0.8049952    
      110700  0.7969333    
      110701  0.7888702    
      110702  0.7808069    
      110703  0.7727440    
      110704  0.7646821    
      110705  0.7566216    
      110706  0.7485629    
      110707  0.7405065    
      110708  0.7324527    
      110709  0.7244020    
      110710  0.7163547    
      110711  0.7083115    
      110712  0.7002726    
      110713  0.6922383    
      110714  0.6842092    
      110715  0.6761857    
      110716  0.6681683    
      110717  0.6601573    
      110718  0.6521532    
      110719  0.6441566    
      110720  0.6361679    
      110721  0.6281878    
      110722  0.6202169    
      110723  0.6122559    
      110724  0.6043054    
      110725  0.5963665    
      110726  0.5884397    
      110727  0.5805262    
      110728  0.5726271    
      110729  0.5647435    
      110730  0.5568766    
      110731  0.5490279    
      110732  0.5411987    
      110733  0.5333900    
      110734  0.5256016    
      110735  0.5178326    
      110736  0.5100807    
      110737  0.5023417    
      110738  0.4946075    
      110739  0.4868641    
      110740  0.4790885    
      110741  0.4712485    
      110742  0.4633054    
      110743  0.4552456    
      110744  0.4471002    
      110745  0.4389029    
      110746  0.4306741    
      110747  0.4224262    
      110748  0.4141665    
      110749  0.4058998    
      110750  0.3976286    
      110751  0.3893548    
      110752  0.3810795    
      110753  0.3728033    
      110754  0.3645269    
      110755  0.3562503    
      110756  0.3479742    
      110757  0.3396985    
      110758  0.3314233    
      110759  0.3231487    
      110760  0.3148744    
      110761  0.3066005    
      110762  0.2983266    
      110763  0.2900527    
      110764  0.2817783    
      110765  0.2735032    
      110766  0.2652273    
      110767  0.2569503    
      110768  0.2486723    
      110769  0.2403934    
      110770  0.2321138    
      110771  0.2238336    
      110772  0.2155531    
      110773  0.2072723    
      110774  0.1989914    
      110775  0.1907103    
      110776  0.1824292    
      110777  0.1741481    
      110778  0.1658671    
      110779  0.1575862    
      110780  0.1493056    
      110781  0.1410253    
      110782  0.1327456    
      110783  0.1244666    
      110784  0.1161887    
      110785  0.1079121    
      110786  9.9637389E-02
      110787  9.1365106E-02
      110788  8.3096214E-02
      110789  7.4832216E-02
      110790  6.6575773E-02
      110791  5.8331944E-02
      110792  5.0111379E-02
      110793  4.1937798E-02
      110794  3.3866651E-02
      110795  2.6031835E-02
      110796  1.8760808E-02
      110797  1.2850827E-02
      110798  1.0145104E-02
      110799  1.2843486E-02
      110800  1.8743165E-02
      110801  2.6000425E-02
      110802  3.3818264E-02
      110803  4.1869767E-02
      110804  5.0021533E-02
      110805  5.8218651E-02
      110806  6.6437975E-02
      110807  7.4669242E-02
      110808  8.2907632E-02
      110809  9.1150768E-02
      110810  9.9397421E-02
      110811  0.1076471    
      110812  0.1158995    
      110813  0.1241549    
      110814  0.1324131    
      110815  0.1406742    
      110816  0.1489380    
      110817  0.1572043    
      110818  0.1654728    
      110819  0.1737431    
      110820  0.1820148    
      110821  0.1902871    
      110822  0.1985590    
      110823  0.2068298    
      110824  0.2150978    
      110825  0.2233613    
      110826  0.2316176    
      110827  0.2398623    
      110828  0.2480893    
      110829  0.2562890    
      110830  0.2644471    
      110831  0.2725415    
      110832  0.2805412    
      110833  0.2884483    
      110834  0.2962923    
      110835  0.3041018    
      110836  0.3118976    
      110837  0.3196936    
      110838  0.3274984    
      110839  0.3353166    
      110840  0.3431509    
      110841  0.3510025    
      110842  0.3588719    
      110843  0.3667589    
      110844  0.3746623    
      110845  0.3825812    
      110846  0.3905144    
      110847  0.3984610    
      110848  0.4064198    
      110849  0.4143900    
      110850  0.4223707    
      110851  0.4303613    
      110852  0.4383609    
      110853  0.4463688    
      110854  0.4543844    
      110855  0.4624072    
      110856  0.4704365    
      110857  0.4784718    
      110858  0.4865127    
      110859  0.4945588    
      110860  0.5026095    
      110861  0.5106645    
      110862  0.5187234    
      110863  0.5267859    
      110864  0.5348512    
      110865  0.5429189    
      110866  0.5509874    
      110867  0.5590541    
      110868  0.5671127    
      110869  0.5751494    
      110870  0.5831325    
      110871  0.5909953    
      110872  0.5986111    
      110873  0.6058096    
      110874  0.6125474    
      110875  0.6189866    
      110876  0.6252928    
      110877  0.6315657    
      110878  0.6378588    
      110879  0.6441959    
      110880  0.6505841    
      110881  0.6570257    
      110882  0.6635215    
      110883  0.6700710    
      110884  0.6766735    
      110885  0.6833287    
      110886  0.6900363    
      110887  0.6967962    
      110888  0.7036080    
      110889  0.7104716    
      110890  0.7173862    
      110891  0.7243515    
      110892  0.7313670    
      110893  0.7384334    
      110894  0.7455510    
      110895  0.7527210    
      110896  0.7599438    
      110897  0.7672183    
      110898  0.7745398    
      110899  0.7819016    
      110900  0.7892973    
      110901  0.7967218    
      110902  0.8041693    
      110903  0.8116332    
      110904  0.8191044    
      110905  0.8265704    
      110906  0.8340141    
      110907  0.8414110    
      110908  0.8487256    
      110909  0.8559054    
      110910  0.8628744    
      110911  0.8695316    
      110912  0.8757809    
      110913  0.8816088    
      110914  0.8871082    
      110915  0.8924084    
      110916  0.8976269    
      110917  0.9028575    
      110918  0.9081672    
      110919  0.9135945    
      110920  0.9191584    
      110921  0.9248676    
      110922  0.9307230    
      110923  0.9367185    
      110924  0.9428434    
      110925  0.9490882    
      110926  0.9554460    
      110927  0.9619092    
      110928  0.9684700    
      110929  0.9751215    
      110930  0.9818588    
      110931  0.9886786    
      110932  0.9955776    
      110933   1.002554    
      110934   1.009606    
      110935   1.016733    
      110936   1.023935    
      110937   1.031216    
      110938   1.038578    
      110939   1.046023    
      110940   1.053543    
      110941   1.061129    
      110942   1.068773    
      110943   1.076469    
      110944   1.084214    
      110945   1.092004    
      110946   1.099833    
      110947   1.107698    
      110948   1.115595    
      110949   1.123520    
      110950   1.131471    
      110951   1.139444    
      110952   1.147436    
      110953   1.155447    
      110954   1.163473    
      110955   1.171514    
      110956   1.179568    
      110957   1.187633    
      110958   1.195709    
      110959   1.203793    
      110960   1.211887    
      110961   1.219988    
      110962   1.228095    
      110963   1.236209    
      110964   1.244328    
      110965   1.252452    
      110966   1.260580    
      110967   1.268712    
      110968   1.276845    
      110969   1.284980    
      110970   1.293113    
      110971   1.301244    
      110972   1.309369    
      110973   1.317484    
      110974   1.325580    
      110975   1.333649    
      110976   1.341675    
      110977   1.349638    
      110978   1.357509    
      110979   1.365254    
      110980   1.372833    
      110981   1.380199    
      110982   1.387314    
      110983   1.394162    
      110984   1.400767    
      110985   1.407193    
      110986   1.413503    
      110987   1.419749    
      110988   1.425961    
      110989   1.432155    
      110990   1.438339    
      110991   1.444518    
      110992   1.450695    
      110993   1.456873    
      110994   1.463060    
      110995   1.469261    
      110996   1.475488    
      110997   1.481755    
      110998   1.488075    
      110999   1.494460    
      111000   1.500916    
      111001   1.507451    
      111002   1.514068    
      111003   1.520768    
      111004   1.527551    
      111005   1.534414    
      111006   1.541355    
      111007   1.548369    
      111008   1.555454    
      111009   1.562606    
      111010   1.569826    
      111011   1.577113    
      111012   1.584469    
      111013   1.591895    
      111014   1.599389    
      111015   1.606945    
      111016   1.614559    
      111017   1.622226    
      111018   1.629941    
      111019   1.637701    
      111020   1.645504    
      111021   1.653345    
      111022   1.661222    
      111023   1.669130    
      111024   1.677065    
      111025   1.685026    
      111026   1.693010    
      111027   1.701013    
      111028   1.709033    
      111029   1.717070    
      111030   1.725121    
      111031   1.733185    
      111032   1.741261    
      111033   1.749346    
      111034   1.757441    
      111035   1.765545    
      111036   1.773656    
      111037   1.781774    
      111038   1.789899    
      111039   1.798029    
      111040   1.806165    
      111041   1.814305    
      111042   1.822450    
      111043   1.830599    
      111044   1.838752    
      111045   1.846909    
      111046   1.855068    
      111047   1.863230    
      111048   1.871395    
      111049   1.879562    
      111050   1.887732    
      111051   1.895903    
      111052   1.904077    
      111053   1.912252    
      111054   1.920428    
      111055   1.928606    
      111056   1.936786    
      111057   1.944967    
      111058   1.953148    
      111059   1.961331    
      111060   1.969515    
      111061   1.977699    
      111062   1.985884    
      111063   1.994070    
      111064   2.002257    
      111065   2.010444    
      111066   2.018631    
      111067   2.026820    
      111068   2.035008    
      111069   2.043197    
      111070   2.051386    
      111071   2.059576    
      111072   2.067765    
      111073   2.075954    
      111074   2.084143    
      111075   2.092330    
      111076   2.100510    
      111077   2.108672    
      111078   2.116786    
