       13721  0.1990150    
       13722  0.1907337    
       13723  0.1824525    
       13724  0.1741712    
       13725  0.1658901    
       13726  0.1576092    
       13727  0.1493285    
       13728  0.1410481    
       13729  0.1327683    
       13730  0.1244893    
       13731  0.1162113    
       13732  0.1079347    
       13733  9.9659875E-02
       13734  9.1387466E-02
       13735  8.3118409E-02
       13736  7.4854165E-02
       13737  6.6597372E-02
       13738  5.8353044E-02
       13739  5.0131764E-02
       13740  4.1957177E-02
       13741  3.3884622E-02
       13742  2.6047930E-02
       13743  1.8774647E-02
       13744  1.2862684E-02
       13745  1.0157422E-02
       13746  1.2862682E-02
       13747  1.8774645E-02
       13748  2.6047925E-02
       13749  3.3884618E-02
       13750  4.1957177E-02
       13751  5.0131768E-02
       13752  5.8353044E-02
       13753  6.6597372E-02
       13754  7.4854173E-02
       13755  8.3118409E-02
       13756  9.1387480E-02
       13757  9.9659875E-02
       13758  0.1079347    
       13759  0.1162113    
       13760  0.1244893    
       13761  0.1327684    
       13762  0.1410481    
       13763  0.1493285    
       13764  0.1576092    
       13765  0.1658901    
       13766  0.1741712    
       13767  0.1824525    
       13768  0.1907337    
       13769  0.1990150    
       13770  0.2072963    
       13771  0.2155775    
       13772  0.2238588    
       13773  0.2321400    
       13774  0.2404211    
       13775  0.2487021    
       13776  0.2569832    
       13777  0.2652641    
       13778  0.2735450    
       13779  0.2818258    
       13780  0.2901065    
       13781  0.2983871    
       13782  0.3066677    
       13783  0.3149481    
       13784  0.3232285    
       13785  0.3315088    
       13786  0.3397891    
       13787  0.3480692    
       13788  0.3563492    
       13789  0.3646291    
       13790  0.3729089    
       13791  0.3811886    
       13792  0.3894682    
       13793  0.3977476    
       13794  0.4060268    
       13795  0.4143058    
       13796  0.4225846    
       13797  0.4308631    
       13798  0.4391413    
       13799  0.4474191    
       13800  0.4556965    
       13801  0.4639736    
       13802  0.4722504    
       13803  0.4805267    
       13804  0.4888027    
       13805  0.4970782    
       13806  0.5053532    
       13807  0.5136275    
       13808  0.5219012    
       13809  0.5301741    
       13810  0.5384455    
       13811  0.5467143    
       13812  0.5549789    
       13813  0.5632381    
       13814  0.5714892    
       13815  0.5797258    
       13816  0.5879338    
       13817  0.5960828    
       13818  0.6041095    
       13819  0.6118929    
       13820  0.6192472    
       13821  0.6260706    
       13822  0.6325035    
       13823  0.6387304    
       13824  0.6448728    
       13825  0.6510003    
       13826  0.6571540    
       13827  0.6633546    
       13828  0.6696124    
       13829  0.6759322    
       13830  0.6823156    
       13831  0.6887643    
       13832  0.6952807    
       13833  0.7018657    
       13834  0.7085195    
       13835  0.7152420    
       13836  0.7220335    
       13837  0.7288942    
       13838  0.7358246    
       13839  0.7428244    
       13840  0.7498933    
       13841  0.7570309    
       13842  0.7642380    
       13843  0.7715169    
       13844  0.7788669    
       13845  0.7862821    
       13846  0.7937540    
       13847  0.8012755    
       13848  0.8088413    
       13849  0.8164473    
       13850  0.8240899    
       13851  0.8317659    
       13852  0.8394725    
       13853  0.8472071    
       13854  0.8549672    
       13855  0.8627510    
       13856  0.8705566    
       13857  0.8783822    
       13858  0.8862264    
       13859  0.8940876    
       13860  0.9019644    
       13861  0.9098558    
       13862  0.9177606    
       13863  0.9256779    
       13864  0.9336068    
       13865  0.9415464    
       13866  0.9494962    
       13867  0.9574552    
       13868  0.9654229    
       13869  0.9733987    
       13870  0.9813820    
       13871  0.9893723    
       13872  0.9973688    
       13873   1.005371    
       13874   1.013379    
       13875   1.021390    
       13876   1.029406    
       13877   1.037425    
       13878   1.045445    
       13879   1.053468    
       13880   1.061491    
       13881   1.069514    
       13882   1.077536    
       13883   1.085556    
       13884   1.093572    
       13885   1.101581    
       13886   1.109575    
       13887   1.117541    
       13888   1.125448    
       13889   1.133240    
       13890   1.140822    
       13891   1.148116    
       13892   1.155160    
       13893   1.162071    
       13894   1.168948    
       13895   1.175849    
       13896   1.182805    
       13897   1.189832    
       13898   1.196936    
       13899   1.204120    
       13900   1.211387    
       13901   1.218735    
       13902   1.226158    
       13903   1.233643    
       13904   1.241180    
       13905   1.248765    
       13906   1.256391    
       13907   1.264055    
       13908   1.271753    
       13909   1.279483    
       13910   1.287242    
       13911   1.295026    
       13912   1.302833    
       13913   1.310661    
       13914   1.318507    
       13915   1.326369    
       13916   1.334245    
       13917   1.342130    
       13918   1.350022    
       13919   1.357916    
       13920   1.365810    
       13921   1.373698    
       13922   1.381573    
       13923   1.389428    
       13924   1.397243    
       13925   1.404986    
       13926   1.412596    
       13927   1.419967    
       13928   1.426981    
       13929   1.433614    
       13930   1.439985    
       13931   1.446223    
       13932   1.452416    
       13933   1.458616    
       13934   1.464852    
       13935   1.471139    
       13936   1.477487    
       13937   1.483905    
       13938   1.490398    
       13939   1.496971    
       13940   1.503627    
       13941   1.510363    
       13942   1.517179    
       13943   1.524071    
       13944   1.531036    
       13945   1.538071    
       13946   1.545174    
       13947   1.552347    
       13948   1.559588    
       13949   1.566901    
       13950   1.574285    
       13951   1.581733    
       13952   1.589235    
       13953   1.596787    
       13954   1.604383    
       13955   1.612020    
       13956   1.619695    
       13957   1.627406    
       13958   1.635149    
       13959   1.642921    
       13960   1.650722    
       13961   1.658547    
       13962   1.666396    
       13963   1.674266    
       13964   1.682155    
       13965   1.690062    
       13966   1.697985    
       13967   1.705923    
       13968   1.713875    
       13969   1.721839    
       13970   1.729815    
       13971   1.737802    
       13972   1.745799    
       13973   1.753804    
       13974   1.761819    
       13975   1.769841    
       13976   1.777870    
       13977   1.785905    
       13978   1.793947    
       13979   1.801994    
       13980   1.810045    
       13981   1.818102    
       13982   1.826163    
       13983   1.834227    
       13984   1.842295    
       13985   1.850366    
       13986   1.858440    
       13987   1.866516    
       13988   1.874595    
       13989   1.882675    
       13990   1.890756    
       13991   1.898839    
       13992   1.906922    
       13993   1.915005    
       13994   1.923088    
       13995   1.931169    
       13996   1.939247    
       13997   1.947321    
       13998   1.955388    
       13999   1.963443    
       14000   1.971478    
       14001   1.979481    
       14002   1.987439    
       14003   1.995343    
       14004   2.003199    
       14005   2.011023    
       14006   2.018831    
       14007   2.026631    
       14008   2.034433    
       14009   2.042240    
       14010   2.050056    
       14011   2.057883    
       14012   2.065720    
       14013   2.073570    
       14014   2.081430    
       14015   2.089302    
       14016   2.097184    
       14017   2.105076    
       14018   2.112977    
       14019   2.120885    
       14020   2.128800    
       14021   2.136719    
       14022   2.144637    
       14023   2.152548    
       14024   2.160437    
       14025   2.168267    
