      108921   1.520386    
      108922   1.512317    
      108923   1.504248    
      108924   1.496181    
      108925   1.488115    
      108926   1.480049    
      108927   1.471985    
      108928   1.463922    
      108929   1.455860    
      108930   1.447800    
      108931   1.439741    
      108932   1.431684    
      108933   1.423629    
      108934   1.415575    
      108935   1.407523    
      108936   1.399474    
      108937   1.391426    
      108938   1.383381    
      108939   1.375339    
      108940   1.367300    
      108941   1.359263    
      108942   1.351229    
      108943   1.343199    
      108944   1.335172    
      108945   1.327149    
      108946   1.319130    
      108947   1.311115    
      108948   1.303105    
      108949   1.295099    
      108950   1.287099    
      108951   1.279104    
      108952   1.271114    
      108953   1.263130    
      108954   1.255153    
      108955   1.247183    
      108956   1.239220    
      108957   1.231266    
      108958   1.223319    
      108959   1.215381    
      108960   1.207453    
      108961   1.199535    
      108962   1.191628    
      108963   1.183733    
      108964   1.175851    
      108965   1.167981    
      108966   1.160127    
      108967   1.152288    
      108968   1.144466    
      108969   1.136663    
      108970   1.128879    
      108971   1.121117    
      108972   1.113378    
      108973   1.105664    
      108974   1.097978    
      108975   1.090322    
      108976   1.082698    
      108977   1.075112    
      108978   1.067567    
      108979   1.060066    
      108980   1.052617    
      108981   1.045224    
      108982   1.037890    
      108983   1.030616    
      108984   1.023401    
      108985   1.016240    
      108986   1.009132    
      108987   1.002072    
      108988  0.9950559    
      108989  0.9880788    
      108990  0.9811362    
      108991  0.9742252    
      108992  0.9673451    
      108993  0.9604975    
      108994  0.9536852    
      108995  0.9469121    
      108996  0.9401830    
      108997  0.9335028    
      108998  0.9268763    
      108999  0.9203079    
      109000  0.9138008    
      109001  0.9073560    
      109002  0.9009722    
      109003  0.8946469    
      109004  0.8883770    
      109005  0.8821554    
      109006  0.8759719    
      109007  0.8698084    
      109008  0.8636316    
      109009  0.8573802    
      109010  0.8509505    
      109011  0.8441852    
      109012  0.8369555    
      109013  0.8293313    
      109014  0.8214771    
      109015  0.8135098    
      109016  0.8054903    
      109017  0.7974468    
      109018  0.7893924    
      109019  0.7813326    
      109020  0.7732703    
      109021  0.7652070    
      109022  0.7571434    
      109023  0.7490802    
      109024  0.7410179    
      109025  0.7329570    
      109026  0.7248980    
      109027  0.7168412    
      109028  0.7087871    
      109029  0.7007360    
      109030  0.6926883    
      109031  0.6846446    
      109032  0.6766052    
      109033  0.6685705    
      109034  0.6605409    
      109035  0.6525170    
      109036  0.6444989    
      109037  0.6364874    
      109038  0.6284827    
      109039  0.6204855    
      109040  0.6124961    
      109041  0.6045153    
      109042  0.5965437    
      109043  0.5885819    
      109044  0.5806306    
      109045  0.5726907    
      109046  0.5647630    
      109047  0.5568485    
      109048  0.5489481    
      109049  0.5410631    
      109050  0.5331945    
      109051  0.5253431    
      109052  0.5175091    
      109053  0.5096917    
      109054  0.5018894    
      109055  0.4940991    
      109056  0.4863152    
      109057  0.4785276    
      109058  0.4707201    
      109059  0.4628685    
      109060  0.4549409    
      109061  0.4469099    
      109062  0.4387869    
      109063  0.4306051    
      109064  0.4223869    
      109065  0.4141463    
      109066  0.4058916    
      109067  0.3976281    
      109068  0.3893591    
      109069  0.3810865    
      109070  0.3728118    
      109071  0.3645357    
      109072  0.3562589    
      109073  0.3479817    
      109074  0.3397045    
      109075  0.3314273    
      109076  0.3231506    
      109077  0.3148744    
      109078  0.3065988    
      109079  0.2983238    
      109080  0.2900493    
      109081  0.2817750    
      109082  0.2735009    
      109083  0.2652266    
      109084  0.2569520    
      109085  0.2486767    
      109086  0.2404005    
      109087  0.2321233    
      109088  0.2238451    
      109089  0.2155660    
      109090  0.2072862    
      109091  0.1990060    
      109092  0.1907254    
      109093  0.1824445    
      109094  0.1741637    
      109095  0.1658827    
      109096  0.1576019    
      109097  0.1493213    
      109098  0.1410411    
      109099  0.1327614    
      109100  0.1244824    
      109101  0.1162044    
      109102  0.1079278    
      109103  9.9653050E-02
      109104  9.1380686E-02
      109105  8.3111681E-02
      109106  7.4847519E-02
      109107  6.6590831E-02
      109108  5.8346655E-02
      109109  5.0125599E-02
      109110  4.1951314E-02
      109111  3.3879172E-02
      109112  2.6043028E-02
      109113  1.8770384E-02
      109114  1.2858902E-02
      109115  1.0153200E-02
      109116  1.2855617E-02
      109117  1.8762190E-02
      109118  2.6027467E-02
      109119  3.3853248E-02
      109120  4.1911785E-02
      109121  5.0069228E-02
      109122  5.8270492E-02
      109123  6.6492468E-02
      109124  7.4725106E-02
      109125  8.2963824E-02
      109126  9.1206379E-02
      109127  9.9451482E-02
      109128  0.1076984    
      109129  0.1159466    
      109130  0.1241961    
      109131  0.1324472    
      109132  0.1407000    
      109133  0.1489552    
      109134  0.1572126    
      109135  0.1654722    
      109136  0.1737334    
      109137  0.1819953    
      109138  0.1902564    
      109139  0.1985142    
      109140  0.2067645    
      109141  0.2150005    
      109142  0.2232110    
      109143  0.2313780    
      109144  0.2394732    
      109145  0.2474546    
      109146  0.2552768    
      109147  0.2629529    
      109148  0.2705407    
      109149  0.2780905    
      109150  0.2856347    
      109151  0.2931913    
      109152  0.3007706    
      109153  0.3083787    
      109154  0.3160193    
      109155  0.3236936    
      109156  0.3314003    
      109157  0.3391376    
      109158  0.3469034    
      109159  0.3546956    
      109160  0.3625122    
      109161  0.3703513    
      109162  0.3782112    
      109163  0.3860902    
      109164  0.3939866    
      109165  0.4018993    
      109166  0.4098268    
      109167  0.4177681    
      109168  0.4257221    
      109169  0.4336880    
      109170  0.4416646    
      109171  0.4496513    
      109172  0.4576473    
      109173  0.4656519    
      109174  0.4736643    
      109175  0.4816841    
      109176  0.4897105    
      109177  0.4977432    
      109178  0.5057815    
      109179  0.5138252    
      109180  0.5218736    
      109181  0.5299264    
      109182  0.5379832    
      109183  0.5460436    
      109184  0.5541070    
      109185  0.5621727    
      109186  0.5702393    
      109187  0.5783041    
      109188  0.5863605    
      109189  0.5943941    
      109190  0.6023727    
      109191  0.6102277    
      109192  0.6178302    
      109193  0.6250099    
      109194  0.6317317    
      109195  0.6381615    
      109196  0.6444626    
      109197  0.6507330    
      109198  0.6570250    
      109199  0.6633616    
      109200  0.6697495    
      109201  0.6761909    
      109202  0.6826864    
      109203  0.6892358    
      109204  0.6958382    
      109205  0.7024933    
      109206  0.7092006    
      109207  0.7159603    
      109208  0.7227719    
      109209  0.7296352    
      109210  0.7365497    
      109211  0.7435149    
      109212  0.7505304    
      109213  0.7575965    
      109214  0.7647141    
      109215  0.7718838    
      109216  0.7791066    
      109217  0.7863810    
      109218  0.7937024    
      109219  0.8010640    
      109220  0.8084598    
      109221  0.8158842    
      109222  0.8233317    
      109223  0.8307956    
      109224  0.8382667    
      109225  0.8457326    
      109226  0.8531762    
      109227  0.8605731    
      109228  0.8678876    
      109229  0.8750675    
      109230  0.8820365    
      109231  0.8886936    
      109232  0.8949430    
      109233  0.9007710    
      109234  0.9062705    
      109235  0.9115707    
      109236  0.9167892    
      109237  0.9220200    
      109238  0.9273298    
      109239  0.9327571    
      109240  0.9383210    
      109241  0.9440302    
      109242  0.9498854    
      109243  0.9558808    
      109244  0.9620058    
      109245  0.9682506    
      109246  0.9746085    
      109247  0.9810717    
      109248  0.9876324    
      109249  0.9942839    
      109250   1.001021    
      109251   1.007841    
      109252   1.014740    
      109253   1.021716    
      109254   1.028768    
      109255   1.035895    
      109256   1.043098    
      109257   1.050378    
      109258   1.057741    
      109259   1.065185    
      109260   1.072705    
      109261   1.080291    
      109262   1.087935    
      109263   1.095632    
      109264   1.103377    
      109265   1.111166    
      109266   1.118995    
      109267   1.126860    
      109268   1.134757    
      109269   1.142682    
      109270   1.150633    
      109271   1.158606    
      109272   1.166599    
      109273   1.174609    
      109274   1.182636    
      109275   1.190677    
      109276   1.198730    
      109277   1.206795    
      109278   1.214871    
      109279   1.222956    
      109280   1.231049    
      109281   1.239150    
      109282   1.247258    
      109283   1.255371    
      109284   1.263491    
      109285   1.271615    
      109286   1.279743    
      109287   1.287874    
      109288   1.296007    
      109289   1.304142    
      109290   1.312276    
      109291   1.320407    
      109292   1.328532    
      109293   1.336646    
      109294   1.344742    
      109295   1.352811    
      109296   1.360837    
      109297   1.368800    
      109298   1.376671    
      109299   1.384416    
      109300   1.391995    
      109301   1.399361    
      109302   1.406476    
      109303   1.413324    
      109304   1.419929    
      109305   1.426355    
      109306   1.432665    
      109307   1.438911    
      109308   1.445123    
      109309   1.451317    
      109310   1.457501    
      109311   1.463680    
      109312   1.469857    
      109313   1.476036    
      109314   1.482222    
      109315   1.488423    
      109316   1.494650    
      109317   1.500917    
      109318   1.507237    
      109319   1.513622    
      109320   1.520078    
      109321   1.526613    
      109322   1.533230    
      109323   1.539930    
      109324   1.546713    
      109325   1.553576    
      109326   1.560517    
      109327   1.567532    
      109328   1.574616    
      109329   1.581768    
      109330   1.588988    
      109331   1.596275    
      109332   1.603631    
      109333   1.611057    
      109334   1.618551    
      109335   1.626107    
      109336   1.633721    
      109337   1.641387    
      109338   1.649102    
      109339   1.656863    
      109340   1.664666    
      109341   1.672507    
      109342   1.680383    
      109343   1.688291    
      109344   1.696227    
      109345   1.704188    
      109346   1.712171    
      109347   1.720175    
      109348   1.728195    
      109349   1.736232    
      109350   1.744283    
      109351   1.752347    
      109352   1.760422    
      109353   1.768508    
      109354   1.776603    
      109355   1.784706    
      109356   1.792818    
      109357   1.800936    
      109358   1.809060    
      109359   1.817191    
      109360   1.825327    
      109361   1.833467    
      109362   1.841612    
      109363   1.849761    
      109364   1.857914    
      109365   1.866070    
      109366   1.874230    
      109367   1.882392    
      109368   1.890557    
      109369   1.898724    
      109370   1.906893    
      109371   1.915065    
      109372   1.923239    
      109373   1.931414    
      109374   1.939591    
      109375   1.947769    
      109376   1.955948    
      109377   1.964129    
      109378   1.972311    
      109379   1.980493    
      109380   1.988677    
      109381   1.996861    
      109382   2.005046    
      109383   2.013232    
      109384   2.021419    
      109385   2.029606    
      109386   2.037794    
      109387   2.045982    
      109388   2.054170    
      109389   2.062359    
      109390   2.070547    
      109391   2.078735    
      109392   2.086921    
      109393   2.095100    
      109394   2.103262    
      109395   2.111376    
