       28281  0.4143064    
       28282  0.4060271    
       28283  0.3977478    
       28284  0.3894683    
       28285  0.3811887    
       28286  0.3729090    
       28287  0.3646291    
       28288  0.3563492    
       28289  0.3480692    
       28290  0.3397891    
       28291  0.3315089    
       28292  0.3232286    
       28293  0.3149482    
       28294  0.3066677    
       28295  0.2983871    
       28296  0.2901065    
       28297  0.2818258    
       28298  0.2735450    
       28299  0.2652641    
       28300  0.2569832    
       28301  0.2487022    
       28302  0.2404211    
       28303  0.2321399    
       28304  0.2238588    
       28305  0.2155776    
       28306  0.2072963    
       28307  0.1990150    
       28308  0.1907337    
       28309  0.1824525    
       28310  0.1741712    
       28311  0.1658901    
       28312  0.1576092    
       28313  0.1493285    
       28314  0.1410481    
       28315  0.1327683    
       28316  0.1244893    
       28317  0.1162113    
       28318  0.1079347    
       28319  9.9659875E-02
       28320  9.1387466E-02
       28321  8.3118409E-02
       28322  7.4854165E-02
       28323  6.6597372E-02
       28324  5.8353044E-02
       28325  5.0131764E-02
       28326  4.1957177E-02
       28327  3.3884622E-02
       28328  2.6047930E-02
       28329  1.8774647E-02
       28330  1.2862684E-02
       28331  1.0157422E-02
       28332  1.2862682E-02
       28333  1.8774645E-02
       28334  2.6047925E-02
       28335  3.3884618E-02
       28336  4.1957177E-02
       28337  5.0131768E-02
       28338  5.8353044E-02
       28339  6.6597372E-02
       28340  7.4854173E-02
       28341  8.3118401E-02
       28342  9.1387466E-02
       28343  9.9659868E-02
       28344  0.1079347    
       28345  0.1162113    
       28346  0.1244893    
       28347  0.1327683    
       28348  0.1410481    
       28349  0.1493284    
       28350  0.1576091    
       28351  0.1658900    
       28352  0.1741710    
       28353  0.1824521    
       28354  0.1907333    
       28355  0.1990143    
       28356  0.2072953    
       28357  0.2155761    
       28358  0.2238566    
       28359  0.2321369    
       28360  0.2404169    
       28361  0.2486967    
       28362  0.2569763    
       28363  0.2652556    
       28364  0.2735347    
       28365  0.2818134    
       28366  0.2900918    
       28367  0.2983698    
       28368  0.3066474    
       28369  0.3149245    
       28370  0.3232011    
       28371  0.3314772    
       28372  0.3397529    
       28373  0.3480281    
       28374  0.3563027    
       28375  0.3645766    
       28376  0.3728489    
       28377  0.3811184    
       28378  0.3893816    
       28379  0.3976320    
       28380  0.4058549    
       28381  0.4140206    
       28382  0.4220720    
       28383  0.4299068    
       28384  0.4373707    
       28385  0.4443673    
       28386  0.4510110    
       28387  0.4574633    
       28388  0.4638408    
       28389  0.4702128    
       28390  0.4766175    
       28391  0.4830760    
       28392  0.4895976    
       28393  0.4961861    
       28394  0.5028430    
       28395  0.5095685    
       28396  0.5163629    
       28397  0.5232267    
       28398  0.5301602    
       28399  0.5371631    
       28400  0.5442349    
       28401  0.5513750    
       28402  0.5585850    
       28403  0.5658667    
       28404  0.5732195    
       28405  0.5806371    
       28406  0.5881109    
       28407  0.5956341    
       28408  0.6032014    
       28409  0.6108087    
       28410  0.6184524    
       28411  0.6261295    
       28412  0.6338370    
       28413  0.6415725    
       28414  0.6493335    
       28415  0.6571180    
       28416  0.6649241    
       28417  0.6727504    
       28418  0.6805950    
       28419  0.6884568    
       28420  0.6963341    
       28421  0.7042260    
       28422  0.7121312    
       28423  0.7200489    
       28424  0.7279782    
       28425  0.7359183    
       28426  0.7438684    
       28427  0.7518278    
       28428  0.7597959    
       28429  0.7677722    
       28430  0.7757559    
       28431  0.7837465    
       28432  0.7917434    
       28433  0.7997462    
       28434  0.8077539    
       28435  0.8157662    
       28436  0.8237822    
       28437  0.8318012    
       28438  0.8398224    
       28439  0.8478451    
       28440  0.8558686    
       28441  0.8638921    
       28442  0.8719147    
       28443  0.8799353    
       28444  0.8879521    
       28445  0.8959616    
       28446  0.9039572    
       28447  0.9119245    
       28448  0.9198344    
       28449  0.9276301    
       28450  0.9352185    
       28451  0.9425195    
       28452  0.9495693    
       28453  0.9564843    
       28454  0.9633632    
       28455  0.9702649    
       28456  0.9772217    
       28457  0.9842489    
       28458  0.9913530    
       28459  0.9985373    
       28460   1.005804    
       28461   1.013153    
       28462   1.020576    
       28463   1.028060    
       28464   1.035598    
       28465   1.043182    
       28466   1.050808    
       28467   1.058473    
       28468   1.066171    
       28469   1.073901    
       28470   1.081660    
       28471   1.089444    
       28472   1.097251    
       28473   1.105079    
       28474   1.112925    
       28475   1.120787    
       28476   1.128663    
       28477   1.136548    
       28478   1.144440    
       28479   1.152334    
       28480   1.160228    
       28481   1.168116    
       28482   1.175991    
       28483   1.183846    
       28484   1.191661    
       28485   1.199404    
       28486   1.207014    
       28487   1.214385    
       28488   1.221398    
       28489   1.228032    
       28490   1.234402    
       28491   1.240640    
       28492   1.246834    
       28493   1.253034    
       28494   1.259269    
       28495   1.265556    
       28496   1.271905    
       28497   1.278323    
       28498   1.284816    
       28499   1.291389    
       28500   1.298045    
       28501   1.304781    
       28502   1.311597    
       28503   1.318489    
       28504   1.325454    
       28505   1.332489    
       28506   1.339592    
       28507   1.346764    
       28508   1.354006    
       28509   1.361319    
       28510   1.368703    
       28511   1.376151    
       28512   1.383654    
       28513   1.391205    
       28514   1.398801    
       28515   1.406438    
       28516   1.414114    
       28517   1.421824    
       28518   1.429567    
       28519   1.437340    
       28520   1.445140    
       28521   1.452965    
       28522   1.460814    
       28523   1.468684    
       28524   1.476573    
       28525   1.484480    
       28526   1.492403    
       28527   1.500341    
       28528   1.508293    
       28529   1.516258    
       28530   1.524234    
       28531   1.532220    
       28532   1.540217    
       28533   1.548223    
       28534   1.556237    
       28535   1.564259    
       28536   1.572288    
       28537   1.580323    
       28538   1.588365    
       28539   1.596412    
       28540   1.604464    
       28541   1.612520    
       28542   1.620581    
       28543   1.628645    
       28544   1.636713    
       28545   1.644784    
       28546   1.652858    
       28547   1.660934    
       28548   1.669013    
       28549   1.677093    
       28550   1.685175    
       28551   1.693257    
       28552   1.701340    
       28553   1.709424    
       28554   1.717506    
       28555   1.725587    
       28556   1.733666    
       28557   1.741740    
       28558   1.749807    
       28559   1.757861    
       28560   1.765896    
       28561   1.773900    
       28562   1.781857    
       28563   1.789761    
       28564   1.797618    
       28565   1.805443    
       28566   1.813251    
       28567   1.821053    
       28568   1.828856    
       28569   1.836664    
       28570   1.844481    
       28571   1.852308    
       28572   1.860147    
       28573   1.867996    
       28574   1.875857    
       28575   1.883729    
       28576   1.891611    
       28577   1.899503    
       28578   1.907403    
       28579   1.915311    
       28580   1.923225    
       28581   1.931143    
       28582   1.939061    
       28583   1.946974    
       28584   1.954872    
       28585   1.962738    
       28586   1.970545    
       28587   1.978246    
       28588   1.985784    
       28589   1.993106    
       28590   2.000157    
       28591   2.006859    
       28592   2.013131    
       28593   2.018970    
       28594   2.024473    
       28595   2.029774    
       28596   2.034994    
       28597   2.040224    
       28598   2.045534    
       28599   2.050961    
       28600   2.056525    
       28601   2.062233    
       28602   2.068089    
       28603   2.074084    
       28604   2.080209    
       28605   2.086453    
       28606   2.092810    
       28607   2.099272    
       28608   2.105829    
       28609   2.112472    
       28610   2.119184    
       28611   2.125936    
