      167179   2.145982    
      167180   2.137923    
      167181   2.129867    
      167182   2.121814    
      167183   2.113764    
      167184   2.105717    
      167185   2.097673    
      167186   2.089633    
      167187   2.081597    
      167188   2.073565    
      167189   2.065538    
      167190   2.057515    
      167191   2.049497    
      167192   2.041484    
      167193   2.033477    
      167194   2.025476    
      167195   2.017480    
      167196   2.009492    
      167197   2.001511    
      167198   1.993537    
      167199   1.985572    
      167200   1.977615    
      167201   1.969668    
      167202   1.961730    
      167203   1.953803    
      167204   1.945888    
      167205   1.937985    
      167206   1.930094    
      167207   1.922218    
      167208   1.914358    
      167209   1.906513    
      167210   1.898687    
      167211   1.890880    
      167212   1.883093    
      167213   1.875329    
      167214   1.867589    
      167215   1.859874    
      167216   1.852188    
      167217   1.844532    
      167218   1.836907    
      167219   1.829317    
      167220   1.821762    
      167221   1.814245    
      167222   1.806769    
      167223   1.799336    
      167224   1.791950    
      167225   1.784611    
      167226   1.777323    
      167227   1.770084    
      167228   1.762892    
      167229   1.755748    
      167230   1.748650    
      167231   1.741597    
      167232   1.734591    
      167233   1.727632    
      167234   1.720719    
      167235   1.713856    
      167236   1.707044    
      167237   1.700286    
      167238   1.693583    
      167239   1.686937    
      167240   1.680350    
      167241   1.673819    
      167242   1.667342    
      167243   1.660913    
      167244   1.654527    
      167245   1.648175    
      167246   1.641845    
      167247   1.635511    
      167248   1.629124    
      167249   1.622599    
      167250   1.615802    
      167251   1.608599    
      167252   1.601010    
      167253   1.593179    
      167254   1.585224    
      167255   1.577211    
      167256   1.569170    
      167257   1.561116    
      167258   1.553056    
      167259   1.544992    
      167260   1.536927    
      167261   1.528860    
      167262   1.520794    
      167263   1.512728    
      167264   1.504663    
      167265   1.496600    
      167266   1.488539    
      167267   1.480479    
      167268   1.472423    
      167269   1.464370    
      167270   1.456320    
      167271   1.448273    
      167272   1.440231    
      167273   1.432194    
      167274   1.424162    
      167275   1.416136    
      167276   1.408116    
      167277   1.400102    
      167278   1.392094    
      167279   1.384095    
      167280   1.376103    
      167281   1.368120    
      167282   1.360146    
      167283   1.352182    
      167284   1.344229    
      167285   1.336287    
      167286   1.328358    
      167287   1.320442    
      167288   1.312540    
      167289   1.304655    
      167290   1.296786    
      167291   1.288936    
      167292   1.281107    
      167293   1.273300    
      167294   1.265517    
      167295   1.257762    
      167296   1.250036    
      167297   1.242342    
      167298   1.234683    
      167299   1.227065    
      167300   1.219492    
      167301   1.211969    
      167302   1.204503    
      167303   1.197099    
      167304   1.189761    
      167305   1.182490    
      167306   1.175284    
      167307   1.168139    
      167308   1.161047    
      167309   1.153989    
      167310   1.146930    
      167311   1.139810    
      167312   1.132538    
      167313   1.125032    
      167314   1.117301    
      167315   1.109427    
      167316   1.101477    
      167317   1.093490    
      167318   1.085484    
      167319   1.077471    
      167320   1.069455    
      167321   1.061439    
      167322   1.053424    
      167323   1.045412    
      167324   1.037403    
      167325   1.029400    
      167326   1.021402    
      167327   1.013410    
      167328   1.005426    
      167329  0.9974517    
      167330  0.9894879    
      167331  0.9815360    
      167332  0.9735976    
      167333  0.9656744    
      167334  0.9577679    
      167335  0.9498799    
      167336  0.9420124    
      167337  0.9341677    
      167338  0.9263481    
      167339  0.9185565    
      167340  0.9107960    
      167341  0.9030704    
      167342  0.8953841    
      167343  0.8877423    
      167344  0.8801516    
      167345  0.8726197    
      167346  0.8651552    
      167347  0.8577669    
      167348  0.8504608    
      167349  0.8432404    
      167350  0.8361092    
      167351  0.8290722    
      167352  0.8221353    
      167353  0.8153036    
      167354  0.8085811    
      167355  0.8019695    
      167356  0.7954676    
      167357  0.7890711    
      167358  0.7827750    
      167359  0.7765747    
      167360  0.7704626    
      167361  0.7644302    
      167362  0.7584690    
      167363  0.7525709    
      167364  0.7467255    
      167365  0.7409132    
      167366  0.7350909    
      167367  0.7291713    
      167368  0.7230103    
      167369  0.7164389    
      167370  0.7094235    
      167371  0.7020925    
      167372  0.6945820    
      167373  0.6869764    
      167374  0.6793212    
      167375  0.6716411    
      167376  0.6639501    
      167377  0.6562574    
      167378  0.6485692    
      167379  0.6408904    
      167380  0.6332251    
      167381  0.6255770    
      167382  0.6179492    
      167383  0.6103451    
      167384  0.6027676    
      167385  0.5952200    
      167386  0.5877057    
      167387  0.5802290    
      167388  0.5727944    
      167389  0.5654068    
      167390  0.5580708    
      167391  0.5507897    
      167392  0.5435655    
      167393  0.5363990    
      167394  0.5292901    
      167395  0.5222366    
      167396  0.5152292    
      167397  0.5082499    
      167398  0.5012640    
      167399  0.4942100    
      167400  0.4869882    
      167401  0.4794897    
      167402  0.4716886    
      167403  0.4636739    
      167404  0.4555342    
      167405  0.4473274    
      167406  0.4390851    
      167407  0.4308246    
      167408  0.4225550    
      167409  0.4142806    
      167410  0.4060038    
      167411  0.3977259    
      167412  0.3894475    
      167413  0.3811687    
      167414  0.3728898    
      167415  0.3646107    
      167416  0.3563316    
      167417  0.3480525    
      167418  0.3397733    
      167419  0.3314940    
      167420  0.3232147    
      167421  0.3149352    
      167422  0.3066556    
      167423  0.2983759    
      167424  0.2900961    
      167425  0.2818161    
      167426  0.2735360    
      167427  0.2652557    
      167428  0.2569753    
      167429  0.2486947    
      167430  0.2404141    
      167431  0.2321333    
      167432  0.2238523    
      167433  0.2155713    
      167434  0.2072902    
      167435  0.1990091    
      167436  0.1907279    
      167437  0.1824467    
      167438  0.1741655    
      167439  0.1658844    
      167440  0.1576035    
      167441  0.1493228    
      167442  0.1410425    
      167443  0.1327628    
      167444  0.1244838    
      167445  0.1162058    
      167446  0.1079292    
      167447  9.9654377E-02
      167448  9.1382004E-02
      167449  8.3112985E-02
      167450  7.4848816E-02
      167451  6.6592097E-02
      167452  5.8347892E-02
      167453  5.0126791E-02
      167454  4.1952446E-02
      167455  3.3880226E-02
      167456  2.6043974E-02
      167457  1.8771201E-02
      167458  1.2859613E-02
      167459  1.0153955E-02
      167460  1.2856810E-02
      167461  1.8764121E-02
      167462  2.6030121E-02
      167463  3.3855874E-02
      167464  4.1912161E-02
      167465  5.0062679E-02
      167466  5.8248859E-02
      167467  6.6443309E-02
      167468  7.4630998E-02
      167469  8.2801484E-02
      167470  9.0945914E-02
      167471  9.9056348E-02
      167472  0.1071248    
      167473  0.1151399    
      167474  0.1230858    
      167475  0.1309396    
      167476  0.1386616    
      167477  0.1461828    
      167478  0.1534200    
      167479  0.1603193    
      167480  0.1669123    
      167481  0.1733108    
      167482  0.1796313    
      167483  0.1859553    
      167484  0.1923292    
      167485  0.1987732    
      167486  0.2052950    
      167487  0.2118955    
      167488  0.2185731    
      167489  0.2253260    
      167490  0.2321530    
      167491  0.2390521    
      167492  0.2460195    
      167493  0.2530537    
      167494  0.2601565    
      167495  0.2673304    
      167496  0.2745774    
      167497  0.2819006    
      167498  0.2893035    
      167499  0.2967843    
      167500  0.3043359    
      167501  0.3119494    
      167502  0.3196182    
      167503  0.3273374    
      167504  0.3351026    
      167505  0.3429093    
      167506  0.3507535    
      167507  0.3586312    
      167508  0.3665385    
      167509  0.3744722    
      167510  0.3824295    
      167511  0.3904079    
      167512  0.3984051    
      167513  0.4064193    
      167514  0.4144487    
      167515  0.4224918    
      167516  0.4305473    
      167517  0.4386139    
      167518  0.4466906    
      167519  0.4547764    
      167520  0.4628705    
      167521  0.4709720    
      167522  0.4790803    
      167523  0.4871946    
      167524  0.4953143    
      167525  0.5034387    
      167526  0.5115671    
      167527  0.5196986    
      167528  0.5278324    
      167529  0.5359672    
      167530  0.5441014    
      167531  0.5522326    
      167532  0.5603578    
      167533  0.5684722    
      167534  0.5765690    
      167535  0.5846381    
      167536  0.5926647    
      167537  0.6006278    
      167538  0.6084993    
      167539  0.6162452    
      167540  0.6238250    
      167541  0.6311927    
      167542  0.6383086    
      167543  0.6451578    
      167544  0.6517648    
      167545  0.6581911    
      167546  0.6645024    
      167547  0.6707489    
      167548  0.6769613    
      167549  0.6831558    
      167550  0.6893404    
      167551  0.6955196    
      167552  0.7016968    
      167553  0.7078758    
      167554  0.7140622    
      167555  0.7202636    
      167556  0.7264908    
      167557  0.7327579    
      167558  0.7390785    
      167559  0.7454632    
      167560  0.7519201    
      167561  0.7584552    
      167562  0.7650723    
      167563  0.7717726    
      167564  0.7785550    
      167565  0.7854182    
      167566  0.7923592    
      167567  0.7993739    
      167568  0.8064582    
      167569  0.8136104    
      167570  0.8208300    
      167571  0.8281175    
      167572  0.8354741    
      167573  0.8429003    
      167574  0.8503940    
      167575  0.8579509    
      167576  0.8655653    
      167577  0.8732319    
      167578  0.8809474    
      167579  0.8887083    
      167580  0.8965115    
      167581  0.9043534    
      167582  0.9122303    
      167583  0.9201384    
      167584  0.9280745    
      167585  0.9360358    
      167586  0.9440192    
      167587  0.9520226    
      167588  0.9600435    
      167589  0.9680804    
      167590  0.9761316    
      167591  0.9841955    
      167592  0.9922709    
      167593   1.000357    
      167594   1.008452    
      167595   1.016555    
      167596   1.024667    
      167597   1.032785    
      167598   1.040910    
      167599   1.049040    
      167600   1.057176    
      167601   1.065317    
      167602   1.073462    
      167603   1.081611    
      167604   1.089764    
      167605   1.097920    
      167606   1.106080    
      167607   1.114242    
      167608   1.122407    
      167609   1.130574    
      167610   1.138744    
      167611   1.146916    
      167612   1.155089    
      167613   1.163264    
      167614   1.171441    
      167615   1.179619    
      167616   1.187799    
      167617   1.195979    
      167618   1.204161    
      167619   1.212344    
      167620   1.220528    
      167621   1.228712    
      167622   1.236898    
      167623   1.245084    
      167624   1.253270    
      167625   1.261457    
      167626   1.269645    
      167627   1.277833    
      167628   1.286022    
      167629   1.294211    
      167630   1.302400    
      167631   1.310589    
      167632   1.318779    
      167633   1.326969    
      167634   1.335159    
      167635   1.343349    
      167636   1.351540    
      167637   1.359731    
      167638   1.367922    
      167639   1.376112    
      167640   1.384303    
      167641   1.392494    
      167642   1.400686    
      167643   1.408877    
      167644   1.417068    
      167645   1.425259    
      167646   1.433450    
      167647   1.441642    
      167648   1.449833    
      167649   1.458024    
      167650   1.466215    
      167651   1.474407    
      167652   1.482598    
      167653   1.490789    
      167654   1.498980    
      167655   1.507172    
      167656   1.515363    
      167657   1.523554    
      167658   1.531745    
      167659   1.539937    
      167660   1.548128    
      167661   1.556319    
