      108361   1.512528    
      108362   1.504460    
      108363   1.496391    
      108364   1.488324    
      108365   1.480258    
      108366   1.472192    
      108367   1.464128    
      108368   1.456065    
      108369   1.448003    
      108370   1.439943    
      108371   1.431884    
      108372   1.423827    
      108373   1.415771    
      108374   1.407718    
      108375   1.399666    
      108376   1.391617    
      108377   1.383569    
      108378   1.375525    
      108379   1.367482    
      108380   1.359443    
      108381   1.351406    
      108382   1.343372    
      108383   1.335342    
      108384   1.327315    
      108385   1.319292    
      108386   1.311273    
      108387   1.303258    
      108388   1.295248    
      108389   1.287242    
      108390   1.279241    
      108391   1.271246    
      108392   1.263256    
      108393   1.255273    
      108394   1.247296    
      108395   1.239326    
      108396   1.231363    
      108397   1.223408    
      108398   1.215461    
      108399   1.207524    
      108400   1.199596    
      108401   1.191678    
      108402   1.183771    
      108403   1.175876    
      108404   1.167993    
      108405   1.160124    
      108406   1.152269    
      108407   1.144430    
      108408   1.136609    
      108409   1.128805    
      108410   1.121022    
      108411   1.113259    
      108412   1.105520    
      108413   1.097806    
      108414   1.090120    
      108415   1.082464    
      108416   1.074841    
      108417   1.067255    
      108418   1.059709    
      108419   1.052209    
      108420   1.044760    
      108421   1.037367    
      108422   1.030033    
      108423   1.022759    
      108424   1.015543    
      108425   1.008383    
      108426   1.001274    
      108427  0.9942143    
      108428  0.9871984    
      108429  0.9802213    
      108430  0.9732788    
      108431  0.9663677    
      108432  0.9594877    
      108433  0.9526401    
      108434  0.9458277    
      108435  0.9390546    
      108436  0.9323255    
      108437  0.9256452    
      108438  0.9190187    
      108439  0.9124503    
      108440  0.9059431    
      108441  0.8994983    
      108442  0.8931146    
      108443  0.8867894    
      108444  0.8805194    
      108445  0.8742979    
      108446  0.8681143    
      108447  0.8619508    
      108448  0.8557738    
      108449  0.8495222    
      108450  0.8430921    
      108451  0.8363262    
      108452  0.8290957    
      108453  0.8214710    
      108454  0.8136164    
      108455  0.8056490    
      108456  0.7976294    
      108457  0.7895858    
      108458  0.7815312    
      108459  0.7734714    
      108460  0.7654090    
      108461  0.7573455    
      108462  0.7492818    
      108463  0.7412184    
      108464  0.7331561    
      108465  0.7250950    
      108466  0.7170359    
      108467  0.7089790    
      108468  0.7009248    
      108469  0.6928735    
      108470  0.6848257    
      108471  0.6767818    
      108472  0.6687422    
      108473  0.6607072    
      108474  0.6526775    
      108475  0.6446534    
      108476  0.6366352    
      108477  0.6286234    
      108478  0.6206185    
      108479  0.6126210    
      108480  0.6046314    
      108481  0.5966504    
      108482  0.5886785    
      108483  0.5807164    
      108484  0.5727648    
      108485  0.5648245    
      108486  0.5568964    
      108487  0.5489815    
      108488  0.5410807    
      108489  0.5331950    
      108490  0.5253254    
      108491  0.5174721    
      108492  0.5096349    
      108493  0.5018122    
      108494  0.4940020    
      108495  0.4861999    
      108496  0.4783982    
      108497  0.4705839    
      108498  0.4627372    
      108499  0.4548307    
      108500  0.4468333    
      108501  0.4387378    
      108502  0.4305734    
      108503  0.4223667    
      108504  0.4141336    
      108505  0.4058838    
      108506  0.3976235    
      108507  0.3893566    
      108508  0.3810854    
      108509  0.3728115    
      108510  0.3645359    
      108511  0.3562593    
      108512  0.3479820    
      108513  0.3397045    
      108514  0.3314270    
      108515  0.3231497    
      108516  0.3148729    
      108517  0.3065966    
      108518  0.2983209    
      108519  0.2900457    
      108520  0.2817710    
      108521  0.2734967    
      108522  0.2652224    
      108523  0.2569481    
      108524  0.2486733    
      108525  0.2403979    
      108526  0.2321217    
      108527  0.2238445    
      108528  0.2155662    
      108529  0.2072871    
      108530  0.1990073    
      108531  0.1907270    
      108532  0.1824464    
      108533  0.1741656    
      108534  0.1658848    
      108535  0.1576041    
      108536  0.1493235    
      108537  0.1410433    
      108538  0.1327636    
      108539  0.1244846    
      108540  0.1162067    
      108541  0.1079301    
      108542  9.9655293E-02
      108543  9.1382913E-02
      108544  8.3113894E-02
      108545  7.4849710E-02
      108546  6.6592976E-02
      108547  5.8348756E-02
      108548  5.0127625E-02
      108549  4.1953243E-02
      108550  3.3880964E-02
      108551  2.6044639E-02
      108552  1.8771783E-02
      108553  1.2860136E-02
      108554  1.0154561E-02
      108555  1.2857869E-02
      108556  1.8766090E-02
      108557  2.6033666E-02
      108558  3.3862218E-02
      108559  4.1923735E-02
      108560  5.0084084E-02
      108561  5.8287874E-02
      108562  6.6511847E-02
      108563  7.4745931E-02
      108564  8.2985573E-02
      108565  9.1228604E-02
      108566  9.9473879E-02
      108567  0.1077207    
      108568  0.1159685    
      108569  0.1242173    
      108570  0.1324670    
      108571  0.1407180    
      108572  0.1489707    
      108573  0.1572254    
      108574  0.1654821    
      108575  0.1737403    
      108576  0.1819990    
      108577  0.1902564    
      108578  0.1985096    
      108579  0.2067533    
      108580  0.2149788    
      108581  0.2231714    
      108582  0.2313071    
      108583  0.2393482    
      108584  0.2472415    
      108585  0.2549479    
      108586  0.2625099    
      108587  0.2699915    
      108588  0.2774461    
      108589  0.2849094    
      108590  0.2923989    
      108591  0.2999208    
      108592  0.3074788    
      108593  0.3150746    
      108594  0.3227080    
      108595  0.3303772    
      108596  0.3380800    
      108597  0.3458141    
      108598  0.3535771    
      108599  0.3613669    
      108600  0.3691813    
      108601  0.3770185    
      108602  0.3848766    
      108603  0.3927540    
      108604  0.4006490    
      108605  0.4085603    
      108606  0.4164867    
      108607  0.4244269    
      108608  0.4323798    
      108609  0.4403447    
      108610  0.4483204    
      108611  0.4563063    
      108612  0.4643016    
      108613  0.4723054    
      108614  0.4803172    
      108615  0.4883363    
      108616  0.4963621    
      108617  0.5043942    
      108618  0.5124320    
      108619  0.5204751    
      108620  0.5285231    
      108621  0.5365754    
      108622  0.5446318    
      108623  0.5526918    
      108624  0.5607548    
      108625  0.5688200    
      108626  0.5768862    
      108627  0.5849504    
      108628  0.5930064    
      108629  0.6010394    
      108630  0.6090170    
      108631  0.6168703    
      108632  0.6244699    
      108633  0.6316456    
      108634  0.6383641    
      108635  0.6447918    
      108636  0.6510918    
      108637  0.6573616    
      108638  0.6636533    
      108639  0.6699898    
      108640  0.6763777    
      108641  0.6828189    
      108642  0.6893145    
      108643  0.6958637    
      108644  0.7024660    
      108645  0.7091210    
      108646  0.7158284    
      108647  0.7225881    
      108648  0.7293997    
      108649  0.7362629    
      108650  0.7431774    
      108651  0.7501424    
      108652  0.7571577    
      108653  0.7642238    
      108654  0.7713413    
      108655  0.7785112    
      108656  0.7857339    
      108657  0.7930083    
      108658  0.8003298    
      108659  0.8076916    
      108660  0.8150872    
      108661  0.8225116    
      108662  0.8299592    
      108663  0.8374230    
      108664  0.8448940    
      108665  0.8523600    
      108666  0.8598036    
      108667  0.8672005    
      108668  0.8745150    
      108669  0.8816948    
      108670  0.8886638    
      108671  0.8953210    
      108672  0.9015704    
      108673  0.9073985    
      108674  0.9128979    
      108675  0.9181980    
      108676  0.9234165    
      108677  0.9286473    
      108678  0.9339571    
      108679  0.9393845    
      108680  0.9449483    
      108681  0.9506576    
      108682  0.9565129    
      108683  0.9625083    
      108684  0.9686334    
      108685  0.9748781    
      108686  0.9812360    
      108687  0.9876992    
      108688  0.9942598    
      108689   1.000911    
      108690   1.007649    
      108691   1.014468    
      108692   1.021367    
      108693   1.028343    
      108694   1.035395    
      108695   1.042522    
      108696   1.049725    
      108697   1.057006    
      108698   1.064368    
      108699   1.071813    
      108700   1.079332    
      108701   1.086918    
      108702   1.094562    
      108703   1.102259    
      108704   1.110004    
      108705   1.117793    
      108706   1.125623    
      108707   1.133487    
      108708   1.141384    
      108709   1.149310    
      108710   1.157260    
      108711   1.165233    
      108712   1.173226    
      108713   1.181237    
      108714   1.189263    
      108715   1.197304    
      108716   1.205358    
      108717   1.213423    
      108718   1.221498    
      108719   1.229583    
      108720   1.237676    
      108721   1.245777    
      108722   1.253885    
      108723   1.261999    
      108724   1.270118    
      108725   1.278242    
      108726   1.286370    
      108727   1.294501    
      108728   1.302634    
      108729   1.310769    
      108730   1.318903    
      108731   1.327034    
      108732   1.335159    
      108733   1.343273    
      108734   1.351369    
      108735   1.359438    
      108736   1.367464    
      108737   1.375427    
      108738   1.383298    
      108739   1.391043    
      108740   1.398622    
      108741   1.405989    
      108742   1.413103    
      108743   1.419951    
      108744   1.426557    
      108745   1.432982    
      108746   1.439293    
      108747   1.445539    
      108748   1.451750    
      108749   1.457944    
      108750   1.464128    
      108751   1.470307    
      108752   1.476484    
      108753   1.482663    
      108754   1.488849    
      108755   1.495050    
      108756   1.501277    
      108757   1.507544    
      108758   1.513865    
      108759   1.520249    
      108760   1.526706    
      108761   1.533241    
      108762   1.539858    
      108763   1.546558    
      108764   1.553340    
      108765   1.560203    
      108766   1.567144    
      108767   1.574159    
      108768   1.581243    
      108769   1.588396    
      108770   1.595615    
      108771   1.602903    
      108772   1.610259    
      108773   1.617685    
      108774   1.625178    
      108775   1.632735    
      108776   1.640348    
      108777   1.648015    
      108778   1.655730    
      108779   1.663490    
      108780   1.671293    
      108781   1.679135    
      108782   1.687011    
      108783   1.694919    
      108784   1.702855    
      108785   1.710816    
      108786   1.718799    
      108787   1.726802    
      108788   1.734823    
      108789   1.742860    
      108790   1.750911    
      108791   1.758974    
      108792   1.767050    
      108793   1.775135    
      108794   1.783230    
      108795   1.791334    
      108796   1.799445    
      108797   1.807563    
      108798   1.815688    
      108799   1.823818    
      108800   1.831954    
      108801   1.840095    
      108802   1.848240    
      108803   1.856389    
      108804   1.864542    
      108805   1.872698    
      108806   1.880857    
      108807   1.889019    
      108808   1.897184    
      108809   1.905351    
      108810   1.913521    
      108811   1.921693    
      108812   1.929866    
      108813   1.938041    
      108814   1.946218    
      108815   1.954396    
      108816   1.962575    
      108817   1.970756    
      108818   1.978938    
      108819   1.987121    
      108820   1.995304    
      108821   2.003489    
      108822   2.011674    
      108823   2.019860    
      108824   2.028047    
      108825   2.036234    
      108826   2.044421    
      108827   2.052609    
      108828   2.060798    
      108829   2.068986    
      108830   2.077174    
      108831   2.085359    
      108832   2.093538    
      108833   2.101700    
      108834   2.109813    
