      173911   2.137609    
      173912   2.129596    
      173913   2.121589    
      173914   2.113588    
      173915   2.105593    
      173916   2.097604    
      173917   2.089623    
      173918   2.081649    
      173919   2.073684    
      173920   2.065727    
      173921   2.057780    
      173922   2.049842    
      173923   2.041915    
      173924   2.034000    
      173925   2.026096    
      173926   2.018206    
      173927   2.010330    
      173928   2.002470    
      173929   1.994625    
      173930   1.986799    
      173931   1.978992    
      173932   1.971205    
      173933   1.963441    
      173934   1.955701    
      173935   1.947986    
      173936   1.940300    
      173937   1.932644    
      173938   1.925019    
      173939   1.917429    
      173940   1.909874    
      173941   1.902358    
      173942   1.894882    
      173943   1.887449    
      173944   1.880062    
      173945   1.872724    
      173946   1.865435    
      173947   1.858196    
      173948   1.851005    
      173949   1.843861    
      173950   1.836762    
      173951   1.829710    
      173952   1.822704    
      173953   1.815744    
      173954   1.808832    
      173955   1.801969    
      173956   1.795157    
      173957   1.788399    
      173958   1.781696    
      173959   1.775050    
      173960   1.768463    
      173961   1.761932    
      173962   1.755455    
      173963   1.749027    
      173964   1.742640    
      173965   1.736288    
      173966   1.729958    
      173967   1.723625    
      173968   1.717238    
      173969   1.710713    
      173970   1.703916    
      173971   1.696713    
      173972   1.689124    
      173973   1.681293    
      173974   1.673339    
      173975   1.665325    
      173976   1.657284    
      173977   1.649230    
      173978   1.641170    
      173979   1.633106    
      173980   1.625041    
      173981   1.616974    
      173982   1.608908    
      173983   1.600842    
      173984   1.592777    
      173985   1.584714    
      173986   1.576653    
      173987   1.568593    
      173988   1.560537    
      173989   1.552483    
      173990   1.544433    
      173991   1.536387    
      173992   1.528345    
      173993   1.520308    
      173994   1.512276    
      173995   1.504250    
      173996   1.496229    
      173997   1.488215    
      173998   1.480208    
      173999   1.472209    
      174000   1.464217    
      174001   1.456234    
      174002   1.448260    
      174003   1.440296    
      174004   1.432343    
      174005   1.424401    
      174006   1.416471    
      174007   1.408555    
      174008   1.400654    
      174009   1.392768    
      174010   1.384899    
      174011   1.377050    
      174012   1.369220    
      174013   1.361413    
      174014   1.353631    
      174015   1.345875    
      174016   1.338149    
      174017   1.330455    
      174018   1.322797    
      174019   1.315179    
      174020   1.307605    
      174021   1.300083    
      174022   1.292616    
      174023   1.285212    
      174024   1.277875    
      174025   1.270604    
      174026   1.263398    
      174027   1.256253    
      174028   1.249161    
      174029   1.242103    
      174030   1.235044    
      174031   1.227924    
      174032   1.220652    
      174033   1.213146    
      174034   1.205415    
      174035   1.197541    
      174036   1.189591    
      174037   1.181603    
      174038   1.173598    
      174039   1.165585    
      174040   1.157569    
      174041   1.149552    
      174042   1.141538    
      174043   1.133526    
      174044   1.125518    
      174045   1.117514    
      174046   1.109516    
      174047   1.101524    
      174048   1.093540    
      174049   1.085566    
      174050   1.077602    
      174051   1.069650    
      174052   1.061712    
      174053   1.053788    
      174054   1.045882    
      174055   1.037994    
      174056   1.030127    
      174057   1.022282    
      174058   1.014462    
      174059   1.006671    
      174060  0.9989102    
      174061  0.9911847    
      174062  0.9834983    
      174063  0.9758566    
      174064  0.9682659    
      174065  0.9607340    
      174066  0.9532695    
      174067  0.9458814    
      174068  0.9385753    
      174069  0.9313550    
      174070  0.9242239    
      174071  0.9171870    
      174072  0.9102501    
      174073  0.9034184    
      174074  0.8966960    
      174075  0.8900846    
      174076  0.8835829    
      174077  0.8771865    
      174078  0.8708905    
      174079  0.8646904    
      174080  0.8585786    
      174081  0.8525463    
      174082  0.8465854    
      174083  0.8406876    
      174084  0.8348427    
      174085  0.8290311    
      174086  0.8232101    
      174087  0.8172924    
      174088  0.8111345    
      174089  0.8045677    
      174090  0.7975568    
      174091  0.7902292    
      174092  0.7827215    
      174093  0.7751182    
      174094  0.7674651    
      174095  0.7597870    
      174096  0.7520980    
      174097  0.7444073    
      174098  0.7367211    
      174099  0.7290444    
      174100  0.7213814    
      174101  0.7137356    
      174102  0.7061104    
      174103  0.6985090    
      174104  0.6909344    
      174105  0.6833899    
      174106  0.6758792    
      174107  0.6684063    
      174108  0.6609761    
      174109  0.6535934    
      174110  0.6462630    
      174111  0.6389880    
      174112  0.6317707    
      174113  0.6246127    
      174114  0.6175160    
      174115  0.6104838    
      174116  0.6035198    
      174117  0.5966275    
      174118  0.5898103    
      174119  0.5830708    
      174120  0.5764095    
      174121  0.5698212    
      174122  0.5632873    
      174123  0.5567702    
      174124  0.5502017    
      174125  0.5434648    
      174126  0.5363958    
      174127  0.5288808    
      174128  0.5210087    
      174129  0.5129317    
      174130  0.5047506    
      174131  0.4965186    
      174132  0.4882624    
      174133  0.4799947    
      174134  0.4717219    
      174135  0.4634467    
      174136  0.4551705    
      174137  0.4468936    
      174138  0.4386165    
      174139  0.4303390    
      174140  0.4220614    
      174141  0.4137836    
      174142  0.4055056    
      174143  0.3972274    
      174144  0.3889491    
      174145  0.3806705    
      174146  0.3723918    
      174147  0.3641129    
      174148  0.3558337    
      174149  0.3475544    
      174150  0.3392749    
      174151  0.3309953    
      174152  0.3227155    
      174153  0.3144356    
      174154  0.3061556    
      174155  0.2978755    
      174156  0.2895952    
      174157  0.2813150    
      174158  0.2730346    
      174159  0.2647542    
      174160  0.2564737    
      174161  0.2481932    
      174162  0.2399126    
      174163  0.2316321    
      174164  0.2233516    
      174165  0.2150710    
      174166  0.2067905    
      174167  0.1985101    
      174168  0.1902297    
      174169  0.1819493    
      174170  0.1736692    
      174171  0.1653892    
      174172  0.1571095    
      174173  0.1488302    
      174174  0.1405513    
      174175  0.1322730    
      174176  0.1239957    
      174177  0.1157196    
      174178  0.1074452    
      174179  9.9173173E-02
      174180  9.0904519E-02
      174181  8.2640678E-02
      174182  7.4383855E-02
      174183  6.6137709E-02
      174184  5.7908669E-02
      174185  4.9709059E-02
      174186  4.1564357E-02
      174187  3.3531334E-02
      174188  2.5744002E-02
      174189  1.8526709E-02
      174190  1.2664769E-02
      174191  9.9672750E-03
      174192  1.2579548E-02
      174193  1.8316364E-02
      174194  2.5350686E-02
      174195  3.2885406E-02
      174196  4.0591508E-02
      174197  4.8338413E-02
      174198  5.6078915E-02
      174199  6.3793674E-02
      174200  7.1464695E-02
      174201  7.9058573E-02
      174202  8.6537860E-02
      174203  9.3885303E-02
      174204  0.1011163    
      174205  0.1082645    
      174206  0.1153646    
      174207  0.1224451    
      174208  0.1295265    
      174209  0.1366231    
      174210  0.1437442    
      174211  0.1508962    
      174212  0.1580822    
      174213  0.1653058    
      174214  0.1725715    
      174215  0.1798851    
      174216  0.1872525    
      174217  0.1946784    
      174218  0.2021648    
      174219  0.2097101    
      174220  0.2173099    
      174221  0.2249601    
      174222  0.2326577    
      174223  0.2403999    
      174224  0.2481837    
      174225  0.2560059    
      174226  0.2638629    
      174227  0.2717514    
      174228  0.2796681    
      174229  0.2876102    
      174230  0.2955749    
      174231  0.3035600    
      174232  0.3115634    
      174233  0.3195833    
      174234  0.3276180    
      174235  0.3356660    
      174236  0.3437260    
      174237  0.3517970    
      174238  0.3598777    
      174239  0.3679673    
      174240  0.3760650    
      174241  0.3841699    
      174242  0.3922813    
      174243  0.4003987    
      174244  0.4085212    
      174245  0.4166484    
      174246  0.4247794    
      174247  0.4329134    
      174248  0.4410496    
      174249  0.4491867    
      174250  0.4573230    
      174251  0.4654564    
      174252  0.4735837    
      174253  0.4817002    
      174254  0.4897991    
      174255  0.4978704    
      174256  0.5058993    
      174257  0.5138649    
      174258  0.5217392    
      174259  0.5294881    
      174260  0.5370713    
      174261  0.5444437    
      174262  0.5515647    
      174263  0.5584187    
      174264  0.5650297    
      174265  0.5714589    
      174266  0.5777721    
      174267  0.5840199    
      174268  0.5902332    
      174269  0.5964283    
      174270  0.6026134    
      174271  0.6087931    
      174272  0.6149708    
      174273  0.6211503    
      174274  0.6273369    
      174275  0.6335385    
      174276  0.6397660    
      174277  0.6460333    
      174278  0.6523541    
      174279  0.6587390    
      174280  0.6651959    
      174281  0.6717312    
      174282  0.6783484    
      174283  0.6850487    
      174284  0.6918314    
      174285  0.6986945    
      174286  0.7056357    
      174287  0.7126507    
      174288  0.7197356    
      174289  0.7268888    
      174290  0.7341099    
      174291  0.7413992    
      174292  0.7487574    
      174293  0.7561845    
      174294  0.7636785    
      174295  0.7712352    
      174296  0.7788490    
      174297  0.7865151    
      174298  0.7942300    
      174299  0.8019905    
      174300  0.8097934    
      174301  0.8176349    
      174302  0.8255117    
      174303  0.8334198    
      174304  0.8413560    
      174305  0.8493173    
      174306  0.8573009    
      174307  0.8653043    
      174308  0.8733255    
      174309  0.8813624    
      174310  0.8894136    
      174311  0.8974776    
      174312  0.9055531    
      174313  0.9136389    
      174314  0.9217342    
      174315  0.9298379    
      174316  0.9379494    
      174317  0.9460678    
      174318  0.9541926    
      174319  0.9623232    
      174320  0.9704592    
      174321  0.9785999    
      174322  0.9867451    
      174323  0.9948944    
      174324   1.003047    
      174325   1.011204    
      174326   1.019363    
      174327   1.027526    
      174328   1.035691    
      174329   1.043858    
      174330   1.052028    
      174331   1.060200    
      174332   1.068373    
      174333   1.076548    
      174334   1.084725    
      174335   1.092903    
      174336   1.101083    
      174337   1.109264    
      174338   1.117446    
      174339   1.125628    
      174340   1.133812    
      174341   1.141997    
      174342   1.150182    
      174343   1.158368    
      174344   1.166555    
      174345   1.174742    
      174346   1.182930    
      174347   1.191118    
      174348   1.199307    
      174349   1.207496    
      174350   1.215685    
      174351   1.223875    
      174352   1.232064    
      174353   1.240254    
      174354   1.248445    
      174355   1.256635    
      174356   1.264825    
      174357   1.273016    
      174358   1.281207    
      174359   1.289398    
      174360   1.297589    
      174361   1.305780    
      174362   1.313971    
      174363   1.322162    
      174364   1.330353    
      174365   1.338545    
      174366   1.346736    
      174367   1.354927    
      174368   1.363118    
      174369   1.371310    
      174370   1.379501    
      174371   1.387692    
      174372   1.395884    
      174373   1.404075    
      174374   1.412266    
      174375   1.420457    
      174376   1.428649    
      174377   1.436840    
      174378   1.445031    
      174379   1.453222    
      174380   1.461414    
      174381   1.469605    
