      124041   1.711051    
      124042   1.702982    
      124043   1.694913    
      124044   1.686846    
      124045   1.678779    
      124046   1.670714    
      124047   1.662649    
      124048   1.654586    
      124049   1.646524    
      124050   1.638464    
      124051   1.630405    
      124052   1.622348    
      124053   1.614292    
      124054   1.606238    
      124055   1.598186    
      124056   1.590137    
      124057   1.582090    
      124058   1.574045    
      124059   1.566002    
      124060   1.557963    
      124061   1.549926    
      124062   1.541893    
      124063   1.533862    
      124064   1.525836    
      124065   1.517812    
      124066   1.509793    
      124067   1.501778    
      124068   1.493768    
      124069   1.485762    
      124070   1.477762    
      124071   1.469766    
      124072   1.461777    
      124073   1.453793    
      124074   1.445816    
      124075   1.437846    
      124076   1.429883    
      124077   1.421929    
      124078   1.413982    
      124079   1.406045    
      124080   1.398117    
      124081   1.390199    
      124082   1.382292    
      124083   1.374397    
      124084   1.366514    
      124085   1.358645    
      124086   1.350790    
      124087   1.342952    
      124088   1.335130    
      124089   1.327326    
      124090   1.319543    
      124091   1.311780    
      124092   1.304041    
      124093   1.296328    
      124094   1.288641    
      124095   1.280985    
      124096   1.273362    
      124097   1.265776    
      124098   1.258230    
      124099   1.250731    
      124100   1.243281    
      124101   1.235888    
      124102   1.228555    
      124103   1.221281    
      124104   1.214065    
      124105   1.206905    
      124106   1.199797    
      124107   1.192737    
      124108   1.185721    
      124109   1.178744    
      124110   1.171802    
      124111   1.164891    
      124112   1.158011    
      124113   1.151164    
      124114   1.144352    
      124115   1.137579    
      124116   1.130850    
      124117   1.124170    
      124118   1.117544    
      124119   1.110976    
      124120   1.104469    
      124121   1.098025    
      124122   1.091641    
      124123   1.085316    
      124124   1.079046    
      124125   1.072825    
      124126   1.066642    
      124127   1.060480    
      124128   1.054307    
      124129   1.048061    
      124130   1.041644    
      124131   1.034899    
      124132   1.027691    
      124133   1.020084    
      124134   1.012240    
      124135   1.004279    
      124136  0.9962640    
      124137  0.9882245    
      124138  0.9801736    
      124139  0.9721174    
      124140  0.9640585    
      124141  0.9559986    
      124142  0.9479384    
      124143  0.9398789    
      124144  0.9318203    
      124145  0.9237632    
      124146  0.9157081    
      124147  0.9076551    
      124148  0.8996051    
      124149  0.8915582    
      124150  0.8835148    
      124151  0.8754754    
      124152  0.8674405    
      124153  0.8594105    
      124154  0.8513858    
      124155  0.8433668    
      124156  0.8353540    
      124157  0.8273478    
      124158  0.8193487    
      124159  0.8113572    
      124160  0.8033739    
      124161  0.7953994    
      124162  0.7874343    
      124163  0.7794794    
      124164  0.7715354    
      124165  0.7636031    
      124166  0.7556835    
      124167  0.7477776    
      124168  0.7398864    
      124169  0.7320114    
      124170  0.7241538    
      124171  0.7163152    
      124172  0.7084973    
      124173  0.7007021    
      124174  0.6929315    
      124175  0.6851878    
      124176  0.6774736    
      124177  0.6697921    
      124178  0.6621468    
      124179  0.6545419    
      124180  0.6469822    
      124181  0.6394736    
      124182  0.6320220    
      124183  0.6246334    
      124184  0.6173106    
      124185  0.6100538    
      124186  0.6028612    
      124187  0.5957288    
      124188  0.5886466    
      124189  0.5815933    
      124190  0.5745303    
      124191  0.5673904    
      124192  0.5600792    
      124193  0.5525227    
      124194  0.5447514    
      124195  0.5368502    
      124196  0.5288816    
      124197  0.5208802    
      124198  0.5128633    
      124199  0.5048398    
      124200  0.4968139    
      124201  0.4887882    
      124202  0.4807643    
      124203  0.4727429    
      124204  0.4647251    
      124205  0.4567118    
      124206  0.4487036    
      124207  0.4407018    
      124208  0.4327073    
      124209  0.4247215    
      124210  0.4167459    
      124211  0.4087816    
      124212  0.4008303    
      124213  0.3928932    
      124214  0.3849719    
      124215  0.3770680    
      124216  0.3691832    
      124217  0.3613197    
      124218  0.3534797    
      124219  0.3456656    
      124220  0.3378803    
      124221  0.3301269    
      124222  0.3224091    
      124223  0.3147310    
      124224  0.3070971    
      124225  0.2995121    
      124226  0.2919787    
      124227  0.2844961    
      124228  0.2770579    
      124229  0.2696455    
      124230  0.2622224    
      124231  0.2547318    
      124232  0.2471008    
      124233  0.2392701    
      124234  0.2312686    
      124235  0.2231549    
      124236  0.2149743    
      124237  0.2067561    
      124238  0.1985179    
      124239  0.1902703    
      124240  0.1820191    
      124241  0.1737675    
      124242  0.1655166    
      124243  0.1572666    
      124244  0.1490176    
      124245  0.1407689    
      124246  0.1325205    
      124247  0.1242718    
      124248  0.1160230    
      124249  0.1077739    
      124250  9.9524975E-02
      124251  9.1276407E-02
      124252  8.3028845E-02
      124253  7.4783519E-02
      124254  6.6542961E-02
      124255  5.8312275E-02
      124256  5.0102167E-02
      124257  4.1936446E-02
      124258  3.3870734E-02
      124259  2.6039124E-02
      124260  1.8769410E-02
      124261  1.2859758E-02
      124262  1.0155672E-02
      124263  1.2861117E-02
      124264  1.8772868E-02
      124265  2.6045868E-02
      124266  3.3882312E-02
      124267  4.1954681E-02
      124268  5.0129134E-02
      124269  5.8350310E-02
      124270  6.6594571E-02
      124271  7.4851319E-02
      124272  8.3115518E-02
      124273  9.1384560E-02
      124274  9.9656954E-02
      124275  0.1079317    
      124276  0.1162084    
      124277  0.1244863    
      124278  0.1327654    
      124279  0.1410451    
      124280  0.1493254    
      124281  0.1576061    
      124282  0.1658871    
      124283  0.1741682    
      124284  0.1824494    
      124285  0.1907306    
      124286  0.1990118    
      124287  0.2072931    
      124288  0.2155743    
      124289  0.2238554    
      124290  0.2321364    
      124291  0.2404174    
      124292  0.2486982    
      124293  0.2569788    
      124294  0.2652592    
      124295  0.2735395    
      124296  0.2818197    
      124297  0.2900997    
      124298  0.2983795    
      124299  0.3066592    
      124300  0.3149388    
      124301  0.3232183    
      124302  0.3314976    
      124303  0.3397769    
      124304  0.3480561    
      124305  0.3563353    
      124306  0.3646144    
      124307  0.3728935    
      124308  0.3811725    
      124309  0.3894514    
      124310  0.3977302    
      124311  0.4060088    
      124312  0.4142872    
      124313  0.4225652    
      124314  0.4308423    
      124315  0.4391179    
      124316  0.4473905    
      124317  0.4556572    
      124318  0.4639125    
      124319  0.4721452    
      124320  0.4803347    
      124321  0.4884413    
      124322  0.4963986    
      124323  0.5041022    
      124324  0.5114899    
      124325  0.5186265    
      124326  0.5256153    
      124327  0.5325364    
      124328  0.5394408    
      124329  0.5463573    
      124330  0.5533038    
      124331  0.5602900    
      124332  0.5673195    
      124333  0.5743946    
      124334  0.5815170    
      124335  0.5886884    
      124336  0.5959102    
      124337  0.6031815    
      124338  0.6104982    
      124339  0.6178541    
      124340  0.6252429    
      124341  0.6326594    
      124342  0.6400983    
      124343  0.6475527    
      124344  0.6550139    
      124345  0.6624690    
      124346  0.6699009    
      124347  0.6772844    
      124348  0.6845830    
      124349  0.6917443    
      124350  0.6986915    
      124351  0.7053236    
      124352  0.7115474    
      124353  0.7173549    
      124354  0.7228403    
      124355  0.7281315    
      124356  0.7333440    
      124357  0.7385699    
      124358  0.7438753    
      124359  0.7493000    
      124360  0.7548641    
      124361  0.7605746    
      124362  0.7664307    
      124363  0.7724264    
      124364  0.7785513    
      124365  0.7847959    
      124366  0.7911536    
      124367  0.7976165    
      124368  0.8041770    
      124369  0.8108284    
      124370  0.8175657    
      124371  0.8243852    
      124372  0.8312841    
      124373  0.8382602    
      124374  0.8453121    
      124375  0.8524392    
      124376  0.8596417    
      124377  0.8669225    
      124378  0.8742850    
      124379  0.8817292    
      124380  0.8892492    
      124381  0.8968351    
      124382  0.9044790    
      124383  0.9121758    
      124384  0.9199207    
      124385  0.9277099    
      124386  0.9355391    
      124387  0.9434041    
      124388  0.9513011    
      124389  0.9592263    
      124390  0.9671769    
      124391  0.9751498    
      124392  0.9831426    
      124393  0.9911532    
      124394  0.9991798    
      124395   1.007221    
      124396   1.015274    
      124397   1.023339    
      124398   1.031415    
      124399   1.039500    
      124400   1.047593    
      124401   1.055694    
      124402   1.063802    
      124403   1.071915    
      124404   1.080034    
      124405   1.088159    
      124406   1.096287    
      124407   1.104418    
      124408   1.112551    
      124409   1.120686    
      124410   1.128820    
      124411   1.136951    
      124412   1.145076    
      124413   1.153190    
      124414   1.161286    
      124415   1.169355    
      124416   1.177381    
      124417   1.185344    
      124418   1.193214    
      124419   1.200959    
      124420   1.208538    
      124421   1.215905    
      124422   1.223019    
      124423   1.229867    
      124424   1.236473    
      124425   1.242898    
      124426   1.249209    
      124427   1.255455    
      124428   1.261667    
      124429   1.267860    
      124430   1.274045    
      124431   1.280223    
      124432   1.286400    
      124433   1.292579    
      124434   1.298765    
      124435   1.304966    
      124436   1.311193    
      124437   1.317460    
      124438   1.323781    
      124439   1.330165    
      124440   1.336622    
      124441   1.343157    
      124442   1.349774    
      124443   1.356474    
      124444   1.363257    
      124445   1.370120    
      124446   1.377061    
      124447   1.384075    
      124448   1.391160    
      124449   1.398312    
      124450   1.405531    
      124451   1.412819    
      124452   1.420175    
      124453   1.427601    
      124454   1.435094    
      124455   1.442651    
      124456   1.450265    
      124457   1.457931    
      124458   1.465646    
      124459   1.473407    
      124460   1.481209    
      124461   1.489051    
      124462   1.496927    
      124463   1.504835    
      124464   1.512771    
      124465   1.520732    
      124466   1.528715    
      124467   1.536718    
      124468   1.544739    
      124469   1.552776    
      124470   1.560827    
      124471   1.568890    
      124472   1.576966    
      124473   1.585051    
      124474   1.593146    
      124475   1.601250    
      124476   1.609361    
      124477   1.617479    
      124478   1.625604    
      124479   1.633734    
      124480   1.641870    
      124481   1.650011    
      124482   1.658156    
      124483   1.666305    
      124484   1.674458    
      124485   1.682614    
      124486   1.690773    
      124487   1.698936    
      124488   1.707101    
      124489   1.715268    
      124490   1.723438    
      124491   1.731609    
      124492   1.739782    
      124493   1.747957    
      124494   1.756134    
      124495   1.764312    
      124496   1.772492    
      124497   1.780672    
      124498   1.788854    
      124499   1.797037    
      124500   1.805220    
      124501   1.813405    
      124502   1.821590    
      124503   1.829776    
      124504   1.837963    
      124505   1.846150    
      124506   1.854337    
      124507   1.862525    
      124508   1.870714    
      124509   1.878903    
      124510   1.887092    
      124511   1.895281    
      124512   1.903471    
      124513   1.911661    
      124514   1.919851    
      124515   1.928041    
      124516   1.936232    
      124517   1.944422    
      124518   1.952613    
      124519   1.960804    
      124520   1.968995    
      124521   1.977186    
      124522   1.985377    
      124523   1.993568    
      124524   2.001759    
      124525   2.009950    
      124526   2.018142    
      124527   2.026333    
      124528   2.034524    
      124529   2.042715    
      124530   2.050907    
      124531   2.059098    
      124532   2.067289    
      124533   2.075480    
      124534   2.083672    
      124535   2.091863    
      124536   2.100054    
      124537   2.108244    
      124538   2.116434    
      124539   2.124621    
      124540   2.132802    
      124541   2.140965    
