       54041  0.7941059    
       54042  0.7858795    
       54043  0.7776517    
       54044  0.7694224    
       54045  0.7611918    
       54046  0.7529598    
       54047  0.7447265    
       54048  0.7364919    
       54049  0.7282559    
       54050  0.7200186    
       54051  0.7117800    
       54052  0.7035400    
       54053  0.6952987    
       54054  0.6870559    
       54055  0.6788119    
       54056  0.6705666    
       54057  0.6623198    
       54058  0.6540716    
       54059  0.6458220    
       54060  0.6375710    
       54061  0.6293184    
       54062  0.6210643    
       54063  0.6128087    
       54064  0.6045514    
       54065  0.5962924    
       54066  0.5880316    
       54067  0.5797690    
       54068  0.5715042    
       54069  0.5632372    
       54070  0.5549679    
       54071  0.5466961    
       54072  0.5384219    
       54073  0.5301460    
       54074  0.5218694    
       54075  0.5135924    
       54076  0.5053152    
       54077  0.4970378    
       54078  0.4887602    
       54079  0.4804823    
       54080  0.4722044    
       54081  0.4639263    
       54082  0.4556479    
       54083  0.4473695    
       54084  0.4390909    
       54085  0.4308122    
       54086  0.4225333    
       54087  0.4142542    
       54088  0.4059751    
       54089  0.3976958    
       54090  0.3894164    
       54091  0.3811369    
       54092  0.3728573    
       54093  0.3645775    
       54094  0.3562977    
       54095  0.3480178    
       54096  0.3397377    
       54097  0.3314576    
       54098  0.3231773    
       54099  0.3148971    
       54100  0.3066167    
       54101  0.2983362    
       54102  0.2900557    
       54103  0.2817751    
       54104  0.2734945    
       54105  0.2652137    
       54106  0.2569330    
       54107  0.2486521    
       54108  0.2403713    
       54109  0.2320903    
       54110  0.2238094    
       54111  0.2155284    
       54112  0.2072475    
       54113  0.1989665    
       54114  0.1906857    
       54115  0.1824049    
       54116  0.1741242    
       54117  0.1658438    
       54118  0.1575637    
       54119  0.1492840    
       54120  0.1410049    
       54121  0.1327264    
       54122  0.1244488    
       54123  0.1161723    
       54124  0.1078972    
       54125  9.9624142E-02
       54126  9.1353640E-02
       54127  8.3086684E-02
       54128  7.4824795E-02
       54129  6.6570595E-02
       54130  5.8329102E-02
       54131  5.0110850E-02
       54132  4.1939415E-02
       54133  3.3870086E-02
       54134  2.6036615E-02
       54135  1.8766386E-02
       54136  1.2856968E-02
       54137  1.0152932E-02
       54138  1.2857120E-02
       54139  1.8766768E-02
       54140  2.6037343E-02
       54141  3.3871323E-02
       54142  4.1941315E-02
       54143  5.0113540E-02
       54144  5.8332667E-02
       54145  6.6575065E-02
       54146  7.4830189E-02
       54147  8.3093010E-02
       54148  9.1360904E-02
       54149  9.9632397E-02
       54150  0.1079065    
       54151  0.1161827    
       54152  0.1244603    
       54153  0.1327390    
       54154  0.1410185    
       54155  0.1492986    
       54156  0.1575792    
       54157  0.1658599    
       54158  0.1741409    
       54159  0.1824220    
       54160  0.1907031    
       54161  0.1989843    
       54162  0.2072655    
       54163  0.2155466    
       54164  0.2238278    
       54165  0.2321089    
       54166  0.2403899    
       54167  0.2486709    
       54168  0.2569518    
       54169  0.2652327    
       54170  0.2735135    
       54171  0.2817942    
       54172  0.2900749    
       54173  0.2983555    
       54174  0.3066360    
       54175  0.3149164    
       54176  0.3231968    
       54177  0.3314770    
       54178  0.3397572    
       54179  0.3480373    
       54180  0.3563173    
       54181  0.3645972    
       54182  0.3728770    
       54183  0.3811566    
       54184  0.3894362    
       54185  0.3977156    
       54186  0.4059949    
       54187  0.4142740    
       54188  0.4225530    
       54189  0.4308318    
       54190  0.4391104    
       54191  0.4473887    
       54192  0.4556667    
       54193  0.4639443    
       54194  0.4722213    
       54195  0.4804977    
       54196  0.4887731    
       54197  0.4970476    
       54198  0.5053210    
       54199  0.5135932    
       54200  0.5218644    
       54201  0.5301343    
       54202  0.5384025    
       54203  0.5466681    
       54204  0.5549304    
       54205  0.5631897    
       54206  0.5714462    
       54207  0.5796996    
       54208  0.5879495    
       54209  0.5961940    
       54210  0.6044298    
       54211  0.6126503    
       54212  0.6208423    
       54213  0.6289825    
       54214  0.6370277    
       54215  0.6449089    
       54216  0.6525631    
       54217  0.6600237    
       54218  0.6673773    
       54219  0.6746989    
       54220  0.6820399    
       54221  0.6894275    
       54222  0.6968696    
       54223  0.7043645    
       54224  0.7119089    
       54225  0.7194985    
       54226  0.7271295    
       54227  0.7347982    
       54228  0.7425014    
       54229  0.7502361    
       54230  0.7579993    
       54231  0.7657884    
       54232  0.7736008    
       54233  0.7814342    
       54234  0.7892859    
       54235  0.7971537    
       54236  0.8050346    
       54237  0.8129257    
       54238  0.8208236    
       54239  0.8287247    
       54240  0.8366250    
       54241  0.8445199    
       54242  0.8524036    
       54243  0.8602670    
       54244  0.8680934    
       54245  0.8758516    
       54246  0.8834822    
       54247  0.8908830    
       54248  0.8979317    
       54249  0.9045953    
       54250  0.9109848    
       54251  0.9172339    
       54252  0.9234334    
       54253  0.9296373    
       54254  0.9358749    
       54255  0.9421632    
       54256  0.9485133    
       54257  0.9549319    
       54258  0.9614260    
       54259  0.9680002    
       54260  0.9746561    
       54261  0.9813935    
       54262  0.9882097    
       54263  0.9951019    
       54264   1.002067    
       54265   1.009102    
       54266   1.016207    
       54267   1.023379    
       54268   1.030621    
       54269   1.037935    
       54270   1.045318    
       54271   1.052766    
       54272   1.060269    
       54273   1.067821    
       54274   1.075417    
       54275   1.083054    
       54276   1.090729    
       54277   1.098440    
       54278   1.106183    
       54279   1.113956    
       54280   1.121756    
       54281   1.129582    
       54282   1.137431    
       54283   1.145300    
       54284   1.153190    
       54285   1.161097    
       54286   1.169020    
       54287   1.176958    
       54288   1.184910    
       54289   1.192874    
       54290   1.200850    
       54291   1.208837    
       54292   1.216834    
       54293   1.224839    
       54294   1.232853    
       54295   1.240875    
       54296   1.248904    
       54297   1.256940    
       54298   1.264981    
       54299   1.273028    
       54300   1.281080    
       54301   1.289136    
       54302   1.297197    
       54303   1.305262    
       54304   1.313330    
       54305   1.321401    
       54306   1.329474    
       54307   1.337550    
       54308   1.345626    
       54309   1.353701    
       54310   1.361769    
       54311   1.369820    
       54312   1.377829    
       54313   1.385744    
       54314   1.393464    
       54315   1.400835    
       54316   1.407770    
       54317   1.414384    
       54318   1.420841    
       54319   1.427248    
       54320   1.433663    
       54321   1.440113    
       54322   1.446612    
       54323   1.453162    
       54324   1.459764    
       54325   1.466419    
       54326   1.473126    
       54327   1.479885    
       54328   1.486696    
       54329   1.493558    
       54330   1.500472    
       54331   1.507437    
       54332   1.514452    
       54333   1.521517    
       54334   1.528634    
       54335   1.535804    
       54336   1.543026    
       54337   1.550300    
       54338   1.557621    
       54339   1.564983    
       54340   1.572378    
       54341   1.579802    
       54342   1.587249    
       54343   1.594713    
       54344   1.602184    
       54345   1.609649    
       54346   1.617093    
       54347   1.624490    
       54348   1.631804    
       54349   1.638984    
       54350   1.645954    
       54351   1.652611    
       54352   1.658861    
       54353   1.664690    
       54354   1.670190    
       54355   1.675490    
       54356   1.680709    
       54357   1.685939    
       54358   1.691249    
       54359   1.696676    
       54360   1.702239    
       54361   1.707948    
       54362   1.713804    
       54363   1.719799    
       54364   1.725924    
       54365   1.732168    
       54366   1.738526    
       54367   1.744989    
       54368   1.751550    
       54369   1.758202    
       54370   1.764939    
       54371   1.771759    
       54372   1.778657    
       54373   1.785634    
       54374   1.792686    
       54375   1.799812    
       54376   1.807015    
       54377   1.814296    
       54378   1.821658    
       54379   1.829102    
       54380   1.836622    
       54381   1.844208    
       54382   1.851852    
       54383   1.859549    
       54384   1.867294    
       54385   1.875083    
       54386   1.882912    
       54387   1.890777    
       54388   1.898674    
       54389   1.906599    
       54390   1.914550    
       54391   1.922523    
       54392   1.930515    
       54393   1.938526    
       54394   1.946553    
       54395   1.954593    
       54396   1.962647    
       54397   1.970712    
       54398   1.978788    
       54399   1.986873    
       54400   1.994966    
       54401   2.003067    
       54402   2.011175    
       54403   2.019289    
       54404   2.027408    
       54405   2.035532    
       54406   2.043660    
       54407   2.051791    
       54408   2.059925    
       54409   2.068059    
       54410   2.076193    
       54411   2.084324    
       54412   2.092448    
       54413   2.100561    
       54414   2.108654    
       54415   2.116713    
       54416   2.124714    
       54417   2.132610    
