      208693   2.128490    
      208694   2.120532    
      208695   2.112517    
      208696   2.104476    
      208697   2.096422    
      208698   2.088361    
      208699   2.080297    
      208700   2.072231    
      208701   2.064165    
      208702   2.056098    
      208703   2.048033    
      208704   2.039968    
      208705   2.031904    
      208706   2.023843    
      208707   2.015784    
      208708   2.007727    
      208709   1.999674    
      208710   1.991624    
      208711   1.983578    
      208712   1.975536    
      208713   1.967499    
      208714   1.959467    
      208715   1.951441    
      208716   1.943420    
      208717   1.935406    
      208718   1.927399    
      208719   1.919399    
      208720   1.911408    
      208721   1.903425    
      208722   1.895451    
      208723   1.887487    
      208724   1.879534    
      208725   1.871592    
      208726   1.863662    
      208727   1.855746    
      208728   1.847845    
      208729   1.839959    
      208730   1.832091    
      208731   1.824241    
      208732   1.816411    
      208733   1.808605    
      208734   1.800822    
      208735   1.793067    
      208736   1.785340    
      208737   1.777646    
      208738   1.769988    
      208739   1.762370    
      208740   1.754797    
      208741   1.747274    
      208742   1.739808    
      208743   1.732404    
      208744   1.725066    
      208745   1.717795    
      208746   1.710589    
      208747   1.703445    
      208748   1.696353    
      208749   1.689295    
      208750   1.682236    
      208751   1.675116    
      208752   1.667844    
      208753   1.660338    
      208754   1.652607    
      208755   1.644732    
      208756   1.636782    
      208757   1.628794    
      208758   1.620789    
      208759   1.612776    
      208760   1.604760    
      208761   1.596743    
      208762   1.588728    
      208763   1.580717    
      208764   1.572708    
      208765   1.564705    
      208766   1.556706    
      208767   1.548715    
      208768   1.540731    
      208769   1.532757    
      208770   1.524793    
      208771   1.516841    
      208772   1.508903    
      208773   1.500979    
      208774   1.493073    
      208775   1.485185    
      208776   1.477318    
      208777   1.469473    
      208778   1.461653    
      208779   1.453861    
      208780   1.446101    
      208781   1.438375    
      208782   1.430689    
      208783   1.423047    
      208784   1.415457    
      208785   1.407925    
      208786   1.400461    
      208787   1.393073    
      208788   1.385767    
      208789   1.378547    
      208790   1.371416    
      208791   1.364379    
      208792   1.357443    
      208793   1.350611    
      208794   1.343889    
      208795   1.337278    
      208796   1.330777    
      208797   1.324381    
      208798   1.318085    
      208799   1.311885    
      208800   1.305773    
      208801   1.299741    
      208802   1.293780    
      208803   1.287883    
      208804   1.282038    
      208805   1.276227    
      208806   1.270406    
      208807   1.264489    
      208808   1.258332    
      208809   1.251765    
      208810   1.244755    
      208811   1.237428    
      208812   1.229921    
      208813   1.222318    
      208814   1.214666    
      208815   1.206988    
      208816   1.199299    
      208817   1.191609    
      208818   1.183924    
      208819   1.176248    
      208820   1.168585    
      208821   1.160940    
      208822   1.153316    
      208823   1.145715    
      208824   1.138142    
      208825   1.130598    
      208826   1.123088    
      208827   1.115617    
      208828   1.108188    
      208829   1.100807    
      208830   1.093479    
      208831   1.086206    
      208832   1.078991    
      208833   1.071835    
      208834   1.064741    
      208835   1.057712    
      208836   1.050751    
      208837   1.043862    
      208838   1.037049    
      208839   1.030317    
      208840   1.023667    
      208841   1.017103    
      208842   1.010627    
      208843   1.004238    
      208844  0.9979356    
      208845  0.9917181    
      208846  0.9855741    
      208847  0.9794710    
      208848  0.9733397    
      208849  0.9670514    
      208850  0.9603962    
      208851  0.9531897    
      208852  0.9455217    
      208853  0.9375942    
      208854  0.9295423    
      208855  0.9214348    
      208856  0.9133036    
      208857  0.9051629    
      208858  0.8970189    
      208859  0.8888741    
      208860  0.8807297    
      208861  0.8725861    
      208862  0.8644437    
      208863  0.8563027    
      208864  0.8481634    
      208865  0.8400259    
      208866  0.8318905    
      208867  0.8237572    
      208868  0.8156266    
      208869  0.8074987    
      208870  0.7993740    
      208871  0.7912527    
      208872  0.7831353    
      208873  0.7750220    
      208874  0.7669132    
      208875  0.7588093    
      208876  0.7507111    
      208877  0.7426190    
      208878  0.7345334    
      208879  0.7264552    
      208880  0.7183850    
      208881  0.7103237    
      208882  0.7022721    
      208883  0.6942313    
      208884  0.6862023    
      208885  0.6781864    
      208886  0.6701849    
      208887  0.6621993    
      208888  0.6542313    
      208889  0.6462827    
      208890  0.6383556    
      208891  0.6304523    
      208892  0.6225752    
      208893  0.6147273    
      208894  0.6069116    
      208895  0.5991315    
      208896  0.5913903    
      208897  0.5836915    
      208898  0.5760388    
      208899  0.5684355    
      208900  0.5608850    
      208901  0.5533900    
      208902  0.5459530    
      208903  0.5385755    
      208904  0.5312588    
      208905  0.5240048    
      208906  0.5168166    
      208907  0.5096980    
      208908  0.5026549    
      208909  0.4956949    
      208910  0.4888279    
      208911  0.4820657    
      208912  0.4754209    
      208913  0.4689065    
      208914  0.4625330    
      208915  0.4563051    
      208916  0.4502191    
      208917  0.4442648    
      208918  0.4384218    
      208919  0.4326600    
      208920  0.4269361    
      208921  0.4211816    
      208922  0.4152951    
      208923  0.4091350    
      208924  0.4025292    
      208925  0.3953950    
      208926  0.3878342    
      208927  0.3800063    
      208928  0.3720265    
      208929  0.3639608    
      208930  0.3558412    
      208931  0.3476837    
      208932  0.3394973    
      208933  0.3312876    
      208934  0.3230587    
      208935  0.3148146    
      208936  0.3065590    
      208937  0.2982953    
      208938  0.2900262    
      208939  0.2817532    
      208940  0.2734775    
      208941  0.2652002    
      208942  0.2569216    
      208943  0.2486421    
      208944  0.2403621    
      208945  0.2320818    
      208946  0.2238011    
      208947  0.2155202    
      208948  0.2072392    
      208949  0.1989581    
      208950  0.1906770    
      208951  0.1823959    
      208952  0.1741148    
      208953  0.1658338    
      208954  0.1575529    
      208955  0.1492723    
      208956  0.1409921    
      208957  0.1327124    
      208958  0.1244335    
      208959  0.1161557    
      208960  0.1078792    
      208961  9.9604607E-02
      208962  9.1332503E-02
      208963  8.3063856E-02
      208964  7.4800231E-02
      208965  6.6544294E-02
      208966  5.8301207E-02
      208967  5.0081693E-02
      208968  4.1909587E-02
      208969  3.3840459E-02
      208970  2.6008260E-02
      208971  1.8740145E-02
      208972  1.2832043E-02
      208973  1.0122992E-02
      208974  1.2804548E-02
      208975  1.8670827E-02
      208976  2.5873242E-02
      208977  3.3605032E-02
      208978  4.1526575E-02
      208979  4.9493670E-02
      208980  5.7443693E-02
      208981  6.5348834E-02
      208982  7.3195234E-02
      208983  8.0969058E-02
      208984  8.8647641E-02
      208985  9.6185699E-02
      208986  0.1035256    
      208987  0.1106251    
      208988  0.1174868    
      208989  0.1241510    
      208990  0.1306731    
      208991  0.1371011    
      208992  0.1434707    
      208993  0.1498055    
      208994  0.1561224    
      208995  0.1624363    
      208996  0.1687626    
      208997  0.1751179    
      208998  0.1815181    
      208999  0.1879764    
      209000  0.1945032    
      209001  0.2011060    
      209002  0.2077889    
      209003  0.2145514    
      209004  0.2213902    
      209005  0.2283025    
      209006  0.2352846    
      209007  0.2423315    
      209008  0.2494382    
      209009  0.2566020    
      209010  0.2638218    
      209011  0.2710962    
      209012  0.2784246    
      209013  0.2858072    
      209014  0.2932436    
      209015  0.3007325    
      209016  0.3082712    
      209017  0.3158565    
      209018  0.3234853    
      209019  0.3311561    
      209020  0.3388674    
      209021  0.3466171    
      209022  0.3544031    
      209023  0.3622229    
      209024  0.3700737    
      209025  0.3779528    
      209026  0.3858576    
      209027  0.3937858    
      209028  0.4017352    
      209029  0.4097037    
      209030  0.4176897    
      209031  0.4256915    
      209032  0.4337077    
      209033  0.4417370    
      209034  0.4497783    
      209035  0.4578304    
      209036  0.4658925    
      209037  0.4739637    
      209038  0.4820431    
      209039  0.4901302    
      209040  0.4982243    
      209041  0.5063248    
      209042  0.5144311    
      209043  0.5225428    
      209044  0.5306594    
      209045  0.5387807    
      209046  0.5469061    
      209047  0.5550355    
      209048  0.5631685    
      209049  0.5713048    
      209050  0.5794441    
      209051  0.5875863    
      209052  0.5957310    
      209053  0.6038782    
      209054  0.6120276    
      209055  0.6201791    
      209056  0.6283324    
      209057  0.6364875    
      209058  0.6446443    
      209059  0.6528023    
      209060  0.6609619    
      209061  0.6691227    
      209062  0.6772845    
      209063  0.6854475    
      209064  0.6936113    
      209065  0.7017760    
      209066  0.7099415    
      209067  0.7181077    
      209068  0.7262745    
      209069  0.7344418    
      209070  0.7426097    
      209071  0.7507780    
      209072  0.7589467    
      209073  0.7671156    
      209074  0.7752848    
      209075  0.7834542    
      209076  0.7916238    
      209077  0.7997936    
      209078  0.8079633    
      209079  0.8161331    
      209080  0.8243030    
      209081  0.8324727    
      209082  0.8406425    
      209083  0.8488121    
      209084  0.8569816    
      209085  0.8651509    
      209086  0.8733200    
      209087  0.8814889    
      209088  0.8896575    
      209089  0.8978257    
      209090  0.9059936    
      209091  0.9141611    
      209092  0.9223281    
      209093  0.9304948    
      209094  0.9386609    
      209095  0.9468265    
      209096  0.9549916    
      209097  0.9631560    
      209098  0.9713198    
      209099  0.9794829    
      209100  0.9876454    
      209101  0.9958072    
