      166057   2.147446    
      166058   2.139382    
      166059   2.131321    
      166060   2.123262    
      166061   2.115206    
      166062   2.107153    
      166063   2.099103    
      166064   2.091056    
      166065   2.083012    
      166066   2.074972    
      166067   2.066936    
      166068   2.058904    
      166069   2.050877    
      166070   2.042854    
      166071   2.034836    
      166072   2.026824    
      166073   2.018816    
      166074   2.010815    
      166075   2.002820    
      166076   1.994831    
      166077   1.986850    
      166078   1.978876    
      166079   1.970911    
      166080   1.962954    
      166081   1.955007    
      166082   1.947069    
      166083   1.939142    
      166084   1.931227    
      166085   1.923324    
      166086   1.915433    
      166087   1.907557    
      166088   1.899697    
      166089   1.891853    
      166090   1.884027    
      166091   1.876219    
      166092   1.868433    
      166093   1.860669    
      166094   1.852928    
      166095   1.845214    
      166096   1.837527    
      166097   1.829871    
      166098   1.822246    
      166099   1.814656    
      166100   1.807101    
      166101   1.799584    
      166102   1.792108    
      166103   1.784675    
      166104   1.777288    
      166105   1.769951    
      166106   1.762662    
      166107   1.755423    
      166108   1.748232    
      166109   1.741087    
      166110   1.733989    
      166111   1.726936    
      166112   1.719930    
      166113   1.712970    
      166114   1.706058    
      166115   1.699195    
      166116   1.692384    
      166117   1.685625    
      166118   1.678922    
      166119   1.672276    
      166120   1.665689    
      166121   1.659158    
      166122   1.652681    
      166123   1.646252    
      166124   1.639866    
      166125   1.633513    
      166126   1.627183    
      166127   1.620849    
      166128   1.614462    
      166129   1.607937    
      166130   1.601140    
      166131   1.593937    
      166132   1.586348    
      166133   1.578517    
      166134   1.570563    
      166135   1.562549    
      166136   1.554508    
      166137   1.546454    
      166138   1.538394    
      166139   1.530330    
      166140   1.522265    
      166141   1.514199    
      166142   1.506132    
      166143   1.498067    
      166144   1.490002    
      166145   1.481938    
      166146   1.473877    
      166147   1.465818    
      166148   1.457761    
      166149   1.449708    
      166150   1.441657    
      166151   1.433611    
      166152   1.425569    
      166153   1.417532    
      166154   1.409500    
      166155   1.401474    
      166156   1.393454    
      166157   1.385440    
      166158   1.377433    
      166159   1.369433    
      166160   1.361441    
      166161   1.353458    
      166162   1.345484    
      166163   1.337520    
      166164   1.329567    
      166165   1.321625    
      166166   1.313696    
      166167   1.305780    
      166168   1.297878    
      166169   1.289992    
      166170   1.282124    
      166171   1.274274    
      166172   1.266445    
      166173   1.258638    
      166174   1.250855    
      166175   1.243100    
      166176   1.235373    
      166177   1.227679    
      166178   1.220021    
      166179   1.212403    
      166180   1.204830    
      166181   1.197307    
      166182   1.189841    
      166183   1.182437    
      166184   1.175099    
      166185   1.167828    
      166186   1.160622    
      166187   1.153477    
      166188   1.146385    
      166189   1.139327    
      166190   1.132268    
      166191   1.125148    
      166192   1.117876    
      166193   1.110371    
      166194   1.102640    
      166195   1.094766    
      166196   1.086815    
      166197   1.078828    
      166198   1.070822    
      166199   1.062809    
      166200   1.054793    
      166201   1.046777    
      166202   1.038762    
      166203   1.030750    
      166204   1.022742    
      166205   1.014738    
      166206   1.006740    
      166207  0.9987482    
      166208  0.9907644    
      166209  0.9827899    
      166210  0.9748260    
      166211  0.9668741    
      166212  0.9589358    
      166213  0.9510126    
      166214  0.9431061    
      166215  0.9352181    
      166216  0.9273506    
      166217  0.9195059    
      166218  0.9116863    
      166219  0.9038948    
      166220  0.8961344    
      166221  0.8884088    
      166222  0.8807224    
      166223  0.8730806    
      166224  0.8654899    
      166225  0.8579580    
      166226  0.8504936    
      166227  0.8431052    
      166228  0.8357991    
      166229  0.8285787    
      166230  0.8214474    
      166231  0.8144103    
      166232  0.8074734    
      166233  0.8006417    
      166234  0.7939191    
      166235  0.7873076    
      166236  0.7808057    
      166237  0.7744092    
      166238  0.7681129    
      166239  0.7619125    
      166240  0.7558004    
      166241  0.7497678    
      166242  0.7438065    
      166243  0.7379084    
      166244  0.7320628    
      166245  0.7262503    
      166246  0.7204277    
      166247  0.7145075    
      166248  0.7083454    
      166249  0.7017726    
      166250  0.6947560    
      166251  0.6874241    
      166252  0.6799127    
      166253  0.6723065    
      166254  0.6646508    
      166255  0.6569701    
      166256  0.6492788    
      166257  0.6415855    
      166258  0.6338969    
      166259  0.6262175    
      166260  0.6185517    
      166261  0.6109031    
      166262  0.6032748    
      166263  0.5956702    
      166264  0.5880920    
      166265  0.5805436    
      166266  0.5730285    
      166267  0.5655509    
      166268  0.5581152    
      166269  0.5507264    
      166270  0.5433888    
      166271  0.5361059    
      166272  0.5288786    
      166273  0.5217063    
      166274  0.5145845    
      166275  0.5075030    
      166276  0.5004433    
      166277  0.4933705    
      166278  0.4862228    
      166279  0.4789072    
      166280  0.4713269    
      166281  0.4634683    
      166282  0.4554232    
      166283  0.4472691    
      166284  0.4390558    
      166285  0.4308106    
      166286  0.4225490    
      166287  0.4142788    
      166288  0.4060042    
      166289  0.3977273    
      166290  0.3894492    
      166291  0.3811706    
      166292  0.3728916    
      166293  0.3646125    
      166294  0.3563333    
      166295  0.3480540    
      166296  0.3397747    
      166297  0.3314953    
      166298  0.3232159    
      166299  0.3149365    
      166300  0.3066569    
      166301  0.2983773    
      166302  0.2900975    
      166303  0.2818177    
      166304  0.2735377    
      166305  0.2652576    
      166306  0.2569773    
      166307  0.2486969    
      166308  0.2404164    
      166309  0.2321357    
      166310  0.2238549    
      166311  0.2155740    
      166312  0.2072930    
      166313  0.1990119    
      166314  0.1907308    
      166315  0.1824496    
      166316  0.1741685    
      166317  0.1658874    
      166318  0.1576065    
      166319  0.1493258    
      166320  0.1410456    
      166321  0.1327658    
      166322  0.1244868    
      166323  0.1162088    
      166324  0.1079322    
      166325  9.9657401E-02
      166326  9.1385007E-02
      166327  8.3115958E-02
      166328  7.4851751E-02
      166329  6.6594988E-02
      166330  5.8350720E-02
      166331  5.0129522E-02
      166332  4.1955046E-02
      166333  3.3882640E-02
      166334  2.6046148E-02
      166335  1.8773096E-02
      166336  1.2861301E-02
      166337  1.0155860E-02
      166338  1.2860036E-02
      166339  1.8769898E-02
      166340  2.6039883E-02
      166341  3.3871606E-02
      166342  4.1936714E-02
      166343  5.0100140E-02
      166344  5.8304667E-02
      166345  6.6524103E-02
      166346  7.4744597E-02
      166347  8.2957245E-02
      166348  9.1154888E-02
      166349  9.9330753E-02
      166350  0.1074782    
      166351  0.1155905    
      166352  0.1236586    
      166353  0.1316694    
      166354  0.1396047    
      166355  0.1474354    
      166356  0.1551078    
      166357  0.1625357    
      166358  0.1696289    
      166359  0.1763532    
      166360  0.1827821    
      166361  0.1890519    
      166362  0.1952778    
      166363  0.2015336    
      166364  0.2078564    
      166365  0.2142606    
      166366  0.2207499    
      166367  0.2273235    
      166368  0.2339789    
      166369  0.2407135    
      166370  0.2475245    
      166371  0.2544069    
      166372  0.2613579    
      166373  0.2683776    
      166374  0.2754665    
      166375  0.2826260    
      166376  0.2898593    
      166377  0.2971706    
      166378  0.3045632    
      166379  0.3120357    
      166380  0.3195812    
      166381  0.3271901    
      166382  0.3348555    
      166383  0.3425723    
      166384  0.3503357    
      166385  0.3581415    
      166386  0.3659852    
      166387  0.3738627    
      166388  0.3817703    
      166389  0.3897046    
      166390  0.3976626    
      166391  0.4056419    
      166392  0.4136401    
      166393  0.4216554    
      166394  0.4296858    
      166395  0.4377300    
      166396  0.4457865    
      166397  0.4538541    
      166398  0.4619318    
      166399  0.4700186    
      166400  0.4781136    
      166401  0.4862160    
      166402  0.4943251    
      166403  0.5024402    
      166404  0.5105605    
      166405  0.5186856    
      166406  0.5268146    
      166407  0.5349468    
      166408  0.5430812    
      166409  0.5512164    
      166410  0.5593511    
      166411  0.5674827    
      166412  0.5756083    
      166413  0.5837229    
      166414  0.5918201    
      166415  0.5998895    
      166416  0.6079164    
      166417  0.6158797    
      166418  0.6237514    
      166419  0.6314974    
      166420  0.6390773    
      166421  0.6464450    
      166422  0.6535609    
      166423  0.6604099    
      166424  0.6670169    
      166425  0.6734431    
      166426  0.6797543    
      166427  0.6860007    
      166428  0.6922131    
      166429  0.6984075    
      166430  0.7045920    
      166431  0.7107712    
      166432  0.7169484    
      166433  0.7231275    
      166434  0.7293139    
      166435  0.7355151    
      166436  0.7417423    
      166437  0.7480093    
      166438  0.7543299    
      166439  0.7607145    
      166440  0.7671714    
      166441  0.7737065    
      166442  0.7803236    
      166443  0.7870237    
      166444  0.7938062    
      166445  0.8006693    
      166446  0.8076103    
      166447  0.8146250    
      166448  0.8217094    
      166449  0.8288616    
      166450  0.8360813    
      166451  0.8433686    
      166452  0.8507254    
      166453  0.8581515    
      166454  0.8656452    
      166455  0.8732021    
      166456  0.8808165    
      166457  0.8884831    
      166458  0.8961986    
      166459  0.9039596    
      166460  0.9117627    
      166461  0.9196045    
      166462  0.9274813    
      166463  0.9353894    
      166464  0.9433256    
      166465  0.9512868    
      166466  0.9592703    
      166467  0.9672736    
      166468  0.9752946    
      166469  0.9833315    
      166470  0.9913826    
      166471  0.9994465    
      166472   1.007522    
      166473   1.015608    
      166474   1.023703    
      166475   1.031806    
      166476   1.039918    
      166477   1.048036    
      166478   1.056160    
      166479   1.064291    
      166480   1.072427    
      166481   1.080567    
      166482   1.088713    
      166483   1.096862    
      166484   1.105015    
      166485   1.113171    
      166486   1.121330    
      166487   1.129493    
      166488   1.137658    
      166489   1.145825    
      166490   1.153995    
      166491   1.162166    
      166492   1.170340    
      166493   1.178515    
      166494   1.186692    
      166495   1.194870    
      166496   1.203049    
      166497   1.211230    
      166498   1.219412    
      166499   1.227595    
      166500   1.235778    
      166501   1.243963    
      166502   1.252148    
      166503   1.260334    
      166504   1.268521    
      166505   1.276708    
      166506   1.284895    
      166507   1.293084    
      166508   1.301272    
      166509   1.309461    
      166510   1.317650    
      166511   1.325840    
      166512   1.334029    
      166513   1.342220    
      166514   1.350410    
      166515   1.358600    
      166516   1.366791    
      166517   1.374981    
      166518   1.383172    
      166519   1.391363    
      166520   1.399554    
      166521   1.407745    
      166522   1.415936    
      166523   1.424127    
      166524   1.432318    
      166525   1.440510    
      166526   1.448701    
      166527   1.456892    
      166528   1.465084    
      166529   1.473275    
      166530   1.481466    
      166531   1.489657    
      166532   1.497849    
      166533   1.506040    
      166534   1.514231    
      166535   1.522422    
      166536   1.530614    
      166537   1.538805    
      166538   1.546996    
      166539   1.555187    
      166540   1.563379    
      166541   1.571570    
