      277135   2.151822    
      277136   2.144131    
      277137   2.136440    
      277138   2.128754    
      277139   2.121078    
      277140   2.113415    
      277141   2.105770    
      277142   2.098146    
      277143   2.090545    
      277144   2.082972    
      277145   2.075428    
      277146   2.067919    
      277147   2.060447    
      277148   2.053019    
      277149   2.045638    
      277150   2.038309    
      277151   2.031036    
      277152   2.023821    
      277153   2.016666    
      277154   2.009572    
      277155   2.002543    
      277156   1.995582    
      277157   1.988694    
      277158   1.981882    
      277159   1.975149    
      277160   1.968499    
      277161   1.961932    
      277162   1.955448    
      277163   1.949036    
      277164   1.942671    
      277165   1.936302    
      277166   1.929831    
      277167   1.923091    
      277168   1.915897    
      277169   1.908257    
      277170   1.900341    
      277171   1.892286    
      277172   1.884165    
      277173   1.876014    
      277174   1.867852    
      277175   1.859685    
      277176   1.851516    
      277177   1.843347    
      277178   1.835178    
      277179   1.827011    
      277180   1.818844    
      277181   1.810678    
      277182   1.802514    
      277183   1.794351    
      277184   1.786190    
      277185   1.778030    
      277186   1.769873    
      277187   1.761717    
      277188   1.753564    
      277189   1.745413    
      277190   1.737265    
      277191   1.729120    
      277192   1.720979    
      277193   1.712842    
      277194   1.704708    
      277195   1.696579    
      277196   1.688455    
      277197   1.680337    
      277198   1.672224    
      277199   1.664118    
      277200   1.656019    
      277201   1.647928    
      277202   1.639846    
      277203   1.631773    
      277204   1.623711    
      277205   1.615661    
      277206   1.607625    
      277207   1.599603    
      277208   1.591597    
      277209   1.583611    
      277210   1.575644    
      277211   1.567701    
      277212   1.559784    
      277213   1.551897    
      277214   1.544042    
      277215   1.536225    
      277216   1.528448    
      277217   1.520717    
      277218   1.513036    
      277219   1.505406    
      277220   1.497833    
      277221   1.490319    
      277222   1.482864    
      277223   1.475470    
      277224   1.468138    
      277225   1.460869    
      277226   1.453666    
      277227   1.446532    
      277228   1.439473    
      277229   1.432497    
      277230   1.425613    
      277231   1.418833    
      277232   1.412169    
      277233   1.405635    
      277234   1.399240    
      277235   1.392990    
      277236   1.386879    
      277237   1.380897    
      277238   1.375024    
      277239   1.369233    
      277240   1.363487    
      277241   1.357738    
      277242   1.351921    
      277243   1.345943    
      277244   1.339690    
      277245   1.333048    
      277246   1.325984    
      277247   1.318561    
      277248   1.310887    
      277249   1.303048    
      277250   1.295103    
      277251   1.287086    
      277252   1.279018    
      277253   1.270912    
      277254   1.262777    
      277255   1.254621    
      277256   1.246449    
      277257   1.238267    
      277258   1.230078    
      277259   1.221884    
      277260   1.213688    
      277261   1.205492    
      277262   1.197294    
      277263   1.189098    
      277264   1.180902    
      277265   1.172708    
      277266   1.164515    
      277267   1.156324    
      277268   1.148136    
      277269   1.139951    
      277270   1.131768    
      277271   1.123590    
      277272   1.115415    
      277273   1.107244    
      277274   1.099079    
      277275   1.090919    
      277276   1.082765    
      277277   1.074618    
      277278   1.066480    
      277279   1.058351    
      277280   1.050232    
      277281   1.042125    
      277282   1.034032    
      277283   1.025955    
      277284   1.017897    
      277285   1.009860    
      277286   1.001849    
      277287  0.9938684    
      277288  0.9859232    
      277289  0.9780211    
      277290  0.9701708    
      277291  0.9623833    
      277292  0.9546714    
      277293  0.9470496    
      277294  0.9395332    
      277295  0.9321369    
      277296  0.9248728    
      277297  0.9177502    
      277298  0.9107761    
      277299  0.9039527    
      277300  0.8972760    
      277301  0.8907378    
      277302  0.8843257    
      277303  0.8780239    
      277304  0.8718146    
      277305  0.8656806    
      277306  0.8596081    
      277307  0.8535873    
      277308  0.8476135    
      277309  0.8416857    
      277310  0.8358047    
      277311  0.8299742    
      277312  0.8241990    
      277313  0.8184854    
      277314  0.8128382    
      277315  0.8072582    
      277316  0.8017373    
      277317  0.7962537    
      277318  0.7907656    
      277319  0.7851985    
      277320  0.7794292    
      277321  0.7732823    
      277322  0.7665875    
      277323  0.7593529    
      277324  0.7517402    
      277325  0.7439023    
      277326  0.7359325    
      277327  0.7278814    
      277328  0.7197764    
      277329  0.7116333    
      277330  0.7034620    
      277331  0.6952691    
      277332  0.6870596    
      277333  0.6788380    
      277334  0.6706074    
      277335  0.6623703    
      277336  0.6541283    
      277337  0.6458825    
      277338  0.6376336    
      277339  0.6293822    
      277340  0.6211286    
      277341  0.6128728    
      277342  0.6046151    
      277343  0.5963554    
      277344  0.5880937    
      277345  0.5798299    
      277346  0.5715640    
      277347  0.5632957    
      277348  0.5550249    
      277349  0.5467515    
      277350  0.5384761    
      277351  0.5301998    
      277352  0.5219229    
      277353  0.5136458    
      277354  0.5053685    
      277355  0.4970909    
      277356  0.4888132    
      277357  0.4805353    
      277358  0.4722572    
      277359  0.4639789    
      277360  0.4557006    
      277361  0.4474220    
      277362  0.4391433    
      277363  0.4308645    
      277364  0.4225855    
      277365  0.4143064    
      277366  0.4060271    
      277367  0.3977478    
      277368  0.3894683    
      277369  0.3811887    
      277370  0.3729090    
      277371  0.3646291    
      277372  0.3563492    
      277373  0.3480692    
      277374  0.3397891    
      277375  0.3315089    
      277376  0.3232286    
      277377  0.3149482    
      277378  0.3066677    
      277379  0.2983871    
      277380  0.2901065    
      277381  0.2818258    
      277382  0.2735450    
      277383  0.2652641    
      277384  0.2569832    
      277385  0.2487022    
      277386  0.2404211    
      277387  0.2321399    
      277388  0.2238588    
      277389  0.2155776    
      277390  0.2072963    
      277391  0.1990150    
      277392  0.1907337    
      277393  0.1824525    
      277394  0.1741712    
      277395  0.1658901    
      277396  0.1576092    
      277397  0.1493285    
      277398  0.1410481    
      277399  0.1327683    
      277400  0.1244893    
      277401  0.1162113    
      277402  0.1079347    
      277403  9.9659875E-02
      277404  9.1387466E-02
      277405  8.3118409E-02
      277406  7.4854165E-02
      277407  6.6597372E-02
      277408  5.8353044E-02
      277409  5.0131764E-02
      277410  4.1957177E-02
      277411  3.3884622E-02
      277412  2.6047930E-02
      277413  1.8774647E-02
      277414  1.2862684E-02
      277415  1.0157422E-02
      277416  1.2862682E-02
      277417  1.8774645E-02
      277418  2.6047925E-02
      277419  3.3884618E-02
      277420  4.1957177E-02
      277421  5.0131768E-02
