      201400   2.109874    
      201401   2.103344    
      201402   2.096867    
      201403   2.090439    
      201404   2.084053    
      201405   2.077700    
      201406   2.071370    
      201407   2.065037    
      201408   2.058650    
      201409   2.052125    
      201410   2.045328    
      201411   2.038125    
      201412   2.030535    
      201413   2.022704    
      201414   2.014750    
      201415   2.006737    
      201416   1.998696    
      201417   1.990642    
      201418   1.982581    
      201419   1.974517    
      201420   1.966452    
      201421   1.958385    
      201422   1.950319    
      201423   1.942253    
      201424   1.934189    
      201425   1.926125    
      201426   1.918064    
      201427   1.910005    
      201428   1.901948    
      201429   1.893895    
      201430   1.885845    
      201431   1.877798    
      201432   1.869756    
      201433   1.861719    
      201434   1.853687    
      201435   1.845661    
      201436   1.837641    
      201437   1.829627    
      201438   1.821620    
      201439   1.813620    
      201440   1.805628    
      201441   1.797645    
      201442   1.789671    
      201443   1.781707    
      201444   1.773754    
      201445   1.765812    
      201446   1.757883    
      201447   1.749967    
      201448   1.742065    
      201449   1.734179    
      201450   1.726311    
      201451   1.718461    
      201452   1.710632    
      201453   1.702825    
      201454   1.695042    
      201455   1.687287    
      201456   1.679560    
      201457   1.671866    
      201458   1.664208    
      201459   1.656590    
      201460   1.649017    
      201461   1.641494    
      201462   1.634028    
      201463   1.626624    
      201464   1.619287    
      201465   1.612016    
      201466   1.604810    
      201467   1.597665    
      201468   1.590573    
      201469   1.583515    
      201470   1.576457    
      201471   1.569337    
      201472   1.562064    
      201473   1.554558    
      201474   1.546827    
      201475   1.538953    
      201476   1.531003    
      201477   1.523015    
      201478   1.515009    
      201479   1.506996    
      201480   1.498980    
      201481   1.490964    
      201482   1.482949    
      201483   1.474937    
      201484   1.466929    
      201485   1.458925    
      201486   1.450927    
      201487   1.442935    
      201488   1.434951    
      201489   1.426977    
      201490   1.419013    
      201491   1.411061    
      201492   1.403123    
      201493   1.395200    
      201494   1.387293    
      201495   1.379405    
      201496   1.371537    
      201497   1.363693    
      201498   1.355873    
      201499   1.348082    
      201500   1.340321    
      201501   1.332596    
      201502   1.324909    
      201503   1.317268    
      201504   1.309677    
      201505   1.302145    
      201506   1.294681    
      201507   1.287293    
      201508   1.279987    
      201509   1.272767    
      201510   1.265636    
      201511   1.258599    
      201512   1.251663    
      201513   1.244832    
      201514   1.238109    
      201515   1.231498    
      201516   1.224997    
      201517   1.218600    
      201518   1.212305    
      201519   1.206105    
      201520   1.199993    
      201521   1.193961    
      201522   1.188000    
      201523   1.182103    
      201524   1.176258    
      201525   1.170447    
      201526   1.164626    
      201527   1.158709    
      201528   1.152552    
      201529   1.145986    
      201530   1.138975    
      201531   1.131648    
      201532   1.124141    
      201533   1.116539    
      201534   1.108886    
      201535   1.101208    
      201536   1.093520    
      201537   1.085830    
      201538   1.078144    
      201539   1.070468    
      201540   1.062806    
      201541   1.055161    
      201542   1.047536    
      201543   1.039936    
      201544   1.032362    
      201545   1.024819    
      201546   1.017309    
      201547   1.009837    
      201548   1.002409    
      201549  0.9950276    
      201550  0.9876989    
      201551  0.9804260    
      201552  0.9732109    
      201553  0.9660552    
      201554  0.9589610    
      201555  0.9519317    
      201556  0.9449707    
      201557  0.9380821    
      201558  0.9312694    
      201559  0.9245365    
      201560  0.9178869    
      201561  0.9113232    
      201562  0.9048469    
      201563  0.8984578    
      201564  0.8921552    
      201565  0.8859376    
      201566  0.8797936    
      201567  0.8736908    
      201568  0.8675601    
      201569  0.8612732    
      201570  0.8546202    
      201571  0.8474165    
      201572  0.8397508    
      201573  0.8318248    
      201574  0.8237745    
      201575  0.8156685    
      201576  0.8075391    
      201577  0.7994003    
      201578  0.7912582    
      201579  0.7831156    
      201580  0.7749734    
      201581  0.7668324    
      201582  0.7586926    
      201583  0.7505546    
      201584  0.7424183    
      201585  0.7342840    
      201586  0.7261520    
      201587  0.7180225    
      201588  0.7098957    
      201589  0.7017720    
      201590  0.6936514    
      201591  0.6855345    
      201592  0.6774216    
      201593  0.6693130    
      201594  0.6612090    
      201595  0.6531100    
      201596  0.6450167    
      201597  0.6369294    
      201598  0.6288487    
      201599  0.6207752    
      201600  0.6127097    
      201601  0.6046528    
      201602  0.5966054    
      201603  0.5885683    
      201604  0.5805427    
      201605  0.5725298    
      201606  0.5645307    
      201607  0.5565470    
      201608  0.5485802    
      201609  0.5406322    
      201610  0.5327052    
      201611  0.5248013    
      201612  0.5169232    
      201613  0.5090739    
      201614  0.5012563    
      201615  0.4934742    
      201616  0.4857308    
      201617  0.4780296    
      201618  0.4703743    
      201619  0.4627682    
      201620  0.4552145    
      201621  0.4477161    
      201622  0.4402752    
      201623  0.4328937    
      201624  0.4255729    
      201625  0.4183148    
      201626  0.4111223    
      201627  0.4039994    
      201628  0.3969517    
      201629  0.3899868    
      201630  0.3831147    
      201631  0.3763468    
      201632  0.3696958    
      201633  0.3631745    
      201634  0.3567931    
      201635  0.3505561    
      201636  0.3444588    
      201637  0.3384895    
      201638  0.3326254    
      201639  0.3268307    
      201640  0.3210483    
      201641  0.3151857    
      201642  0.3091098    
      201643  0.3026467    
      201644  0.2956616    
      201645  0.2882083    
      201646  0.2804487    
      201647  0.2725174    
      201648  0.2644888    
      201649  0.2563992    
      201650  0.2482669    
      201651  0.2401021    
      201652  0.2319111    
      201653  0.2236984    
      201654  0.2154674    
      201655  0.2072215    
      201656  0.1989647    
      201657  0.1906999    
      201658  0.1824297    
      201659  0.1741560    
      201660  0.1658798    
      201661  0.1576022    
      201662  0.1493237    
      201663  0.1410449    
      201664  0.1327661    
      201665  0.1244877    
      201666  0.1162102    
      201667  0.1079338    
      201668  9.9659182E-02
      201669  9.1386914E-02
      201670  8.3117932E-02
      201671  7.4853763E-02
      201672  6.6597000E-02
      201673  5.8352709E-02
      201674  5.0131463E-02
      201675  4.1956894E-02
      201676  3.3884361E-02
      201677  2.6047699E-02
      201678  1.8774452E-02
      201679  1.2862511E-02
      201680  1.0157228E-02
      201681  1.2862354E-02
      201682  1.8774057E-02
      201683  2.6046928E-02
      201684  3.3883005E-02
      201685  4.1954637E-02
      201686  5.0127827E-02
      201687  5.8346990E-02
      201688  6.6588126E-02
      201689  7.4840106E-02
      201690  8.3097033E-02
      201691  9.1354981E-02
      201692  9.9610478E-02
      201693  0.1078596    
      201694  0.1160973    
      201695  0.1243169    
      201696  0.1325095    
      201697  0.1406647    
      201698  0.1487707    
      201699  0.1568152    
      201700  0.1647852    
      201701  0.1726631    
      201702  0.1804160    
      201703  0.1879832    
      201704  0.1952948    
      201705  0.2023118    
      201706  0.2090523    
      201707  0.2155820    
      201708  0.2219758    
      201709  0.2282895    
      201710  0.2345581    
      201711  0.2408002    
      201712  0.2470272    
      201713  0.2532490    
      201714  0.2594755    
      201715  0.2657169    
      201716  0.2719852    
      201717  0.2782938    
      201718  0.2846562    
      201719  0.2910841    
      201720  0.2975870    
      201721  0.3041719    
      201722  0.3108419    
      201723  0.3175962    
      201724  0.3244335    
      201725  0.3313532    
      201726  0.3383507    
      201727  0.3454201    
      201728  0.3525546    
      201729  0.3597476    
      201730  0.3669939    
      201731  0.3742898    
      201732  0.3816332    
      201733  0.3890246    
      201734  0.3964649    
      201735  0.4039546    
      201736  0.4114928    
      201737  0.4190767    
      201738  0.4267040    
      201739  0.4343734    
      201740  0.4420834    
      201741  0.4498321    
      201742  0.4576172    
      201743  0.4654362    
      201744  0.4732864    
      201745  0.4811650    
      201746  0.4890693    
      201747  0.4969971    
      201748  0.5049461    
      201749  0.5129143    
      201750  0.5209000    
      201751  0.5289016    
      201752  0.5369176    
      201753  0.5449468    
      201754  0.5529879    
      201755  0.5610400    
      201756  0.5691020    
      201757  0.5771731    
      201758  0.5852524    
      201759  0.5933394    
      201760  0.6014334    
      201761  0.6095337    
      201762  0.6176400    
      201763  0.6257516    
      201764  0.6338682    
      201765  0.6419895    
      201766  0.6501149    
      201767  0.6582443    
      201768  0.6663771    
      201769  0.6745133    
      201770  0.6826527    
      201771  0.6907948    
      201772  0.6989396    
      201773  0.7070867    
      201774  0.7152361    
      201775  0.7233875    
      201776  0.7315408    
      201777  0.7396958    
      201778  0.7478524    
      201779  0.7560105    
      201780  0.7641701    
      201781  0.7723308    
      201782  0.7804926    
      201783  0.7886555    
      201784  0.7968194    
      201785  0.8049841    
      201786  0.8131496    
      201787  0.8213158    
      201788  0.8294824    
      201789  0.8376498    
      201790  0.8458176    
      201791  0.8539858    
      201792  0.8621544    
      201793  0.8703234    
      201794  0.8784926    
      201795  0.8866621    
      201796  0.8948316    
      201797  0.9030012    
      201798  0.9111710    
      201799  0.9193408    
      201800  0.9275107    
      201801  0.9356805    
      201802  0.9438502    
      201803  0.9520198    
      201804  0.9601892    
      201805  0.9683585    
      201806  0.9765276    
      201807  0.9846964    
      201808  0.9928651    
      201809   1.001033    
      201810   1.009201    
      201811   1.017369    
      201812   1.025536    
      201813   1.033702    
      201814   1.041868    
      201815   1.050034    
      201816   1.058199    
      201817   1.066363    
      201818   1.074527    
      201819   1.082690    
      201820   1.090853    
      201821   1.099014    
