       62441  0.8886924    
       62442  0.8806242    
       62443  0.8725568    
       62444  0.8644904    
       62445  0.8564249    
       62446  0.8483605    
       62447  0.8402973    
       62448  0.8322355    
       62449  0.8241748    
       62450  0.8161158    
       62451  0.8080583    
       62452  0.8000025    
       62453  0.7919486    
       62454  0.7838964    
       62455  0.7758465    
       62456  0.7677987    
       62457  0.7597533    
       62458  0.7517104    
       62459  0.7436701    
       62460  0.7356327    
       62461  0.7275982    
       62462  0.7195669    
       62463  0.7115390    
       62464  0.7035147    
       62465  0.6954942    
       62466  0.6874778    
       62467  0.6794658    
       62468  0.6714583    
       62469  0.6634557    
       62470  0.6554583    
       62471  0.6474665    
       62472  0.6394805    
       62473  0.6315006    
       62474  0.6235274    
       62475  0.6155612    
       62476  0.6076025    
       62477  0.5996518    
       62478  0.5917096    
       62479  0.5837765    
       62480  0.5758530    
       62481  0.5679399    
       62482  0.5600378    
       62483  0.5521476    
       62484  0.5442702    
       62485  0.5364063    
       62486  0.5285572    
       62487  0.5207241    
       62488  0.5129079    
       62489  0.5051101    
       62490  0.4973321    
       62491  0.4895755    
       62492  0.4818420    
       62493  0.4741337    
       62494  0.4664527    
       62495  0.4588015    
       62496  0.4511831    
       62497  0.4436007    
       62498  0.4360583    
       62499  0.4285603    
       62500  0.4211113    
       62501  0.4137156    
       62502  0.4063743    
       62503  0.3990830    
       62504  0.3918305    
       62505  0.3845999    
       62506  0.3773643    
       62507  0.3700818    
       62508  0.3626902    
       62509  0.3551165    
       62510  0.3473101    
       62511  0.3393155    
       62512  0.3311999    
       62513  0.3230130    
       62514  0.3147854    
       62515  0.3065348    
       62516  0.2982714    
       62517  0.2900009    
       62518  0.2817266    
       62519  0.2734502    
       62520  0.2651727    
       62521  0.2568945    
       62522  0.2486161    
       62523  0.2403376    
       62524  0.2320590    
       62525  0.2237805    
       62526  0.2155022    
       62527  0.2072241    
       62528  0.1989462    
       62529  0.1906686    
       62530  0.1823913    
       62531  0.1741143    
       62532  0.1658375    
       62533  0.1575609    
       62534  0.1492846    
       62535  0.1410087    
       62536  0.1327332    
       62537  0.1244584    
       62538  0.1161844    
       62539  0.1079115    
       62540  9.9640235E-02
       62541  9.1371074E-02
       62542  8.3104938E-02
       62543  7.4843310E-02
       62544  6.6588812E-02
       62545  5.8346488E-02
       62546  5.0126903E-02
       62547  4.1953705E-02
       62548  3.3882268E-02
       62549  2.6046427E-02
       62550  1.8773751E-02
       62551  1.2862182E-02
       62552  1.0157121E-02
       62553  1.2862414E-02
       62554  1.8774342E-02
       62555  2.6047576E-02
       62556  3.3884224E-02
       62557  4.1956749E-02
       62558  5.0131314E-02
       62559  5.8352571E-02
       62560  6.6596888E-02
       62561  7.4853674E-02
       62562  8.3117910E-02
       62563  9.1386974E-02
       62564  9.9659368E-02
       62565  0.1079342    
       62566  0.1162108    
       62567  0.1244888    
       62568  0.1327678    
       62569  0.1410476    
       62570  0.1493279    
       62571  0.1576086    
       62572  0.1658896    
       62573  0.1741707    
       62574  0.1824519    
       62575  0.1907332    
       62576  0.1990145    
       62577  0.2072957    
       62578  0.2155770    
       62579  0.2238582    
       62580  0.2321393    
       62581  0.2404205    
       62582  0.2487015    
       62583  0.2569825    
       62584  0.2652634    
       62585  0.2735442    
       62586  0.2818250    
       62587  0.2901056    
       62588  0.2983862    
       62589  0.3066666    
       62590  0.3149468    
       62591  0.3232269    
       62592  0.3315066    
       62593  0.3397861    
       62594  0.3480650    
       62595  0.3563434    
       62596  0.3646210    
       62597  0.3728977    
       62598  0.3811734    
       62599  0.3894482    
       62600  0.3977220    
       62601  0.4059951    
       62602  0.4142674    
       62603  0.4225394    
       62604  0.4308112    
       62605  0.4390829    
       62606  0.4473549    
       62607  0.4556272    
       62608  0.4638996    
       62609  0.4721716    
       62610  0.4804422    
       62611  0.4887096    
       62612  0.4969708    
       62613  0.5052207    
       62614  0.5134493    
       62615  0.5216393    
       62616  0.5297596    
       62617  0.5377598    
       62618  0.5455808    
       62619  0.5532358    
       62620  0.5607939    
       62621  0.5683167    
       62622  0.5758406    
       62623  0.5833837    
       62624  0.5909553    
       62625  0.5985599    
       62626  0.6062000    
       62627  0.6138756    
       62628  0.6215848    
       62629  0.6293250    
       62630  0.6370936    
       62631  0.6448880    
       62632  0.6527058    
       62633  0.6605446    
       62634  0.6684017    
       62635  0.6762748    
       62636  0.6841610    
       62637  0.6920575    
       62638  0.6999608    
       62639  0.7078674    
       62640  0.7157733    
       62641  0.7236743    
       62642  0.7315645    
       62643  0.7394350    
       62644  0.7472701    
       62645  0.7550398    
       62646  0.7626864    
       62647  0.7701096    
       62648  0.7771853    
       62649  0.7838726    
       62650  0.7902772    
       62651  0.7965350    
       62652  0.8027391    
       62653  0.8089454    
       62654  0.8151847    
       62655  0.8214742    
       62656  0.8278250    
       62657  0.8342443    
       62658  0.8407390    
       62659  0.8473135    
       62660  0.8539699    
       62661  0.8607074    
       62662  0.8675239    
       62663  0.8744165    
       62664  0.8813819    
       62665  0.8884174    
       62666  0.8955217    
       62667  0.9026943    
       62668  0.9099367    
       62669  0.9172502    
       62670  0.9246341    
       62671  0.9320821    
       62672  0.9395853    
       62673  0.9471371    
       62674  0.9547334    
       62675  0.9623706    
       62676  0.9700459    
       62677  0.9777565    
       62678  0.9854995    
       62679  0.9932724    
       62680   1.001073    
       62681   1.008898    
       62682   1.016747    
       62683   1.024617    
       62684   1.032506    
       62685   1.040413    
       62686   1.048336    
       62687   1.056275    
       62688   1.064226    
       62689   1.072191    
       62690   1.080167    
       62691   1.088154    
       62692   1.096150    
       62693   1.104156    
       62694   1.112170    
       62695   1.120192    
       62696   1.128221    
       62697   1.136257    
       62698   1.144298    
       62699   1.152345    
       62700   1.160397    
       62701   1.168454    
       62702   1.176514    
       62703   1.184579    
       62704   1.192647    
       62705   1.200718    
       62706   1.208792    
       62707   1.216867    
       62708   1.224943    
       62709   1.233015    
       62710   1.241078    
       62711   1.249116    
       62712   1.257095    
       62713   1.264946    
       62714   1.272541    
       62715   1.279727    
       62716   1.286496    
       62717   1.293010    
       62718   1.299415    
       62719   1.305798    
       62720   1.312203    
       62721   1.318650    
       62722   1.325148    
       62723   1.331697    
       62724   1.338300    
       62725   1.344954    
       62726   1.351661    
       62727   1.358420    
       62728   1.365231    
       62729   1.372093    
       62730   1.379007    
       62731   1.385972    
       62732   1.392987    
       62733   1.400052    
       62734   1.407169    
       62735   1.414339    
       62736   1.421561    
       62737   1.428835    
       62738   1.436157    
       62739   1.443518    
       62740   1.450913    
       62741   1.458337    
       62742   1.465785    
       62743   1.473248    
       62744   1.480719    
       62745   1.488185    
       62746   1.495628    
       62747   1.503025    
       62748   1.510340    
       62749   1.517520    
       62750   1.524489    
       62751   1.531147    
       62752   1.537397    
       62753   1.543226    
       62754   1.548725    
       62755   1.554025    
       62756   1.559244    
       62757   1.564475    
       62758   1.569784    
       62759   1.575212    
       62760   1.580775    
       62761   1.586484    
       62762   1.592339    
       62763   1.598334    
       62764   1.604459    
       62765   1.610704    
       62766   1.617062    
       62767   1.623525    
       62768   1.630085    
       62769   1.636737    
       62770   1.643474    
       62771   1.650294    
       62772   1.657193    
       62773   1.664169    
       62774   1.671221    
       62775   1.678348    
       62776   1.685550    
       62777   1.692831    
       62778   1.700193    
       62779   1.707638    
       62780   1.715158    
       62781   1.722744    
       62782   1.730387    
       62783   1.738084    
       62784   1.745829    
       62785   1.753618    
       62786   1.761447    
       62787   1.769312    
       62788   1.777209    
       62789   1.785135    
       62790   1.793085    
       62791   1.801058    
       62792   1.809051    
       62793   1.817062    
       62794   1.825088    
       62795   1.833129    
       62796   1.841183    
       62797   1.849248    
       62798   1.857323    
       62799   1.865408    
       62800   1.873502    
       62801   1.881603    
       62802   1.889710    
       62803   1.897824    
       62804   1.905943    
       62805   1.914067    
       62806   1.922195    
       62807   1.930327    
       62808   1.938460    
       62809   1.946594    
       62810   1.954728    
       62811   1.962859    
       62812   1.970984    
       62813   1.979098    
       62814   1.987195    
       62815   1.995263    
       62816   2.003289    
       62817   2.011252    
       62818   2.019123    
       62819   2.026868    
       62820   2.034447    
       62821   2.041814    
       62822   2.048929    
       62823   2.055777    
       62824   2.062382    
       62825   2.068808    
       62826   2.075118    
       62827   2.081364    
       62828   2.087574    
       62829   2.093765    
       62830   2.099941    
       62831   2.106098    
       62832   2.112217    
