      252451   2.100091    
      252452   2.092152    
      252453   2.084229    
      252454   2.076322    
      252455   2.068434    
      252456   2.060566    
      252457   2.052721    
      252458   2.044902    
      252459   2.037110    
      252460   2.029350    
      252461   2.021624    
      252462   2.013938    
      252463   2.006296    
      252464   1.998705    
      252465   1.991174    
      252466   1.983709    
      252467   1.976321    
      252468   1.969015    
      252469   1.961795    
      252470   1.954664    
      252471   1.947628    
      252472   1.940691    
      252473   1.933860    
      252474   1.927138    
      252475   1.920527    
      252476   1.914026    
      252477   1.907630    
      252478   1.901334    
      252479   1.895134    
      252480   1.889023    
      252481   1.882991    
      252482   1.877030    
      252483   1.871133    
      252484   1.865288    
      252485   1.859477    
      252486   1.853656    
      252487   1.847739    
      252488   1.841581    
      252489   1.835014    
      252490   1.828003    
      252491   1.820676    
      252492   1.813169    
      252493   1.805566    
      252494   1.797914    
      252495   1.790236    
      252496   1.782548    
      252497   1.774858    
      252498   1.767172    
      252499   1.759496    
      252500   1.751834    
      252501   1.744189    
      252502   1.736564    
      252503   1.728964    
      252504   1.721390    
      252505   1.713847    
      252506   1.706337    
      252507   1.698866    
      252508   1.691437    
      252509   1.684056    
      252510   1.676728    
      252511   1.669455    
      252512   1.662240    
      252513   1.655084    
      252514   1.647991    
      252515   1.640962    
      252516   1.634001    
      252517   1.627113    
      252518   1.620300    
      252519   1.613568    
      252520   1.606918    
      252521   1.600354    
      252522   1.593875    
      252523   1.587478    
      252524   1.581155    
      252525   1.574879    
      252526   1.568597    
      252527   1.562203    
      252528   1.555517    
      252529   1.548349    
      252530   1.540717    
      252531   1.532803    
      252532   1.524747    
      252533   1.516625    
      252534   1.508475    
      252535   1.500313    
      252536   1.492146    
      252537   1.483978    
      252538   1.475809    
      252539   1.467642    
      252540   1.459475    
      252541   1.451309    
      252542   1.443145    
      252543   1.434982    
      252544   1.426820    
      252545   1.418660    
      252546   1.410503    
      252547   1.402347    
      252548   1.394194    
      252549   1.386043    
      252550   1.377895    
      252551   1.369750    
      252552   1.361609    
      252553   1.353471    
      252554   1.345338    
      252555   1.337209    
      252556   1.329084    
      252557   1.320966    
      252558   1.312853    
      252559   1.304747    
      252560   1.296648    
      252561   1.288556    
      252562   1.280474    
      252563   1.272401    
      252564   1.264339    
      252565   1.256289    
      252566   1.248252    
      252567   1.240230    
      252568   1.232225    
      252569   1.224238    
      252570   1.216271    
      252571   1.208328    
      252572   1.200411    
      252573   1.192524    
      252574   1.184669    
      252575   1.176852    
      252576   1.169075    
      252577   1.161344    
      252578   1.153662    
      252579   1.146033    
      252580   1.138460    
      252581   1.130946    
      252582   1.123491    
      252583   1.116097    
      252584   1.108764    
      252585   1.101495    
      252586   1.094291    
      252587   1.087157    
      252588   1.080098    
      252589   1.073122    
      252590   1.066238    
      252591   1.059458    
      252592   1.052794    
      252593   1.046260    
      252594   1.039865    
      252595   1.033614    
      252596   1.027503    
      252597   1.021521    
      252598   1.015648    
      252599   1.009857    
      252600   1.004111    
      252601  0.9983616    
      252602  0.9925436    
      252603  0.9865655    
      252604  0.9803123    
      252605  0.9736701    
      252606  0.9666052    
      252607  0.9591829    
      252608  0.9515080    
      252609  0.9436692    
      252610  0.9357241    
      252611  0.9277074    
      252612  0.9196395    
      252613  0.9115335    
      252614  0.9033985    
      252615  0.8952419    
      252616  0.8870699    
      252617  0.8788877    
      252618  0.8706987    
      252619  0.8625054    
      252620  0.8543097    
      252621  0.8461128    
      252622  0.8379158    
      252623  0.8297191    
      252624  0.8215233    
      252625  0.8133289    
      252626  0.8051362    
      252627  0.7969456    
      252628  0.7887574    
      252629  0.7805719    
      252630  0.7723895    
      252631  0.7642107    
      252632  0.7560358    
      252633  0.7478653    
      252634  0.7396998    
      252635  0.7315398    
      252636  0.7233862    
      252637  0.7152396    
      252638  0.7071012    
      252639  0.6989720    
      252640  0.6908532    
      252641  0.6827465    
      252642  0.6746535    
      252643  0.6665766    
      252644  0.6585182    
      252645  0.6504815    
      252646  0.6424704    
      252647  0.6344893    
      252648  0.6265442    
      252649  0.6186419    
      252650  0.6107914    
      252651  0.6030037    
      252652  0.5952917    
      252653  0.5876697    
      252654  0.5801530    
      252655  0.5727564    
      252656  0.5654918    
      252657  0.5583687    
      252658  0.5513940    
      252659  0.5445697    
      252660  0.5378920    
      252661  0.5313526    
      252662  0.5249390    
      252663  0.5186355    
      252664  0.5124241    
      252665  0.5062875    
      252666  0.5002120    
      252667  0.4941877    
      252668  0.4882096    
      252669  0.4822764    
      252670  0.4763889    
      252671  0.4705503    
      252672  0.4647649    
      252673  0.4590378    
      252674  0.4533720    
      252675  0.4477641    
      252676  0.4421965    
      252677  0.4366249    
      252678  0.4309607    
      252679  0.4250603    
      252680  0.4187211    
      252681  0.4117886    
      252682  0.4043436    
      252683  0.3965744    
      252684  0.3886216    
      252685  0.3805667    
      252686  0.3724503    
      252687  0.3642927    
      252688  0.3561056    
      252689  0.3478957    
      252690  0.3396678    
      252691  0.3314255    
      252692  0.3231719    
      252693  0.3149099    
      252694  0.3066419    
      252695  0.2983698    
      252696  0.2900948    
      252697  0.2818179    
      252698  0.2735397    
      252699  0.2652605    
      252700  0.2569807    
      252701  0.2487005    
      252702  0.2404200    
      252703  0.2321392    
      252704  0.2238583    
      252705  0.2155772    
      252706  0.2072961    
      252707  0.1990148    
      252708  0.1907336    
      252709  0.1824524    
      252710  0.1741711    
      252711  0.1658900    
      252712  0.1576091    
      252713  0.1493284    
      252714  0.1410481    
      252715  0.1327683    
      252716  0.1244893    
      252717  0.1162113    
      252718  0.1079347    
      252719  9.9659875E-02
      252720  9.1387466E-02
      252721  8.3118409E-02
      252722  7.4854165E-02
      252723  6.6597372E-02
      252724  5.8353044E-02
      252725  5.0131764E-02
      252726  4.1957177E-02
      252727  3.3884622E-02
      252728  2.6047930E-02
      252729  1.8774647E-02
      252730  1.2862684E-02
      252731  1.0157422E-02
      252732  1.2862682E-02
      252733  1.8774645E-02
      252734  2.6047925E-02
      252735  3.3884618E-02
      252736  4.1957177E-02
      252737  5.0131768E-02
      252738  5.8353044E-02
      252739  6.6597372E-02
      252740  7.4854173E-02
      252741  8.3118409E-02
      252742  9.1387480E-02
      252743  9.9659875E-02
      252744  0.1079347    
      252745  0.1162113    
      252746  0.1244893    
      252747  0.1327684    
      252748  0.1410481    
      252749  0.1493285    
      252750  0.1576092    
      252751  0.1658901    
      252752  0.1741712    
      252753  0.1824525    
      252754  0.1907337    
      252755  0.1990150    
      252756  0.2072963    
      252757  0.2155775    
      252758  0.2238588    
      252759  0.2321400    
      252760  0.2404211    
      252761  0.2487021    
      252762  0.2569832    
      252763  0.2652641    
      252764  0.2735450    
      252765  0.2818258    
      252766  0.2901065    
      252767  0.2983871    
      252768  0.3066677    
      252769  0.3149481    
      252770  0.3232285    
      252771  0.3315089    
      252772  0.3397891    
      252773  0.3480693    
      252774  0.3563493    
      252775  0.3646292    
      252776  0.3729090    
      252777  0.3811887    
      252778  0.3894683    
      252779  0.3977478    
      252780  0.4060272    
      252781  0.4143064    
