       15961  0.2321399    
       15962  0.2238588    
       15963  0.2155776    
       15964  0.2072963    
       15965  0.1990150    
       15966  0.1907337    
       15967  0.1824525    
       15968  0.1741712    
       15969  0.1658901    
       15970  0.1576092    
       15971  0.1493285    
       15972  0.1410481    
       15973  0.1327683    
       15974  0.1244893    
       15975  0.1162113    
       15976  0.1079347    
       15977  9.9659875E-02
       15978  9.1387466E-02
       15979  8.3118409E-02
       15980  7.4854165E-02
       15981  6.6597372E-02
       15982  5.8353044E-02
       15983  5.0131764E-02
       15984  4.1957177E-02
       15985  3.3884622E-02
       15986  2.6047930E-02
       15987  1.8774647E-02
       15988  1.2862684E-02
       15989  1.0157422E-02
       15990  1.2862682E-02
       15991  1.8774645E-02
       15992  2.6047925E-02
       15993  3.3884618E-02
       15994  4.1957177E-02
       15995  5.0131768E-02
       15996  5.8353044E-02
       15997  6.6597372E-02
       15998  7.4854173E-02
       15999  8.3118409E-02
       16000  9.1387480E-02
       16001  9.9659875E-02
       16002  0.1079347    
       16003  0.1162113    
       16004  0.1244893    
       16005  0.1327684    
       16006  0.1410481    
       16007  0.1493285    
       16008  0.1576092    
       16009  0.1658901    
       16010  0.1741712    
       16011  0.1824525    
       16012  0.1907337    
       16013  0.1990150    
       16014  0.2072963    
       16015  0.2155775    
       16016  0.2238588    
       16017  0.2321400    
       16018  0.2404211    
       16019  0.2487021    
       16020  0.2569832    
       16021  0.2652641    
       16022  0.2735449    
       16023  0.2818257    
       16024  0.2901065    
       16025  0.2983871    
       16026  0.3066677    
       16027  0.3149481    
       16028  0.3232285    
       16029  0.3315088    
       16030  0.3397890    
       16031  0.3480691    
       16032  0.3563491    
       16033  0.3646289    
       16034  0.3729085    
       16035  0.3811880    
       16036  0.3894674    
       16037  0.3977464    
       16038  0.4060251    
       16039  0.4143035    
       16040  0.4225815    
       16041  0.4308592    
       16042  0.4391365    
       16043  0.4474135    
       16044  0.4556901    
       16045  0.4639664    
       16046  0.4722421    
       16047  0.4805173    
       16048  0.4887919    
       16049  0.4970659    
       16050  0.5053391    
       16051  0.5136113    
       16052  0.5218821    
       16053  0.5301505    
       16054  0.5384138    
       16055  0.5466659    
       16056  0.5548959    
       16057  0.5630814    
       16058  0.5711754    
       16059  0.5790858    
       16060  0.5866519    
       16061  0.5937118    
       16062  0.6003045    
       16063  0.6066210    
       16064  0.6128104    
       16065  0.6189609    
       16066  0.6251239    
       16067  0.6313283    
       16068  0.6375876    
       16069  0.6439081    
       16070  0.6502919    
       16071  0.6567409    
       16072  0.6632575    
       16073  0.6698426    
       16074  0.6764966    
       16075  0.6832193    
       16076  0.6900108    
       16077  0.6968716    
       16078  0.7038021    
       16079  0.7108021    
       16080  0.7178711    
       16081  0.7250087    
       16082  0.7322159    
       16083  0.7394947    
       16084  0.7468448    
       16085  0.7542601    
       16086  0.7617320    
       16087  0.7692535    
       16088  0.7768193    
       16089  0.7844253    
       16090  0.7920679    
       16091  0.7997439    
       16092  0.8074505    
       16093  0.8151852    
       16094  0.8229455    
       16095  0.8307294    
       16096  0.8385350    
       16097  0.8463606    
       16098  0.8542046    
       16099  0.8620657    
       16100  0.8699425    
       16101  0.8778339    
       16102  0.8857387    
       16103  0.8936560    
       16104  0.9015848    
       16105  0.9095246    
       16106  0.9174742    
       16107  0.9254333    
       16108  0.9334010    
       16109  0.9413769    
       16110  0.9493602    
       16111  0.9573504    
       16112  0.9653470    
       16113  0.9733493    
       16114  0.9813568    
       16115  0.9893687    
       16116  0.9973843    
       16117   1.005403    
       16118   1.013424    
       16119   1.021446    
       16120   1.029469    
       16121   1.037492    
       16122   1.045514    
       16123   1.053534    
       16124   1.061550    
       16125   1.069559    
       16126   1.077553    
       16127   1.085519    
       16128   1.093426    
       16129   1.101218    
       16130   1.108800    
       16131   1.116094    
       16132   1.123138    
       16133   1.130049    
       16134   1.136926    
       16135   1.143827    
       16136   1.150783    
       16137   1.157810    
       16138   1.164914    
       16139   1.172098    
       16140   1.179365    
       16141   1.186713    
       16142   1.194136    
       16143   1.201621    
       16144   1.209158    
       16145   1.216743    
       16146   1.224369    
       16147   1.232033    
       16148   1.239732    
       16149   1.247462    
       16150   1.255220    
       16151   1.263004    
       16152   1.270811    
       16153   1.278639    
       16154   1.286485    
       16155   1.294348    
       16156   1.302223    
       16157   1.310108    
       16158   1.318000    
       16159   1.325895    
       16160   1.333788    
       16161   1.341676    
       16162   1.349552    
       16163   1.357406    
       16164   1.365221    
       16165   1.372965    
       16166   1.380574    
       16167   1.387945    
       16168   1.394959    
       16169   1.401593    
       16170   1.407963    
       16171   1.414201    
       16172   1.420395    
       16173   1.426595    
       16174   1.432830    
       16175   1.439117    
       16176   1.445466    
       16177   1.451883    
       16178   1.458377    
       16179   1.464950    
       16180   1.471606    
       16181   1.478342    
       16182   1.485158    
       16183   1.492050    
       16184   1.499014    
       16185   1.506049    
       16186   1.513153    
       16187   1.520325    
       16188   1.527567    
       16189   1.534880    
       16190   1.542264    
       16191   1.549711    
       16192   1.557214    
       16193   1.564766    
       16194   1.572362    
       16195   1.579999    
       16196   1.587674    
       16197   1.595384    
       16198   1.603127    
       16199   1.610900    
       16200   1.618700    
       16201   1.626526    
       16202   1.634374    
       16203   1.642244    
       16204   1.650133    
       16205   1.658040    
       16206   1.665963    
       16207   1.673902    
       16208   1.681853    
       16209   1.689818    
       16210   1.697794    
       16211   1.705781    
       16212   1.713777    
       16213   1.721783    
       16214   1.729797    
       16215   1.737819    
       16216   1.745848    
       16217   1.753883    
       16218   1.761925    
       16219   1.769972    
       16220   1.778023    
       16221   1.786080    
       16222   1.794141    
       16223   1.802205    
       16224   1.810273    
       16225   1.818344    
       16226   1.826418    
       16227   1.834495    
       16228   1.842573    
       16229   1.850653    
       16230   1.858735    
       16231   1.866817    
       16232   1.874901    
       16233   1.882984    
       16234   1.891066    
       16235   1.899148    
       16236   1.907226    
       16237   1.915300    
       16238   1.923367    
       16239   1.931422    
       16240   1.939457    
       16241   1.947460    
       16242   1.955418    
       16243   1.963322    
       16244   1.971179    
       16245   1.979004    
       16246   1.986812    
       16247   1.994614    
       16248   2.002416    
       16249   2.010225    
       16250   2.018041    
       16251   2.025869    
       16252   2.033707    
       16253   2.041557    
       16254   2.049418    
       16255   2.057290    
       16256   2.065171    
       16257   2.073063    
       16258   2.080964    
       16259   2.088872    
       16260   2.096787    
       16261   2.104707    
       16262   2.112629    
       16263   2.120549    
       16264   2.128463    
       16265   2.136363    
       16266   2.144238    
       16267   2.152069    
       16268   2.159829    
       16269   2.167462    
