       18201  0.2652641    
       18202  0.2569832    
       18203  0.2487022    
       18204  0.2404211    
       18205  0.2321399    
       18206  0.2238588    
       18207  0.2155776    
       18208  0.2072963    
       18209  0.1990150    
       18210  0.1907337    
       18211  0.1824525    
       18212  0.1741712    
       18213  0.1658901    
       18214  0.1576092    
       18215  0.1493285    
       18216  0.1410481    
       18217  0.1327683    
       18218  0.1244893    
       18219  0.1162113    
       18220  0.1079347    
       18221  9.9659875E-02
       18222  9.1387466E-02
       18223  8.3118409E-02
       18224  7.4854165E-02
       18225  6.6597372E-02
       18226  5.8353044E-02
       18227  5.0131764E-02
       18228  4.1957177E-02
       18229  3.3884622E-02
       18230  2.6047930E-02
       18231  1.8774647E-02
       18232  1.2862684E-02
       18233  1.0157422E-02
       18234  1.2862682E-02
       18235  1.8774645E-02
       18236  2.6047925E-02
       18237  3.3884618E-02
       18238  4.1957177E-02
       18239  5.0131768E-02
       18240  5.8353044E-02
       18241  6.6597372E-02
       18242  7.4854173E-02
       18243  8.3118409E-02
       18244  9.1387480E-02
       18245  9.9659875E-02
       18246  0.1079347    
       18247  0.1162113    
       18248  0.1244893    
       18249  0.1327684    
       18250  0.1410481    
       18251  0.1493285    
       18252  0.1576092    
       18253  0.1658901    
       18254  0.1741712    
       18255  0.1824525    
       18256  0.1907337    
       18257  0.1990150    
       18258  0.2072963    
       18259  0.2155775    
       18260  0.2238588    
       18261  0.2321399    
       18262  0.2404211    
       18263  0.2487021    
       18264  0.2569831    
       18265  0.2652640    
       18266  0.2735449    
       18267  0.2818257    
       18268  0.2901064    
       18269  0.2983870    
       18270  0.3066675    
       18271  0.3149480    
       18272  0.3232283    
       18273  0.3315085    
       18274  0.3397886    
       18275  0.3480685    
       18276  0.3563482    
       18277  0.3646276    
       18278  0.3729068    
       18279  0.3811857    
       18280  0.3894642    
       18281  0.3977424    
       18282  0.4060203    
       18283  0.4142978    
       18284  0.4225751    
       18285  0.4308519    
       18286  0.4391283    
       18287  0.4474041    
       18288  0.4556795    
       18289  0.4639542    
       18290  0.4722282    
       18291  0.4805014    
       18292  0.4887736    
       18293  0.4970443    
       18294  0.5053118    
       18295  0.5135731    
       18296  0.5218204    
       18297  0.5300377    
       18298  0.5381903    
       18299  0.5462097    
       18300  0.5539711    
       18301  0.5612943    
       18302  0.5681072    
       18303  0.5745559    
       18304  0.5808167    
       18305  0.5870039    
       18306  0.5931833    
       18307  0.5993941    
       18308  0.6056560    
       18309  0.6119776    
       18310  0.6183619    
       18311  0.6248114    
       18312  0.6313282    
       18313  0.6379137    
       18314  0.6445679    
       18315  0.6512908    
       18316  0.6580825    
       18317  0.6649435    
       18318  0.6718740    
       18319  0.6788741    
       18320  0.6859431    
       18321  0.6930808    
       18322  0.7002881    
       18323  0.7075670    
       18324  0.7149172    
       18325  0.7223326    
       18326  0.7298045    
       18327  0.7373261    
       18328  0.7448920    
       18329  0.7524980    
       18330  0.7601407    
       18331  0.7678167    
       18332  0.7755233    
       18333  0.7832578    
       18334  0.7910181    
       18335  0.7988020    
       18336  0.8066075    
       18337  0.8144331    
       18338  0.8222772    
       18339  0.8301383    
       18340  0.8380151    
       18341  0.8459065    
       18342  0.8538114    
       18343  0.8617287    
       18344  0.8696576    
       18345  0.8775974    
       18346  0.8855472    
       18347  0.8935062    
       18348  0.9014740    
       18349  0.9094498    
       18350  0.9174331    
       18351  0.9254233    
       18352  0.9334199    
       18353  0.9414222    
       18354  0.9494298    
       18355  0.9574417    
       18356  0.9654573    
       18357  0.9734758    
       18358  0.9814966    
       18359  0.9895187    
       18360  0.9975417    
       18361   1.005565    
       18362   1.013587    
       18363   1.021607    
       18364   1.029623    
       18365   1.037632    
       18366   1.045626    
       18367   1.053592    
       18368   1.061499    
       18369   1.069290    
       18370   1.076872    
       18371   1.084166    
       18372   1.091210    
       18373   1.098122    
       18374   1.104999    
       18375   1.111900    
       18376   1.118856    
       18377   1.125883    
       18378   1.132987    
       18379   1.140171    
       18380   1.147438    
       18381   1.154786    
       18382   1.162209    
       18383   1.169693    
       18384   1.177231    
       18385   1.184815    
       18386   1.192441    
       18387   1.200106    
       18388   1.207804    
       18389   1.215534    
       18390   1.223293    
       18391   1.231077    
       18392   1.238884    
       18393   1.246712    
       18394   1.254558    
       18395   1.262420    
       18396   1.270295    
       18397   1.278180    
       18398   1.286072    
       18399   1.293967    
       18400   1.301860    
       18401   1.309748    
       18402   1.317624    
       18403   1.325478    
       18404   1.333294    
       18405   1.341037    
       18406   1.348647    
       18407   1.356018    
       18408   1.363032    
       18409   1.369665    
       18410   1.376035    
       18411   1.382273    
       18412   1.388467    
       18413   1.394667    
       18414   1.400903    
       18415   1.407189    
       18416   1.413538    
       18417   1.419956    
       18418   1.426449    
       18419   1.433022    
       18420   1.439677    
       18421   1.446414    
       18422   1.453230    
       18423   1.460122    
       18424   1.467086    
       18425   1.474121    
       18426   1.481225    
       18427   1.488397    
       18428   1.495639    
       18429   1.502952    
       18430   1.510335    
       18431   1.517783    
       18432   1.525286    
       18433   1.532838    
       18434   1.540434    
       18435   1.548071    
       18436   1.555746    
       18437   1.563456    
       18438   1.571199    
       18439   1.578972    
       18440   1.586772    
       18441   1.594598    
       18442   1.602446    
       18443   1.610316    
       18444   1.618205    
       18445   1.626112    
       18446   1.634035    
       18447   1.641973    
       18448   1.649925    
       18449   1.657890    
       18450   1.665866    
       18451   1.673853    
       18452   1.681849    
       18453   1.689855    
       18454   1.697869    
       18455   1.705891    
       18456   1.713920    
       18457   1.721956    
       18458   1.729997    
       18459   1.738044    
       18460   1.746096    
       18461   1.754153    
       18462   1.762213    
       18463   1.770278    
       18464   1.778346    
       18465   1.786417    
       18466   1.794491    
       18467   1.802567    
       18468   1.810646    
       18469   1.818726    
       18470   1.826807    
       18471   1.834890    
       18472   1.842973    
       18473   1.851056    
       18474   1.859139    
       18475   1.867220    
       18476   1.875299    
       18477   1.883373    
       18478   1.891439    
       18479   1.899494    
       18480   1.907529    
       18481   1.915532    
       18482   1.923490    
       18483   1.931393    
       18484   1.939249    
       18485   1.947074    
       18486   1.954881    
       18487   1.962682    
       18488   1.970484    
       18489   1.978291    
       18490   1.986107    
       18491   1.993934    
       18492   2.001771    
       18493   2.009620    
       18494   2.017481    
       18495   2.025352    
       18496   2.033235    
       18497   2.041127    
       18498   2.049027    
       18499   2.056936    
       18500   2.064852    
       18501   2.072772    
       18502   2.080694    
       18503   2.088615    
       18504   2.096530    
       18505   2.104431    
       18506   2.112308    
       18507   2.120147    
       18508   2.127924    
       18509   2.135604    
       18510   2.143123    
       18511   2.150370    
       18512   2.157175    
       18513   2.163366    
