      146441   2.020284    
      146442   2.012215    
      146443   2.004146    
      146444   1.996079    
      146445   1.988012    
      146446   1.979946    
      146447   1.971882    
      146448   1.963819    
      146449   1.955757    
      146450   1.947696    
      146451   1.939637    
      146452   1.931580    
      146453   1.923524    
      146454   1.915470    
      146455   1.907419    
      146456   1.899369    
      146457   1.891322    
      146458   1.883277    
      146459   1.875234    
      146460   1.867195    
      146461   1.859158    
      146462   1.851125    
      146463   1.843094    
      146464   1.835068    
      146465   1.827044    
      146466   1.819025    
      146467   1.811010    
      146468   1.803000    
      146469   1.794994    
      146470   1.786994    
      146471   1.778998    
      146472   1.771009    
      146473   1.763026    
      146474   1.755049    
      146475   1.747078    
      146476   1.739116    
      146477   1.731161    
      146478   1.723214    
      146479   1.715277    
      146480   1.707349    
      146481   1.699431    
      146482   1.691524    
      146483   1.683629    
      146484   1.675746    
      146485   1.667877    
      146486   1.660022    
      146487   1.652184    
      146488   1.644362    
      146489   1.636559    
      146490   1.628775    
      146491   1.621013    
      146492   1.613274    
      146493   1.605560    
      146494   1.597874    
      146495   1.590217    
      146496   1.582595    
      146497   1.575008    
      146498   1.567463    
      146499   1.559963    
      146500   1.552514    
      146501   1.545121    
      146502   1.537787    
      146503   1.530514    
      146504   1.523298    
      146505   1.516138    
      146506   1.509030    
      146507   1.501970    
      146508   1.494954    
      146509   1.487978    
      146510   1.481035    
      146511   1.474124    
      146512   1.467245    
      146513   1.460397    
      146514   1.453585    
      146515   1.446812    
      146516   1.440084    
      146517   1.433404    
      146518   1.426778    
      146519   1.420210    
      146520   1.413703    
      146521   1.407259    
      146522   1.400875    
      146523   1.394550    
      146524   1.388281    
      146525   1.382060    
      146526   1.375877    
      146527   1.369715    
      146528   1.363541    
      146529   1.357296    
      146530   1.350878    
      146531   1.344132    
      146532   1.336924    
      146533   1.329316    
      146534   1.321472    
      146535   1.313511    
      146536   1.305496    
      146537   1.297456    
      146538   1.289405    
      146539   1.281349    
      146540   1.273291    
      146541   1.265231    
      146542   1.257170    
      146543   1.249111    
      146544   1.241052    
      146545   1.232995    
      146546   1.224940    
      146547   1.216887    
      146548   1.208837    
      146549   1.200790    
      146550   1.192746    
      146551   1.184707    
      146552   1.176672    
      146553   1.168642    
      146554   1.160617    
      146555   1.152598    
      146556   1.144585    
      146557   1.136579    
      146558   1.128579    
      146559   1.120588    
      146560   1.112604    
      146561   1.104629    
      146562   1.096664    
      146563   1.088709    
      146564   1.080764    
      146565   1.072832    
      146566   1.064912    
      146567   1.057006    
      146568   1.049114    
      146569   1.041238    
      146570   1.033380    
      146571   1.025541    
      146572   1.017722    
      146573   1.009925    
      146574   1.002154    
      146575  0.9944083    
      146576  0.9866922    
      146577  0.9790084    
      146578  0.9713602    
      146579  0.9637516    
      146580  0.9561870    
      146581  0.9486719    
      146582  0.9412118    
      146583  0.9338119    
      146584  0.9264753    
      146585  0.9192020    
      146586  0.9119900    
      146587  0.9048356    
      146588  0.8977302    
      146589  0.8906546    
      146590  0.8835746    
      146591  0.8764294    
      146592  0.8691300    
      146593  0.8615988    
      146594  0.8538511    
      146595  0.8459674    
      146596  0.8380119    
      146597  0.8300210    
      146598  0.8220134    
      146599  0.8139982    
      146600  0.8059806    
      146601  0.7979630    
      146602  0.7899470    
      146603  0.7819337    
      146604  0.7739241    
      146605  0.7659191    
      146606  0.7579195    
      146607  0.7499267    
      146608  0.7419416    
      146609  0.7339656    
      146610  0.7260002    
      146611  0.7180468    
      146612  0.7101070    
      146613  0.7021822    
      146614  0.6942739    
      146615  0.6863842    
      146616  0.6785147    
      146617  0.6706679    
      146618  0.6628461    
      146619  0.6550521    
      146620  0.6472890    
      146621  0.6395605    
      146622  0.6318708    
      146623  0.6242253    
      146624  0.6166301    
      146625  0.6090931    
      146626  0.6016227    
      146627  0.5942276    
      146628  0.5869139    
      146629  0.5796853    
      146630  0.5725449    
      146631  0.5654973    
      146632  0.5585482    
      146633  0.5517021    
      146634  0.5449626    
      146635  0.5383304    
      146636  0.5318028    
      146637  0.5253721    
      146638  0.5190247    
      146639  0.5127364    
      146640  0.5064607    
      146641  0.5001214    
      146642  0.4935937    
      146643  0.4867005    
      146644  0.4793099    
      146645  0.4715132    
      146646  0.4634853    
      146647  0.4553417    
      146648  0.4471428    
      146649  0.4389177    
      146650  0.4306796    
      146651  0.4224341    
      146652  0.4141834    
      146653  0.4059286    
      146654  0.3976697    
      146655  0.3894074    
      146656  0.3811418    
      146657  0.3728732    
      146658  0.3646019    
      146659  0.3563284    
      146660  0.3480529    
      146661  0.3397758    
      146662  0.3314977    
      146663  0.3232189    
      146664  0.3149395    
      146665  0.3066596    
      146666  0.2983795    
      146667  0.2900992    
      146668  0.2818187    
      146669  0.2735380    
      146670  0.2652572    
      146671  0.2569764    
      146672  0.2486954    
      146673  0.2404144    
      146674  0.2321333    
      146675  0.2238522    
      146676  0.2155710    
      146677  0.2072898    
      146678  0.1990085    
      146679  0.1907272    
      146680  0.1824460    
      146681  0.1741648    
      146682  0.1658837    
      146683  0.1576028    
      146684  0.1493221    
      146685  0.1410419    
      146686  0.1327621    
      146687  0.1244832    
      146688  0.1162052    
      146689  0.1079287    
      146690  9.9653974E-02
      146691  9.1381729E-02
      146692  8.3112888E-02
      146693  7.4848950E-02
      146694  6.6592522E-02
      146695  5.8348633E-02
      146696  5.0127856E-02
      146697  4.1953817E-02
      146698  3.3881847E-02
      146699  2.6045756E-02
      146700  1.8773060E-02
      146701  1.2861591E-02
      146702  1.0156573E-02
      146703  1.2861648E-02
      146704  1.8773202E-02
      146705  2.6046010E-02
      146706  3.3882238E-02
      146707  4.1954372E-02
      146708  5.0128579E-02
      146709  5.8349520E-02
      146710  6.6593550E-02
      146711  7.4850105E-02
      146712  8.3114132E-02
      146713  9.1383025E-02
      146714  9.9655285E-02
      146715  0.1079300    
      146716  0.1162065    
      146717  0.1244845    
      146718  0.1327635    
      146719  0.1410432    
      146720  0.1493235    
      146721  0.1576041    
      146722  0.1658851    
      146723  0.1741661    
      146724  0.1824473    
      146725  0.1907285    
      146726  0.1990098    
      146727  0.2072910    
      146728  0.2155723    
      146729  0.2238534    
      146730  0.2321345    
      146731  0.2404155    
      146732  0.2486964    
      146733  0.2569771    
      146734  0.2652577    
      146735  0.2735379    
      146736  0.2818179    
      146737  0.2900974    
      146738  0.2983762    
      146739  0.3066540    
      146740  0.3149304    
      146741  0.3232047    
      146742  0.3314760    
      146743  0.3397430    
      146744  0.3480034    
      146745  0.3562548    
      146746  0.3644934    
      146747  0.3727151    
      146748  0.3809146    
      146749  0.3890848    
      146750  0.3972151    
      146751  0.4052873    
      146752  0.4132676    
      146753  0.4210891    
      146754  0.4286333    
      146755  0.4357187    
      146756  0.4421963    
      146757  0.4481632    
      146758  0.4538707    
      146759  0.4595115    
      146760  0.4651997    
      146761  0.4709896    
      146762  0.4769010    
      146763  0.4829377    
      146764  0.4890943    
      146765  0.4953651    
      146766  0.5017447    
      146767  0.5082262    
      146768  0.5148024    
      146769  0.5214670    
      146770  0.5282154    
      146771  0.5350442    
      146772  0.5419509    
      146773  0.5489335    
      146774  0.5559908    
      146775  0.5631220    
      146776  0.5703280    
      146777  0.5776122    
      146778  0.5849779    
      146779  0.5924250    
      146780  0.5999472    
      146781  0.6075349    
      146782  0.6151804    
      146783  0.6228785    
      146784  0.6306249    
      146785  0.6384154    
      146786  0.6462458    
      146787  0.6541121    
      146788  0.6620103    
      146789  0.6699369    
      146790  0.6778886    
      146791  0.6858629    
      146792  0.6938571    
      146793  0.7018691    
      146794  0.7098970    
      146795  0.7179393    
      146796  0.7259943    
      146797  0.7340608    
      146798  0.7421376    
      146799  0.7502238    
      146800  0.7583184    
      146801  0.7664205    
      146802  0.7745293    
      146803  0.7826443    
      146804  0.7907647    
      146805  0.7988896    
      146806  0.8070186    
      146807  0.8151507    
      146808  0.8232850    
      146809  0.8314203    
      146810  0.8395549    
      146811  0.8476865    
      146812  0.8558120    
      146813  0.8639265    
      146814  0.8720235    
      146815  0.8800927    
      146816  0.8881193    
      146817  0.8960822    
      146818  0.9039534    
      146819  0.9116987    
      146820  0.9192775    
      146821  0.9266440    
      146822  0.9337582    
      146823  0.9406055    
      146824  0.9472109    
      146825  0.9536358    
      146826  0.9599460    
      146827  0.9661916    
      146828  0.9724034    
      146829  0.9785973    
      146830  0.9847813    
      146831  0.9909602    
      146832  0.9971370    
      146833   1.003316    
      146834   1.009502    
      146835   1.015703    
      146836   1.021930    
      146837   1.028197    
      146838   1.034517    
      146839   1.040902    
      146840   1.047358    
      146841   1.053893    
      146842   1.060510    
      146843   1.067210    
      146844   1.073993    
      146845   1.080856    
      146846   1.087797    
      146847   1.094811    
      146848   1.101896    
      146849   1.109048    
      146850   1.116268    
      146851   1.123555    
      146852   1.130912    
      146853   1.138337    
      146854   1.145831    
      146855   1.153387    
      146856   1.161001    
      146857   1.168667    
      146858   1.176383    
      146859   1.184143    
      146860   1.191946    
      146861   1.199787    
      146862   1.207664    
      146863   1.215572    
      146864   1.223507    
      146865   1.231468    
      146866   1.239451    
      146867   1.247455    
      146868   1.255475    
      146869   1.263512    
      146870   1.271563    
      146871   1.279627    
      146872   1.287702    
      146873   1.295787    
      146874   1.303882    
      146875   1.311986    
      146876   1.320097    
      146877   1.328215    
      146878   1.336340    
      146879   1.344470    
      146880   1.352606    
      146881   1.360747    
      146882   1.368892    
      146883   1.377041    
      146884   1.385194    
      146885   1.393350    
      146886   1.401509    
      146887   1.409671    
      146888   1.417836    
      146889   1.426003    
      146890   1.434173    
      146891   1.442345    
      146892   1.450518    
      146893   1.458693    
      146894   1.466870    
      146895   1.475048    
      146896   1.483227    
      146897   1.491408    
      146898   1.499590    
      146899   1.507772    
      146900   1.515956    
      146901   1.524141    
      146902   1.532326    
      146903   1.540512    
      146904   1.548698    
      146905   1.556885    
      146906   1.565073    
      146907   1.573261    
      146908   1.581449    
      146909   1.589638    
      146910   1.597827    
      146911   1.606017    
      146912   1.614206    
      146913   1.622396    
      146914   1.630587    
      146915   1.638777    
      146916   1.646967    
      146917   1.655158    
      146918   1.663349    
      146919   1.671539    
      146920   1.679730    
      146921   1.687921    
      146922   1.696112    
      146923   1.704303    
      146924   1.712494    
      146925   1.720685    
      146926   1.728877    
      146927   1.737068    
      146928   1.745259    
      146929   1.753450    
      146930   1.761642    
      146931   1.769833    
      146932   1.778024    
      146933   1.786215    
      146934   1.794407    
      146935   1.802598    
      146936   1.810789    
      146937   1.818980    
      146938   1.827172    
      146939   1.835363    
      146940   1.843554    
      146941   1.851745    
