      149801   2.068776    
      149802   2.060707    
      149803   2.052639    
      149804   2.044571    
      149805   2.036504    
      149806   2.028439    
      149807   2.020374    
      149808   2.012311    
      149809   2.004249    
      149810   1.996189    
      149811   1.988130    
      149812   1.980072    
      149813   1.972017    
      149814   1.963963    
      149815   1.955911    
      149816   1.947862    
      149817   1.939814    
      149818   1.931769    
      149819   1.923727    
      149820   1.915687    
      149821   1.907650    
      149822   1.899617    
      149823   1.891587    
      149824   1.883560    
      149825   1.875537    
      149826   1.867518    
      149827   1.859503    
      149828   1.851492    
      149829   1.843487    
      149830   1.835486    
      149831   1.827491    
      149832   1.819501    
      149833   1.811518    
      149834   1.803541    
      149835   1.795571    
      149836   1.787608    
      149837   1.779653    
      149838   1.771707    
      149839   1.763769    
      149840   1.755841    
      149841   1.747923    
      149842   1.740017    
      149843   1.732121    
      149844   1.724239    
      149845   1.716370    
      149846   1.708515    
      149847   1.700676    
      149848   1.692854    
      149849   1.685051    
      149850   1.677267    
      149851   1.669505    
      149852   1.661766    
      149853   1.654052    
      149854   1.646366    
      149855   1.638710    
      149856   1.631087    
      149857   1.623501    
      149858   1.615955    
      149859   1.608455    
      149860   1.601006    
      149861   1.593613    
      149862   1.586280    
      149863   1.579006    
      149864   1.571790    
      149865   1.564630    
      149866   1.557522    
      149867   1.550462    
      149868   1.543447    
      149869   1.536470    
      149870   1.529528    
      149871   1.522617    
      149872   1.515737    
      149873   1.508890    
      149874   1.502078    
      149875   1.495305    
      149876   1.488577    
      149877   1.481897    
      149878   1.475271    
      149879   1.468702    
      149880   1.462196    
      149881   1.455751    
      149882   1.449368    
      149883   1.443043    
      149884   1.436774    
      149885   1.430552    
      149886   1.424370    
      149887   1.418208    
      149888   1.412034    
      149889   1.405789    
      149890   1.399371    
      149891   1.392625    
      149892   1.385417    
      149893   1.377808    
      149894   1.369964    
      149895   1.362003    
      149896   1.353988    
      149897   1.345948    
      149898   1.337897    
      149899   1.329841    
      149900   1.321782    
      149901   1.313722    
      149902   1.305662    
      149903   1.297602    
      149904   1.289543    
      149905   1.281486    
      149906   1.273430    
      149907   1.265377    
      149908   1.257327    
      149909   1.249280    
      149910   1.241236    
      149911   1.233196    
      149912   1.225161    
      149913   1.217131    
      149914   1.209106    
      149915   1.201086    
      149916   1.193073    
      149917   1.185066    
      149918   1.177066    
      149919   1.169074    
      149920   1.161090    
      149921   1.153115    
      149922   1.145149    
      149923   1.137193    
      149924   1.129247    
      149925   1.121314    
      149926   1.113393    
      149927   1.105485    
      149928   1.097592    
      149929   1.089715    
      149930   1.081855    
      149931   1.074013    
      149932   1.066192    
      149933   1.058393    
      149934   1.050618    
      149935   1.042870    
      149936   1.035151    
      149937   1.027463    
      149938   1.019810    
      149939   1.012197    
      149940   1.004626    
      149941  0.9971052    
      149942  0.9896386    
      149943  0.9822321    
      149944  0.9748895    
      149945  0.9676110    
      149946  0.9603950    
      149947  0.9532377    
      149948  0.9461303    
      149949  0.9390544    
      149950  0.9319757    
      149951  0.9248338    
      149952  0.9175397    
      149953  0.9100147    
      149954  0.9022713    
      149955  0.8943901    
      149956  0.8864360    
      149957  0.8784459    
      149958  0.8704386    
      149959  0.8624237    
      149960  0.8544062    
      149961  0.8463888    
      149962  0.8383730    
      149963  0.8303599    
      149964  0.8223505    
      149965  0.8143457    
      149966  0.8063464    
      149967  0.7983537    
      149968  0.7903689    
      149969  0.7823931    
      149970  0.7744278    
      149971  0.7664746    
      149972  0.7585350    
      149973  0.7506104    
      149974  0.7427024    
      149975  0.7348127    
      149976  0.7269435    
      149977  0.7190969    
      149978  0.7112753    
      149979  0.7034817    
      149980  0.6957189    
      149981  0.6879907    
      149982  0.6803013    
      149983  0.6726563    
      149984  0.6650617    
      149985  0.6575252    
      149986  0.6500555    
      149987  0.6426612    
      149988  0.6353485    
      149989  0.6281207    
      149990  0.6209813    
      149991  0.6139350    
      149992  0.6069873    
      149993  0.6001431    
      149994  0.5934056    
      149995  0.5867762    
      149996  0.5802524    
      149997  0.5738276    
      149998  0.5674908    
      149999  0.5612254    
      150000  0.5549955    
      150001  0.5487410    
      150002  0.5423629    
      150003  0.5357044    
      150004  0.5285810    
      150005  0.5209746    
      150006  0.5130513    
      150007  0.5049604    
      150008  0.4967861    
      150009  0.4885724    
      150010  0.4803400    
      150011  0.4720978    
      150012  0.4638492    
      150013  0.4555960    
      150014  0.4473385    
      150015  0.4390772    
      150016  0.4308126    
      150017  0.4225449    
      150018  0.4142745    
      150019  0.4060017    
      150020  0.3977269    
      150021  0.3894506    
      150022  0.3811731    
      150023  0.3728949    
      150024  0.3646160    
      150025  0.3563368    
      150026  0.3480572    
      150027  0.3397774    
      150028  0.3314974    
      150029  0.3232172    
      150030  0.3149369    
      150031  0.3066565    
      150032  0.2983760    
      150033  0.2900954    
      150034  0.2818148    
      150035  0.2735340    
      150036  0.2652531    
      150037  0.2569723    
      150038  0.2486913    
      150039  0.2404103    
      150040  0.2321292    
      150041  0.2238481    
      150042  0.2155670    
      150043  0.2072858    
      150044  0.1990046    
      150045  0.1907234    
      150046  0.1824422    
      150047  0.1741611    
      150048  0.1658801    
      150049  0.1575993    
      150050  0.1493188    
      150051  0.1410387    
      150052  0.1327592    
      150053  0.1244805    
      150054  0.1162030    
      150055  0.1079268    
      150056  9.9652544E-02
      150057  9.1380753E-02
      150058  8.3112344E-02
      150059  7.4848786E-02
      150060  6.6592686E-02
      150061  5.8349058E-02
      150062  5.0128460E-02
      150063  4.1954517E-02
      150064  3.3882566E-02
      150065  2.6046420E-02
      150066  1.8773613E-02
      150067  1.2862019E-02
      150068  1.0156949E-02
      150069  1.2862161E-02
      150070  1.8773960E-02
      150071  2.6047053E-02
      150072  3.3883572E-02
      150073  4.1955985E-02
      150074  5.0130453E-02
      150075  5.8351636E-02
      150076  6.6595890E-02
      150077  7.4852630E-02
      150078  8.3116829E-02
      150079  9.1385864E-02
      150080  9.9658251E-02
      150081  0.1079331    
      150082  0.1162097    
      150083  0.1244877    
      150084  0.1327667    
      150085  0.1410464    
      150086  0.1493267    
      150087  0.1576074    
      150088  0.1658883    
      150089  0.1741694    
      150090  0.1824505    
      150091  0.1907317    
      150092  0.1990128    
      150093  0.2072938    
      150094  0.2155747    
      150095  0.2238553    
      150096  0.2321357    
      150097  0.2404156    
      150098  0.2486948    
      150099  0.2569730    
      150100  0.2652498    
      150101  0.2735246    
      150102  0.2817964    
      150103  0.2900638    
      150104  0.2983249    
      150105  0.3065770    
      150106  0.3148165    
      150107  0.3230396    
      150108  0.3312410    
      150109  0.3394142    
      150110  0.3475497    
      150111  0.3556323    
      150112  0.3636350    
      150113  0.3715040    
      150114  0.3791353    
      150115  0.3863620    
      150116  0.3930141    
      150117  0.3991194    
      150118  0.4049114    
      150119  0.4105989    
      150120  0.4163108    
      150121  0.4221128    
      150122  0.4280303    
      150123  0.4340699    
      150124  0.4402277    
      150125  0.4464989    
      150126  0.4528782    
      150127  0.4593591    
      150128  0.4659345    
      150129  0.4725984    
      150130  0.4793460    
      150131  0.4861741    
      150132  0.4930800    
      150133  0.5000620    
      150134  0.5071187    
      150135  0.5142494    
      150136  0.5214550    
      150137  0.5287389    
      150138  0.5361043    
      150139  0.5435510    
      150140  0.5510729    
      150141  0.5586604    
      150142  0.5663057    
      150143  0.5740035    
      150144  0.5817496    
      150145  0.5895396    
      150146  0.5973695    
      150147  0.6052351    
      150148  0.6131326    
      150149  0.6210582    
      150150  0.6290090    
      150151  0.6369821    
      150152  0.6449752    
      150153  0.6529860    
      150154  0.6610128    
      150155  0.6690537    
      150156  0.6771075    
      150157  0.6851727    
      150158  0.6932485    
      150159  0.7013335    
      150160  0.7094269    
      150161  0.7175280    
      150162  0.7256359    
      150163  0.7337500    
      150164  0.7418694    
      150165  0.7499937    
      150166  0.7581220    
      150167  0.7662535    
      150168  0.7743872    
      150169  0.7825220    
      150170  0.7906562    
      150171  0.7987875    
      150172  0.8069128    
      150173  0.8150272    
      150174  0.8231242    
      150175  0.8311934    
      150176  0.8392202    
      150177  0.8471835    
      150178  0.8550551    
      150179  0.8628010    
      150180  0.8703805    
      150181  0.8777486    
      150182  0.8848652    
      150183  0.8917148    
      150184  0.8983220    
      150185  0.9047481    
      150186  0.9110592    
      150187  0.9173055    
      150188  0.9235176    
      150189  0.9297118    
      150190  0.9358962    
      150191  0.9420751    
      150192  0.9482522    
      150193  0.9544312    
      150194  0.9606174    
      150195  0.9668186    
      150196  0.9730457    
      150197  0.9793127    
      150198  0.9856331    
      150199  0.9920177    
      150200  0.9984747    
      150201   1.005010    
      150202   1.011627    
      150203   1.018327    
      150204   1.025109    
      150205   1.031972    
      150206   1.038913    
      150207   1.045928    
      150208   1.053012    
      150209   1.060164    
      150210   1.067384    
      150211   1.074672    
      150212   1.082028    
      150213   1.089454    
      150214   1.096947    
      150215   1.104504    
      150216   1.112118    
      150217   1.119785    
      150218   1.127500    
      150219   1.135261    
      150220   1.143064    
      150221   1.150905    
      150222   1.158781    
      150223   1.166689    
      150224   1.174625    
      150225   1.182586    
      150226   1.190570    
      150227   1.198573    
      150228   1.206594    
      150229   1.214630    
      150230   1.222681    
      150231   1.230745    
      150232   1.238820    
      150233   1.246906    
      150234   1.255001    
      150235   1.263104    
      150236   1.271216    
      150237   1.279334    
      150238   1.287459    
      150239   1.295589    
      150240   1.303725    
      150241   1.311865    
      150242   1.320010    
      150243   1.328159    
      150244   1.336312    
      150245   1.344468    
      150246   1.352628    
      150247   1.360790    
      150248   1.368955    
      150249   1.377122    
      150250   1.385292    
      150251   1.393463    
      150252   1.401637    
      150253   1.409812    
      150254   1.417989    
      150255   1.426167    
      150256   1.434346    
      150257   1.442527    
      150258   1.450708    
      150259   1.458891    
      150260   1.467075    
      150261   1.475260    
      150262   1.483445    
      150263   1.491631    
      150264   1.499817    
      150265   1.508004    
      150266   1.516192    
      150267   1.524380    
      150268   1.532568    
      150269   1.540757    
      150270   1.548946    
      150271   1.557136    
      150272   1.565325    
      150273   1.573515    
      150274   1.581705    
      150275   1.589896    
      150276   1.598086    
      150277   1.606277    
      150278   1.614468    
      150279   1.622658    
      150280   1.630849    
      150281   1.639040    
      150282   1.647231    
      150283   1.655422    
      150284   1.663614    
      150285   1.671805    
      150286   1.679996    
      150287   1.688187    
      150288   1.696378    
      150289   1.704569    
      150290   1.712761    
      150291   1.720952    
      150292   1.729143    
      150293   1.737334    
      150294   1.745526    
      150295   1.753717    
      150296   1.761908    
      150297   1.770100    
      150298   1.778291    
      150299   1.786482    
      150300   1.794673    
      150301   1.802865    
