      169423   2.143449    
      169424   2.135402    
      169425   2.127358    
      169426   2.119318    
      169427   2.111282    
      169428   2.103250    
      169429   2.095222    
      169430   2.087199    
      169431   2.079181    
      169432   2.071168    
      169433   2.063161    
      169434   2.055160    
      169435   2.047164    
      169436   2.039176    
      169437   2.031195    
      169438   2.023221    
      169439   2.015256    
      169440   2.007299    
      169441   1.999352    
      169442   1.991414    
      169443   1.983487    
      169444   1.975572    
      169445   1.967669    
      169446   1.959779    
      169447   1.951903    
      169448   1.944042    
      169449   1.936198    
      169450   1.928371    
      169451   1.920564    
      169452   1.912777    
      169453   1.905013    
      169454   1.897273    
      169455   1.889559    
      169456   1.881872    
      169457   1.874216    
      169458   1.866591    
      169459   1.859001    
      169460   1.851446    
      169461   1.843930    
      169462   1.836454    
      169463   1.829021    
      169464   1.821634    
      169465   1.814296    
      169466   1.807007    
      169467   1.799768    
      169468   1.792577    
      169469   1.785432    
      169470   1.778334    
      169471   1.771282    
      169472   1.764276    
      169473   1.757316    
      169474   1.750404    
      169475   1.743541    
      169476   1.736729    
      169477   1.729970    
      169478   1.723267    
      169479   1.716622    
      169480   1.710034    
      169481   1.703504    
      169482   1.697026    
      169483   1.690598    
      169484   1.684211    
      169485   1.677859    
      169486   1.671530    
      169487   1.665196    
      169488   1.658809    
      169489   1.652284    
      169490   1.645487    
      169491   1.638284    
      169492   1.630695    
      169493   1.622864    
      169494   1.614910    
      169495   1.606896    
      169496   1.598855    
      169497   1.590801    
      169498   1.582741    
      169499   1.574677    
      169500   1.566612    
      169501   1.558545    
      169502   1.550479    
      169503   1.542413    
      169504   1.534348    
      169505   1.526285    
      169506   1.518224    
      169507   1.510164    
      169508   1.502108    
      169509   1.494055    
      169510   1.486005    
      169511   1.477958    
      169512   1.469917    
      169513   1.461879    
      169514   1.453847    
      169515   1.445821    
      169516   1.437801    
      169517   1.429787    
      169518   1.421780    
      169519   1.413780    
      169520   1.405788    
      169521   1.397805    
      169522   1.389831    
      169523   1.381867    
      169524   1.373914    
      169525   1.365972    
      169526   1.358042    
      169527   1.350127    
      169528   1.342225    
      169529   1.334339    
      169530   1.326471    
      169531   1.318621    
      169532   1.310792    
      169533   1.302985    
      169534   1.295202    
      169535   1.287446    
      169536   1.279720    
      169537   1.272026    
      169538   1.264368    
      169539   1.256750    
      169540   1.249177    
      169541   1.241654    
      169542   1.234187    
      169543   1.226784    
      169544   1.219446    
      169545   1.212175    
      169546   1.204969    
      169547   1.197824    
      169548   1.190732    
      169549   1.183674    
      169550   1.176615    
      169551   1.169495    
      169552   1.162223    
      169553   1.154717    
      169554   1.146986    
      169555   1.139112    
      169556   1.131162    
      169557   1.123174    
      169558   1.115169    
      169559   1.107156    
      169560   1.099140    
      169561   1.091123    
      169562   1.083109    
      169563   1.075097    
      169564   1.067088    
      169565   1.059085    
      169566   1.051086    
      169567   1.043095    
      169568   1.035111    
      169569   1.027137    
      169570   1.019173    
      169571   1.011221    
      169572   1.003282    
      169573  0.9953594    
      169574  0.9874529    
      169575  0.9795650    
      169576  0.9716975    
      169577  0.9638528    
      169578  0.9560332    
      169579  0.9482417    
      169580  0.9404813    
      169581  0.9327557    
      169582  0.9250694    
      169583  0.9174277    
      169584  0.9098369    
      169585  0.9023050    
      169586  0.8948405    
      169587  0.8874522    
      169588  0.8801463    
      169589  0.8729259    
      169590  0.8657947    
      169591  0.8587577    
      169592  0.8518208    
      169593  0.8449891    
      169594  0.8382666    
      169595  0.8316551    
      169596  0.8251534    
      169597  0.8187568    
      169598  0.8124608    
      169599  0.8062606    
      169600  0.8001487    
      169601  0.7941164    
      169602  0.7881553    
      169603  0.7822573    
      169604  0.7764122    
      169605  0.7706002    
      169606  0.7647786    
      169607  0.7588601    
      169608  0.7527007    
      169609  0.7461318    
      169610  0.7391188    
      169611  0.7317897    
      169612  0.7242806    
      169613  0.7166761    
      169614  0.7090219    
      169615  0.7013427    
      169616  0.6936527    
      169617  0.6859609    
      169618  0.6782737    
      169619  0.6705958    
      169620  0.6629316    
      169621  0.6552844    
      169622  0.6476579    
      169623  0.6400549    
      169624  0.6324787    
      169625  0.6249323    
      169626  0.6174196    
      169627  0.6099445    
      169628  0.6025116    
      169629  0.5951260    
      169630  0.5877923    
      169631  0.5805137    
      169632  0.5732925    
      169633  0.5661300    
      169634  0.5590281    
      169635  0.5519892    
      169636  0.5450146    
      169637  0.5381024    
      169638  0.5312421    
      169639  0.5244120    
      169640  0.5175705    
      169641  0.5106431    
      169642  0.5035101    
      169643  0.4960515    
      169644  0.4882529    
      169645  0.4802309    
      169646  0.4720847    
      169647  0.4638721    
      169648  0.4556262    
      169649  0.4473635    
      169650  0.4390927    
      169651  0.4308178    
      169652  0.4225410    
      169653  0.4142634    
      169654  0.4059852    
      169655  0.3977067    
      169656  0.3894282    
      169657  0.3811495    
      169658  0.3728707    
      169659  0.3645919    
      169660  0.3563129    
      169661  0.3480339    
      169662  0.3397547    
      169663  0.3314754    
      169664  0.3231959    
      169665  0.3149163    
      169666  0.3066365    
      169667  0.2983565    
      169668  0.2900763    
      169669  0.2817961    
      169670  0.2735157    
      169671  0.2652351    
      169672  0.2569545    
      169673  0.2486737    
      169674  0.2403928    
      169675  0.2321118    
      169676  0.2238308    
      169677  0.2155496    
      169678  0.2072684    
      169679  0.1989872    
      169680  0.1907060    
      169681  0.1824247    
      169682  0.1741436    
      169683  0.1658625    
      169684  0.1575816    
      169685  0.1493009    
      169686  0.1410207    
      169687  0.1327409    
      169688  0.1244620    
      169689  0.1161840    
      169690  0.1079075    
      169691  9.9632785E-02
      169692  9.1360524E-02
      169693  8.3091676E-02
      169694  7.4827731E-02
      169695  6.6571340E-02
      169696  5.8327612E-02
      169697  5.0107189E-02
      169698  4.1933805E-02
      169699  3.3862919E-02
      169700  2.6028423E-02
      169701  1.8757679E-02
      169702  1.2847634E-02
      169703  1.0140596E-02
      169704  1.2834467E-02
      169705  1.8724745E-02
      169706  2.5965391E-02
      169707  3.3755943E-02
      169708  4.1764881E-02
      169709  4.9853124E-02
      169710  5.7958908E-02
      169711  6.6051140E-02
      169712  7.4111164E-02
      169713  8.2126103E-02
      169714  9.0084672E-02
      169715  9.7971916E-02
      169716  0.1057684    
      169717  0.1134397    
      169718  0.1209289    
      169719  0.1281754    
      169720  0.1351532    
      169721  0.1418994    
      169722  0.1484974    
      169723  0.1550318    
      169724  0.1615647    
      169725  0.1681347    
      169726  0.1747613    
      169727  0.1814516    
      169728  0.1882060    
      169729  0.1950240    
      169730  0.2019061    
      169731  0.2088531    
      169732  0.2158649    
      169733  0.2229414    
      169734  0.2300827    
      169735  0.2372906    
      169736  0.2445679    
      169737  0.2519177    
      169738  0.2593423    
      169739  0.2668390    
      169740  0.2744012    
      169741  0.2820212    
      169742  0.2896937    
      169743  0.2974145    
      169744  0.3051800    
      169745  0.3129863    
      169746  0.3208295    
      169747  0.3287061    
      169748  0.3366123    
      169749  0.3445452    
      169750  0.3525017    
      169751  0.3604795    
      169752  0.3684763    
      169753  0.3764901    
      169754  0.3845193    
      169755  0.3925623    
      169756  0.4006177    
      169757  0.4086844    
      169758  0.4167612    
      169759  0.4248472    
      169760  0.4329415    
      169761  0.4410432    
      169762  0.4491518    
      169763  0.4572663    
      169764  0.4653863    
      169765  0.4735110    
      169766  0.4816397    
      169767  0.4897715    
      169768  0.4979056    
      169769  0.5060407    
      169770  0.5141752    
      169771  0.5223068    
      169772  0.5304323    
      169773  0.5385470    
      169774  0.5466441    
      169775  0.5547136    
      169776  0.5627406    
      169777  0.5707041    
      169778  0.5785760    
      169779  0.5863222    
      169780  0.5939021    
      169781  0.6012707    
      169782  0.6083879    
      169783  0.6152382    
      169784  0.6218461    
      169785  0.6282730    
      169786  0.6345847    
      169787  0.6408315    
      169788  0.6470441    
      169789  0.6532387    
      169790  0.6594234    
      169791  0.6656027    
      169792  0.6717800    
      169793  0.6779591    
      169794  0.6841455    
      169795  0.6903468    
      169796  0.6965741    
      169797  0.7028413    
      169798  0.7091619    
      169799  0.7155466    
      169800  0.7220036    
      169801  0.7285387    
      169802  0.7351558    
      169803  0.7418562    
      169804  0.7486386    
      169805  0.7555017    
      169806  0.7624428    
      169807  0.7694573    
      169808  0.7765417    
      169809  0.7836939    
      169810  0.7909136    
      169811  0.7982012    
      169812  0.8055578    
      169813  0.8129839    
      169814  0.8204777    
      169815  0.8280346    
      169816  0.8356490    
      169817  0.8433158    
      169818  0.8510314    
      169819  0.8587924    
      169820  0.8665956    
      169821  0.8744375    
      169822  0.8823143    
      169823  0.8902225    
      169824  0.8981588    
      169825  0.9061199    
      169826  0.9141034    
      169827  0.9221067    
      169828  0.9301279    
      169829  0.9381648    
      169830  0.9462159    
      169831  0.9542798    
      169832  0.9623553    
      169833  0.9704410    
      169834  0.9785361    
      169835  0.9866398    
      169836  0.9947512    
      169837   1.002869    
      169838   1.010994    
      169839   1.019125    
      169840   1.027261    
      169841   1.035401    
      169842   1.043547    
      169843   1.051696    
      169844   1.059849    
      169845   1.068005    
      169846   1.076164    
      169847   1.084327    
      169848   1.092492    
      169849   1.100659    
      169850   1.108829    
      169851   1.117000    
      169852   1.125174    
      169853   1.133349    
      169854   1.141526    
      169855   1.149704    
      169856   1.157883    
      169857   1.166064    
      169858   1.174246    
      169859   1.182429    
      169860   1.190612    
      169861   1.198797    
      169862   1.206982    
      169863   1.215168    
      169864   1.223355    
      169865   1.231542    
      169866   1.239730    
      169867   1.247918    
      169868   1.256106    
      169869   1.264295    
      169870   1.272484    
      169871   1.280674    
      169872   1.288864    
      169873   1.297054    
      169874   1.305244    
      169875   1.313434    
      169876   1.321625    
      169877   1.329816    
      169878   1.338006    
      169879   1.346197    
      169880   1.354388    
      169881   1.362579    
      169882   1.370771    
      169883   1.378962    
      169884   1.387153    
      169885   1.395344    
      169886   1.403535    
      169887   1.411727    
      169888   1.419918    
      169889   1.428109    
      169890   1.436301    
      169891   1.444492    
      169892   1.452683    
      169893   1.460874    
      169894   1.469066    
      169895   1.477257    
      169896   1.485448    
      169897   1.493639    
      169898   1.501831    
      169899   1.510022    
      169900   1.518213    
      169901   1.526404    
