      102761   1.435300    
      102762   1.427232    
      102763   1.419163    
      102764   1.411096    
      102765   1.403030    
      102766   1.394965    
      102767   1.386901    
      102768   1.378838    
      102769   1.370776    
      102770   1.362716    
      102771   1.354657    
      102772   1.346600    
      102773   1.338545    
      102774   1.330491    
      102775   1.322440    
      102776   1.314390    
      102777   1.306343    
      102778   1.298298    
      102779   1.290256    
      102780   1.282216    
      102781   1.274180    
      102782   1.266146    
      102783   1.258116    
      102784   1.250089    
      102785   1.242066    
      102786   1.234047    
      102787   1.226032    
      102788   1.218022    
      102789   1.210016    
      102790   1.202016    
      102791   1.194021    
      102792   1.186031    
      102793   1.178048    
      102794   1.170071    
      102795   1.162101    
      102796   1.154138    
      102797   1.146183    
      102798   1.138237    
      102799   1.130299    
      102800   1.122371    
      102801   1.114454    
      102802   1.106547    
      102803   1.098651    
      102804   1.090769    
      102805   1.082900    
      102806   1.075045    
      102807   1.067207    
      102808   1.059385    
      102809   1.051581    
      102810   1.043798    
      102811   1.036035    
      102812   1.028296    
      102813   1.020583    
      102814   1.012896    
      102815   1.005240    
      102816  0.9976172    
      102817  0.9900309    
      102818  0.9824852    
      102819  0.9749851    
      102820  0.9675358    
      102821  0.9601426    
      102822  0.9528089    
      102823  0.9455348    
      102824  0.9383188    
      102825  0.9311583    
      102826  0.9240499    
      102827  0.9169900    
      102828  0.9099740    
      102829  0.9029968    
      102830  0.8960540    
      102831  0.8891429    
      102832  0.8822628    
      102833  0.8754150    
      102834  0.8686024    
      102835  0.8618293    
      102836  0.8551000    
      102837  0.8484195    
      102838  0.8417929    
      102839  0.8352244    
      102840  0.8287171    
      102841  0.8222721    
      102842  0.8158882    
      102843  0.8095627    
      102844  0.8032925    
      102845  0.7970708    
      102846  0.7908866    
      102847  0.7847224    
      102848  0.7785438    
      102849  0.7722890    
      102850  0.7658529    
      102851  0.7590770    
      102852  0.7518353    
      102853  0.7442025    
      102854  0.7363428    
      102855  0.7283720    
      102856  0.7203498    
      102857  0.7123041    
      102858  0.7042476    
      102859  0.6961859    
      102860  0.6881217    
      102861  0.6800564    
      102862  0.6719908    
      102863  0.6639255    
      102864  0.6558611    
      102865  0.6477982    
      102866  0.6397370    
      102867  0.6316779    
      102868  0.6236215    
      102869  0.6155680    
      102870  0.6075178    
      102871  0.5994715    
      102872  0.5914294    
      102873  0.5833918    
      102874  0.5753593    
      102875  0.5673321    
      102876  0.5593106    
      102877  0.5512952    
      102878  0.5432858    
      102879  0.5352825    
      102880  0.5272848    
      102881  0.5192920    
      102882  0.5113033    
      102883  0.5033170    
      102884  0.4953308    
      102885  0.4873406    
      102886  0.4793408    
      102887  0.4713229    
      102888  0.4632755    
      102889  0.4551843    
      102890  0.4470393    
      102891  0.4388483    
      102892  0.4306294    
      102893  0.4223925    
      102894  0.4141435    
      102895  0.4058858    
      102896  0.3976220    
      102897  0.3893538    
      102898  0.3810825    
      102899  0.3728088    
      102900  0.3645335    
      102901  0.3562571    
      102902  0.3479797    
      102903  0.3397016    
      102904  0.3314231    
      102905  0.3231442    
      102906  0.3148650    
      102907  0.3065857    
      102908  0.2983062    
      102909  0.2900266    
      102910  0.2817470    
      102911  0.2734674    
      102912  0.2651879    
      102913  0.2569086    
      102914  0.2486296    
      102915  0.2403510    
      102916  0.2320730    
      102917  0.2237956    
      102918  0.2155190    
      102919  0.2072429    
      102920  0.1989674    
      102921  0.1906922    
      102922  0.1824173    
      102923  0.1741424    
      102924  0.1658672    
      102925  0.1575917    
      102926  0.1493156    
      102927  0.1410390    
      102928  0.1327621    
      102929  0.1244851    
      102930  0.1162084    
      102931  0.1079327    
      102932  9.9658549E-02
      102933  9.1386564E-02
      102934  8.3117783E-02
      102935  7.4853733E-02
      102936  6.6597059E-02
      102937  5.8352813E-02
      102938  5.0131597E-02
      102939  4.1957043E-02
      102940  3.3884510E-02
      102941  2.6047841E-02
      102942  1.8774580E-02
      102943  1.2862628E-02
      102944  1.0157365E-02
      102945  1.2862589E-02
      102946  1.8774481E-02
      102947  2.6047649E-02
      102948  3.3884171E-02
      102949  4.1956469E-02
      102950  5.0130680E-02
      102951  5.8351375E-02
      102952  6.6594832E-02
      102953  7.4850321E-02
      102954  8.3112597E-02
      102955  9.1378719E-02
      102956  9.9646717E-02
      102957  0.1079151    
      102958  0.1161824    
      102959  0.1244477    
      102960  0.1327102    
      102961  0.1409697    
      102962  0.1492263    
      102963  0.1574804    
      102964  0.1657325    
      102965  0.1739830    
      102966  0.1822325    
      102967  0.1904810    
      102968  0.1987285    
      102969  0.2069746    
      102970  0.2152182    
      102971  0.2234567    
      102972  0.2316846    
      102973  0.2398905    
      102974  0.2480522    
      102975  0.2561291    
      102976  0.2640526    
      102977  0.2717271    
      102978  0.2790921    
      102979  0.2862175    
      102980  0.2932135    
      102981  0.3001646    
      102982  0.3071226    
      102983  0.3141156    
      102984  0.3211598    
      102985  0.3282622    
      102986  0.3354246    
      102987  0.3426495    
      102988  0.3499402    
      102989  0.3572986    
      102990  0.3647216    
      102991  0.3722015    
      102992  0.3797307    
      102993  0.3873045    
      102994  0.3949193    
      102995  0.4025725    
      102996  0.4102610    
      102997  0.4179824    
      102998  0.4257340    
      102999  0.4335135    
      103000  0.4413187    
      103001  0.4491476    
      103002  0.4569982    
      103003  0.4648687    
      103004  0.4727575    
      103005  0.4806632    
      103006  0.4885842    
      103007  0.4965196    
      103008  0.5044681    
      103009  0.5124288    
      103010  0.5204006    
      103011  0.5283829    
      103012  0.5363747    
      103013  0.5443753    
      103014  0.5523840    
      103015  0.5604002    
      103016  0.5684234    
      103017  0.5764529    
      103018  0.5844882    
      103019  0.5925288    
      103020  0.6005745    
      103021  0.6086247    
      103022  0.6166790    
      103023  0.6247368    
      103024  0.6327978    
      103025  0.6408612    
      103026  0.6489254    
      103027  0.6569877    
      103028  0.6650413    
      103029  0.6730713    
      103030  0.6810444    
      103031  0.6888899    
      103032  0.6964760    
      103033  0.7036332    
      103034  0.7103361    
      103035  0.7167544    
      103036  0.7230495    
      103037  0.7293167    
      103038  0.7356073    
      103039  0.7419432    
      103040  0.7483308    
      103041  0.7547719    
      103042  0.7612673    
      103043  0.7678164    
      103044  0.7744187    
      103045  0.7810735    
      103046  0.7877805    
      103047  0.7945399    
      103048  0.8013512    
      103049  0.8082142    
      103050  0.8151284    
      103051  0.8220931    
      103052  0.8291082    
      103053  0.8361740    
      103054  0.8432913    
      103055  0.8504610    
      103056  0.8576834    
      103057  0.8649576    
      103058  0.8722789    
      103059  0.8796405    
      103060  0.8870361    
      103061  0.8944604    
      103062  0.9019079    
      103063  0.9093716    
      103064  0.9168426    
      103065  0.9243084    
      103066  0.9317520    
      103067  0.9391489    
      103068  0.9464634    
      103069  0.9536432    
      103070  0.9606123    
      103071  0.9672697    
      103072  0.9735191    
      103073  0.9793473    
      103074  0.9848469    
      103075  0.9901470    
      103076  0.9953655    
      103077   1.000596    
      103078   1.005906    
      103079   1.011333    
      103080   1.016897    
      103081   1.022606    
      103082   1.028461    
      103083   1.034457    
      103084   1.040582    
      103085   1.046826    
      103086   1.053184    
      103087   1.059647    
      103088   1.066208    
      103089   1.072860    
      103090   1.079597    
      103091   1.086417    
      103092   1.093316    
      103093   1.100292    
      103094   1.107344    
      103095   1.114471    
      103096   1.121673    
      103097   1.128954    
      103098   1.136317    
      103099   1.143761    
      103100   1.151281    
      103101   1.158867    
      103102   1.166511    
      103103   1.174207    
      103104   1.181952    
      103105   1.189741    
      103106   1.197571    
      103107   1.205436    
      103108   1.213333    
      103109   1.221258    
      103110   1.229208    
      103111   1.237181    
      103112   1.245174    
      103113   1.253185    
      103114   1.261211    
      103115   1.269252    
      103116   1.277306    
      103117   1.285371    
      103118   1.293447    
      103119   1.301531    
      103120   1.309625    
      103121   1.317726    
      103122   1.325833    
      103123   1.333947    
      103124   1.342067    
      103125   1.350191    
      103126   1.358319    
      103127   1.366450    
      103128   1.374583    
      103129   1.382718    
      103130   1.390852    
      103131   1.398983    
      103132   1.407107    
      103133   1.415221    
      103134   1.423318    
      103135   1.431387    
      103136   1.439413    
      103137   1.447376    
      103138   1.455246    
      103139   1.462992    
      103140   1.470571    
      103141   1.477937    
      103142   1.485052    
      103143   1.491900    
      103144   1.498505    
      103145   1.504931    
      103146   1.511241    
      103147   1.517487    
      103148   1.523699    
      103149   1.529893    
      103150   1.536077    
      103151   1.542256    
      103152   1.548433    
      103153   1.554612    
      103154   1.560798    
      103155   1.566999    
      103156   1.573226    
      103157   1.579493    
      103158   1.585813    
      103159   1.592198    
      103160   1.598654    
      103161   1.605189    
      103162   1.611806    
      103163   1.618506    
      103164   1.625289    
      103165   1.632152    
      103166   1.639093    
      103167   1.646107    
      103168   1.653192    
      103169   1.660344    
      103170   1.667563    
      103171   1.674851    
      103172   1.682207    
      103173   1.689633    
      103174   1.697126    
      103175   1.704683    
      103176   1.712297    
      103177   1.719963    
      103178   1.727678    
      103179   1.735439    
      103180   1.743242    
      103181   1.751083    
      103182   1.758960    
      103183   1.766867    
      103184   1.774803    
      103185   1.782764    
      103186   1.790747    
      103187   1.798750    
      103188   1.806771    
      103189   1.814808    
      103190   1.822859    
      103191   1.830923    
      103192   1.838998    
      103193   1.847084    
      103194   1.855178    
      103195   1.863282    
      103196   1.871393    
      103197   1.879511    
      103198   1.887636    
      103199   1.895766    
      103200   1.903902    
      103201   1.912043    
      103202   1.920188    
      103203   1.928337    
      103204   1.936489    
      103205   1.944646    
      103206   1.952805    
      103207   1.960968    
      103208   1.969132    
      103209   1.977300    
      103210   1.985469    
      103211   1.993641    
      103212   2.001814    
      103213   2.009989    
      103214   2.018166    
      103215   2.026344    
      103216   2.034523    
      103217   2.042704    
      103218   2.050885    
      103219   2.059068    
      103220   2.067250    
      103221   2.075430    
      103222   2.083605    
      103223   2.091763    
      103224   2.099873    
