       81481   1.143153    
       81482   1.135085    
       81483   1.127018    
       81484   1.118952    
       81485   1.110886    
       81486   1.102822    
       81487   1.094759    
       81488   1.086697    
       81489   1.078637    
       81490   1.070578    
       81491   1.062521    
       81492   1.054465    
       81493   1.046411    
       81494   1.038359    
       81495   1.030309    
       81496   1.022262    
       81497   1.014217    
       81498   1.006174    
       81499  0.9981337    
       81500  0.9900963    
       81501  0.9820619    
       81502  0.9740308    
       81503  0.9660031    
       81504  0.9579791    
       81505  0.9499588    
       81506  0.9419426    
       81507  0.9339306    
       81508  0.9259233    
       81509  0.9179209    
       81510  0.9099236    
       81511  0.9019319    
       81512  0.8939461    
       81513  0.8859665    
       81514  0.8779935    
       81515  0.8700275    
       81516  0.8620690    
       81517  0.8541186    
       81518  0.8461767    
       81519  0.8382438    
       81520  0.8303207    
       81521  0.8224080    
       81522  0.8145064    
       81523  0.8066167    
       81524  0.7987397    
       81525  0.7908764    
       81526  0.7830280    
       81527  0.7751955    
       81528  0.7673802    
       81529  0.7595834    
       81530  0.7518064    
       81531  0.7440509    
       81532  0.7363187    
       81533  0.7286118    
       81534  0.7209324    
       81535  0.7132830    
       81536  0.7056667    
       81537  0.6980868    
       81538  0.6905472    
       81539  0.6830528    
       81540  0.6756085    
       81541  0.6682192    
       81542  0.6608880    
       81543  0.6536149    
       81544  0.6463984    
       81545  0.6392356    
       81546  0.6321234    
       81547  0.6250581    
       81548  0.6180353    
       81549  0.6110505    
       81550  0.6040999    
       81551  0.5971809    
       81552  0.5902934    
       81553  0.5834388    
       81554  0.5766197    
       81555  0.5698400    
       81556  0.5631037    
       81557  0.5564151    
       81558  0.5497781    
       81559  0.5431947    
       81560  0.5366616    
       81561  0.5301646    
       81562  0.5236709    
       81563  0.5171250    
       81564  0.5104316    
       81565  0.5034434    
       81566  0.4960358    
       81567  0.4882466    
       81568  0.4802206    
       81569  0.4720677    
       81570  0.4638521    
       81571  0.4556060    
       81572  0.4473453    
       81573  0.4390778    
       81574  0.4308071    
       81575  0.4225347    
       81576  0.4142615    
       81577  0.4059877    
       81578  0.3977134    
       81579  0.3894386    
       81580  0.3811635    
       81581  0.3728878    
       81582  0.3646117    
       81583  0.3563350    
       81584  0.3480578    
       81585  0.3397802    
       81586  0.3315020    
       81587  0.3232234    
       81588  0.3149444    
       81589  0.3066650    
       81590  0.2983852    
       81591  0.2901051    
       81592  0.2818247    
       81593  0.2735442    
       81594  0.2652635    
       81595  0.2569827    
       81596  0.2487018    
       81597  0.2404208    
       81598  0.2321397    
       81599  0.2238585    
       81600  0.2155773    
       81601  0.2072961    
       81602  0.1990148    
       81603  0.1907336    
       81604  0.1824523    
       81605  0.1741711    
       81606  0.1658900    
       81607  0.1576090    
       81608  0.1493283    
       81609  0.1410480    
       81610  0.1327682    
       81611  0.1244892    
       81612  0.1162112    
       81613  0.1079346    
       81614  9.9659786E-02
       81615  9.1387369E-02
       81616  8.3118305E-02
       81617  7.4854068E-02
       81618  6.6597268E-02
       81619  5.8352947E-02
       81620  5.0131679E-02
       81621  4.1957095E-02
       81622  3.3884544E-02
       81623  2.6047859E-02
       81624  1.8774588E-02
       81625  1.2862630E-02
       81626  1.0157362E-02
       81627  1.2862580E-02
       81628  1.8774461E-02
       81629  2.6047613E-02
       81630  3.3884112E-02
       81631  4.1956373E-02
       81632  5.0130527E-02
       81633  5.8351152E-02
       81634  6.6594511E-02
       81635  7.4849904E-02
       81636  8.3112150E-02
       81637  9.1378525E-02
       81638  9.9647492E-02
       81639  0.1079182    
       81640  0.1161899    
       81641  0.1244626    
       81642  0.1327358    
       81643  0.1410095    
       81644  0.1492839    
       81645  0.1575589    
       81646  0.1658348    
       81647  0.1741115    
       81648  0.1823892    
       81649  0.1906676    
       81650  0.1989467    
       81651  0.2072263    
       81652  0.2155062    
       81653  0.2237862    
       81654  0.2320665    
       81655  0.2403467    
       81656  0.2486271    
       81657  0.2569074    
       81658  0.2651878    
       81659  0.2734681    
       81660  0.2817484    
       81661  0.2900287    
       81662  0.2983088    
       81663  0.3065890    
       81664  0.3148691    
       81665  0.3231491    
       81666  0.3314289    
       81667  0.3397085    
       81668  0.3479881    
       81669  0.3562674    
       81670  0.3645464    
       81671  0.3728251    
       81672  0.3811033    
       81673  0.3893808    
       81674  0.3976575    
       81675  0.4059327    
       81676  0.4142061    
       81677  0.4224769    
       81678  0.4307441    
       81679  0.4390067    
       81680  0.4472638    
       81681  0.4555142    
       81682  0.4637557    
       81683  0.4719837    
       81684  0.4801874    
       81685  0.4883425    
       81686  0.4963972    
       81687  0.5042520    
       81688  0.5117499    
       81689  0.5187825    
       81690  0.5254238    
       81691  0.5318236    
       81692  0.5381050    
       81693  0.5443478    
       81694  0.5506021    
       81695  0.5568985    
       81696  0.5632529    
       81697  0.5696743    
       81698  0.5761706    
       81699  0.5827464    
       81700  0.5894039    
       81701  0.5961425    
       81702  0.6029601    
       81703  0.6098534    
       81704  0.6168196    
       81705  0.6238559    
       81706  0.6309609    
       81707  0.6381341    
       81708  0.6453769    
       81709  0.6526910    
       81710  0.6600754    
       81711  0.6675239    
       81712  0.6750273    
       81713  0.6825792    
       81714  0.6901753    
       81715  0.6978123    
       81716  0.7054873    
       81717  0.7131971    
       81718  0.7209393    
       81719  0.7287112    
       81720  0.7365104    
       81721  0.7443346    
       81722  0.7521820    
       81723  0.7600504    
       81724  0.7679380    
       81725  0.7758433    
       81726  0.7837647    
       81727  0.7917011    
       81728  0.7996512    
       81729  0.8076140    
       81730  0.8155884    
       81731  0.8235735    
       81732  0.8315686    
       81733  0.8395727    
       81734  0.8475851    
       81735  0.8556054    
       81736  0.8636327    
       81737  0.8716666    
       81738  0.8797065    
       81739  0.8877518    
       81740  0.8958023    
       81741  0.9038574    
       81742  0.9119166    
       81743  0.9199796    
       81744  0.9280459    
       81745  0.9361151    
       81746  0.9441861    
       81747  0.9522572    
       81748  0.9603245    
       81749  0.9683796    
       81750  0.9764036    
       81751  0.9843546    
       81752  0.9921470    
       81753  0.9996308    
       81754   1.006663    
       81755   1.013290    
       81756   1.019695    
       81757   1.026015    
       81758   1.032327    
       81759   1.038671    
       81760   1.045061    
       81761   1.051503    
       81762   1.057998    
       81763   1.064547    
       81764   1.071149    
       81765   1.077803    
       81766   1.084510    
       81767   1.091270    
       81768   1.098081    
       81769   1.104944    
       81770   1.111857    
       81771   1.118822    
       81772   1.125837    
       81773   1.132902    
       81774   1.140020    
       81775   1.147189    
       81776   1.154412    
       81777   1.161686    
       81778   1.169007    
       81779   1.176368    
       81780   1.183764    
       81781   1.191188    
       81782   1.198635    
       81783   1.206099    
       81784   1.213570    
       81785   1.221036    
       81786   1.228479    
       81787   1.235876    
       81788   1.243191    
       81789   1.250371    
       81790   1.257340    
       81791   1.263997    
       81792   1.270247    
       81793   1.276076    
       81794   1.281576    
       81795   1.286876    
       81796   1.292094    
       81797   1.297325    
       81798   1.302634    
       81799   1.308062    
       81800   1.313625    
       81801   1.319334    
       81802   1.325190    
       81803   1.331185    
       81804   1.337310    
       81805   1.343554    
       81806   1.349912    
       81807   1.356376    
       81808   1.362936    
       81809   1.369588    
       81810   1.376325    
       81811   1.383145    
       81812   1.390044    
       81813   1.397020    
       81814   1.404072    
       81815   1.411199    
       81816   1.418401    
       81817   1.425682    
       81818   1.433044    
       81819   1.440489    
       81820   1.448009    
       81821   1.455594    
       81822   1.463238    
       81823   1.470935    
       81824   1.478680    
       81825   1.486469    
       81826   1.494298    
       81827   1.502164    
       81828   1.510061    
       81829   1.517986    
       81830   1.525936    
       81831   1.533909    
       81832   1.541902    
       81833   1.549913    
       81834   1.557939    
       81835   1.565980    
       81836   1.574034    
       81837   1.582099    
       81838   1.590175    
       81839   1.598259    
       81840   1.606353    
       81841   1.614454    
       81842   1.622561    
       81843   1.630675    
       81844   1.638794    
       81845   1.646918    
       81846   1.655046    
       81847   1.663178    
       81848   1.671311    
       81849   1.679446    
       81850   1.687579    
       81851   1.695710    
       81852   1.703835    
       81853   1.711949    
       81854   1.720046    
       81855   1.728114    
       81856   1.736140    
       81857   1.744103    
       81858   1.751974    
       81859   1.759719    
       81860   1.767298    
       81861   1.774665    
       81862   1.781779    
       81863   1.788627    
       81864   1.795233    
       81865   1.801659    
       81866   1.807969    
       81867   1.814215    
       81868   1.820427    
       81869   1.826621    
       81870   1.832805    
       81871   1.838984    
       81872   1.845161    
       81873   1.851340    
       81874   1.857526    
       81875   1.863727    
       81876   1.869954    
       81877   1.876221    
       81878   1.882541    
       81879   1.888926    
       81880   1.895382    
       81881   1.901917    
       81882   1.908534    
       81883   1.915234    
       81884   1.922017    
       81885   1.928880    
       81886   1.935821    
       81887   1.942835    
       81888   1.949919    
       81889   1.957072    
       81890   1.964291    
       81891   1.971579    
       81892   1.978935    
       81893   1.986361    
       81894   1.993854    
       81895   2.001411    
       81896   2.009025    
       81897   2.016691    
       81898   2.024406    
       81899   2.032167    
       81900   2.039969    
       81901   2.047811    
       81902   2.055685    
       81903   2.063589    
       81904   2.071515    
       81905   2.079448    
       81906   2.087355    
